6,0.02824887413960564,0.8188930305656473,0.5480878904911501,0.9887138615346885,0.6247698251026487,0.3218600735758571,0.05875010382044721,0.8368545510207716,0.615815761059692,0.9864908440533082,0.8062525775027245,0.5317529057493717,0.07372484174367455,0.4254396256704024,0.5592138265997889,0.0667794441673436,0.5507422415631981
"5","0.6234117647058823","0.1458823529411765","0.11094117647058822","0.1148235294117647","1.01","0.01","0.01","0.01","0.01","0.01","0.01","0.175","0.13774193548387098","0.7847826086956522","0.01","0.9496610169491526","0.505"
"3","0.2934117647058823","0.6777647058823529","0.2584705882352941","0.5729411764705882","0.01","0.01","0.01","1.01","0.01","0.01","0.01","0.175","0.13774193548387098","0.7847826086956522","0.01","1.0","0.505"
"5","0.21188235294117647","0.6117647058823529","0.281764705882353","0.604","1.01","0.01","0.01","0.01","0.01","0.01","0.01","0.175","0.13774193548387098","0.7847826086956522","0.026779661016949154","0.01","0.505"
"9","0.5923529411764706","0.6156470588235294","0.7554117647058823","0.6816470588235295","0.01","1.01","0.01","0.01","0.01","0.01","0.01","0.175","0.13774193548387098","0.7847826086956522","0.026779661016949154","0.01","0.505"
"9","0.2390588235294118","0.7088235294117647","0.11870588235294117","0.21576470588235297","0.01","0.01","0.01","0.01","0.01","0.01","1.01","0.175","0.13774193548387098","0.7847826086956522","0.026779661016949154","0.01","0.505"
"0","0.6544705882352941","0.3089411764705882","0.9611764705882353","0.934","0.01","1.01","0.01","0.01","0.01","0.01","0.01","0.175","0.13774193548387098","0.7847826086956522","0.026779661016949154","0.01","0.505"
"9","0.8369411764705883","0.7631764705882352","0.1963529411764706","0.7864705882352941","0.01","0.01","0.01","0.01","0.01","0.01","1.01","0.175","0.13774193548387098","0.7847826086956522","0.026779661016949154","0.01","0.505"
"9","0.3632941176470588","0.9805882352941176","0.464235294117647","0.26623529411764707","0.01","0.01","1.01","0.01","0.01","0.01","0.01","0.175","0.13774193548387098","0.7847826086956522","0.026779661016949154","0.026779661016949154","0.505"
"3","0.9495294117647058","0.7787058823529412","0.49917647058823533","0.6816470588235295","0.01","1.01","0.01","0.01","0.01","0.01","0.01","0.175","0.13774193548387098","0.7847826086956522","0.026779661016949154","0.026779661016949154","0.505"
"6","0.4021176470588235","0.15364705882352944","0.6467058823529412","0.09152941176470587","0.01","0.01","0.01","0.01","1.01","0.01","0.01","0.175","0.13774193548387098","0.7847826086956522","0.026779661016949154","0.026779661016949154","0.505"
"2","0.6234117647058823","0.4021176470588235","0.21964705882352942","0.02164705882352941","0.01","0.01","0.01","0.01","1.01","0.01","0.01","0.175","0.13774193548387098","0.7847826086956522","0.026779661016949154","0.026779661016949154","0.505"
"2","0.6272941176470588","0.9145882352941176","0.3594117647058824","0.7787058823529412","0.01","0.01","0.01","0.01","0.01","1.01","0.01","0.175","0.13774193548387098","0.7847826086956522","0.026779661016949154","0.026779661016949154","0.505"
"1","0.49529411764705883","0.6894117647058824","0.802","0.662235294117647","0.01","1.01","0.01","0.01","0.01","0.01","0.01","0.175","0.13774193548387098","0.7847826086956522","0.026779661016949154","0.043559322033898305","0.505"
"8","0.7554117647058823","0.18082352941176472","0.15364705882352944","0.6661176470588235","0.01","0.01","0.01","0.01","0.01","0.01","1.01","0.175","0.13774193548387098","0.7847826086956522","0.026779661016949154","0.043559322033898305","0.505"
"5","0.8330588235294119","0.0371764705882353","0.1264705882352941","0.42152941176470593","1.01","0.01","0.01","0.01","0.01","0.01","0.01","0.175","0.13774193548387098","0.7847826086956522","0.026779661016949154","0.043559322033898305","0.505"
"2","0.4370588235294118","0.9456470588235294","0.08764705882352941","0.3788235294117647","1.01","0.01","0.01","0.01","0.01","0.01","0.01","0.175","0.13774193548387098","0.7847826086956522","0.026779661016949154","0.060338983050847464","0.505"
"9","0.21188235294117647","0.49529411764705883","1.0","0.5690588235294117","0.01","0.01","0.01","0.01","0.01","0.01","1.01","0.175","0.13774193548387098","0.7847826086956522","0.026779661016949154","0.060338983050847464","0.505"
"3","0.5651764705882353","0.7981176470588235","0.9495294117647058","0.47200000000000003","0.01","0.01","0.01","0.01","0.01","0.01","1.01","0.175","0.13774193548387098","0.7847826086956522","0.026779661016949154","0.060338983050847464","0.505"
"1","0.538","0.5729411764705882","0.9223529411764705","0.6195294117647059","1.01","0.01","0.01","0.01","0.01","0.01","0.01","0.175","0.13774193548387098","0.7847826086956522","0.026779661016949154","0.060338983050847464","0.505"
"3","0.2934117647058823","0.025529411764705884","0.9611764705882353","0.3904705882352941","0.01","1.01","0.01","0.01","0.01","0.01","0.01","0.175","0.13774193548387098","0.7847826086956522","0.026779661016949154","0.0771186440677966","0.505"
"7","0.6855294117647059","0.8641176470588235","0.5302352941176471","0.5108235294117647","1.01","0.01","0.01","0.01","0.01","0.01","0.01","0.175","0.13774193548387098","0.7847826086956522","0.026779661016949154","0.0771186440677966","0.505"
"7","0.39435294117647063","0.8757647058823529","0.09541176470588235","0.9961176470588236","0.01","0.01","1.01","0.01","0.01","0.01","0.01","0.175","0.13774193548387098","0.7847826086956522","0.026779661016949154","0.0771186440677966","0.505"
"4","0.14200000000000002","0.934","0.3594117647058824","0.16141176470588237","0.01","0.01","0.01","0.01","0.01","0.01","1.01","0.175","0.13774193548387098","0.7847826086956522","0.026779661016949154","0.0771186440677966","0.505"
"6","0.9689411764705882","0.06435294117647058","0.9844705882352941","0.3788235294117647","0.01","0.01","0.01","1.01","0.01","0.01","0.01","0.175","0.13774193548387098","0.7847826086956522","0.026779661016949154","0.0771186440677966","0.505"
"9","0.6001176470588235","0.538","0.48364705882352943","0.9805882352941176","0.01","0.01","0.01","0.01","1.01","0.01","0.01","0.175","0.13774193548387098","0.7847826086956522","0.026779661016949154","0.0771186440677966","0.505"
"6","0.9223529411764705","0.4098823529411765","0.10705882352941176","0.16529411764705884","0.01","0.01","0.01","0.01","1.01","0.01","0.01","0.175","0.13774193548387098","0.7847826086956522","0.026779661016949154","0.09389830508474575","0.505"
"9","0.8757647058823529","0.9107058823529411","0.8718823529411764","0.5108235294117647","0.01","0.01","0.01","0.01","0.01","1.01","0.01","0.175","0.13774193548387098","0.7847826086956522","0.026779661016949154","0.09389830508474575","0.505"
"4","0.6272941176470588","0.4137647058823529","0.7049411764705882","0.7864705882352941","0.01","0.01","0.01","0.01","0.01","1.01","0.01","0.175","0.13774193548387098","0.7847826086956522","0.026779661016949154","0.09389830508474575","0.505"
"2","0.7981176470588235","0.6544705882352941","0.5030588235294118","0.4914117647058823","1.01","0.01","0.01","0.01","0.01","0.01","0.01","0.175","0.13774193548387098","0.7847826086956522","0.026779661016949154","0.09389830508474575","0.505"
"0","0.07988235294117646","0.9611764705882353","0.1575294117647059","0.8524705882352941","0.01","0.01","0.01","1.01","0.01","0.01","0.01","0.175","0.13774193548387098","0.7847826086956522","0.026779661016949154","0.09389830508474575","0.505"
"2","0.2584705882352941","0.6505882352941177","0.13811764705882354","0.4137647058823529","0.01","0.01","0.01","0.01","0.01","1.01","0.01","0.175","0.13774193548387098","0.7847826086956522","0.026779661016949154","0.09389830508474575","0.505"
"8","0.49529411764705883","0.9922352941176471","0.4797647058823529","0.1264705882352941","0.01","0.01","0.01","0.01","0.01","0.01","1.01","0.175","0.13774193548387098","0.7847826086956522","0.026779661016949154","0.11067796610169492","0.505"
"5","0.041058823529411766","0.3788235294117647","0.8641176470588235","0.5341176470588236","0.01","0.01","0.01","0.01","0.01","1.01","0.01","0.175","0.13774193548387098","0.7847826086956522","0.026779661016949154","0.11067796610169492","0.505"
"4","0.9029411764705882","0.3283529411764706","0.9262352941176472","1.0","0.01","0.01","0.01","0.01","1.01","0.01","0.01","0.175","0.13774193548387098","0.7847826086956522","0.026779661016949154","0.11067796610169492","0.505"
"1","0.9728235294117646","0.4254117647058824","0.8835294117647059","0.21576470588235297","0.01","0.01","0.01","0.01","0.01","0.01","1.01","0.175","0.13774193548387098","0.7847826086956522","0.026779661016949154","0.11067796610169492","0.505"
"9","0.16529411764705884","0.0371764705882353","0.5147058823529411","0.11094117647058822","0.01","0.01","0.01","0.01","0.01","1.01","0.01","0.175","0.13774193548387098","0.7847826086956522","0.026779661016949154","0.11067796610169492","0.505"
"5","0.01776470588235294","0.736","0.22741176470588237","0.6272941176470588","1.01","0.01","0.01","0.01","0.01","0.01","0.01","0.175","0.13774193548387098","0.7847826086956522","0.026779661016949154","0.12745762711864408","0.505"
"7","0.3283529411764706","0.8641176470588235","0.6156470588235294","0.743764705882353","0.01","1.01","0.01","0.01","0.01","0.01","0.01","0.175","0.13774193548387098","0.7847826086956522","0.026779661016949154","0.12745762711864408","0.505"
"2","0.6001176470588235","0.6272941176470588","0.16529411764705884","0.8990588235294118","0.01","0.01","1.01","0.01","0.01","0.01","0.01","0.175","0.13774193548387098","0.7847826086956522","0.026779661016949154","0.12745762711864408","0.505"
"4","0.5302352941176471","0.029411764705882353","0.2934117647058823","0.20800000000000002","0.01","0.01","0.01","0.01","0.01","0.01","1.01","0.175","0.13774193548387098","0.7847826086956522","0.026779661016949154","0.12745762711864408","0.505"
"8","0.7981176470588235","0.36717647058823527","0.1963529411764706","0.8874117647058823","0.01","0.01","0.01","0.01","0.01","1.01","0.01","0.175","0.13774193548387098","0.7847826086956522","0.026779661016949154","0.12745762711864408","0.505"
"7","0.076","0.05658823529411765","0.8563529411764705","0.24294117647058824","0.01","0.01","0.01","1.01","0.01","0.01","0.01","0.175","0.13774193548387098","0.7847826086956522","0.026779661016949154","0.14423728813559322","0.505"
"7","0.30505882352941177","0.07988235294117646","0.4914117647058823","0.3244705882352941","0.01","0.01","0.01","0.01","1.01","0.01","0.01","0.175","0.13774193548387098","0.7847826086956522","0.026779661016949154","0.14423728813559322","0.505"
"0","0.4021176470588235","0.5147058823529411","0.8408235294117647","0.6661176470588235","1.01","0.01","0.01","0.01","0.01","0.01","0.01","0.175","0.13774193548387098","0.7847826086956522","0.026779661016949154","0.14423728813559322","0.505"
"9","0.6894117647058824","0.8214117647058823","0.3205882352941177","0.604","0.01","0.01","0.01","0.01","0.01","0.01","1.01","0.175","0.13774193548387098","0.7847826086956522","0.026779661016949154","0.14423728813559322","0.505"
"5","0.09929411764705881","0.406","0.281764705882353","0.01388235294117647","0.01","0.01","1.01","0.01","0.01","0.01","0.01","0.175","0.13774193548387098","0.7847826086956522","0.026779661016949154","0.14423728813559322","0.505"
"9","0.9456470588235294","0.07211764705882352","0.1847058823529412","0.15364705882352944","0.01","0.01","0.01","0.01","0.01","0.01","1.01","0.175","0.13774193548387098","0.7847826086956522","0.026779661016949154","0.1610169491525424","0.505"
"5","0.7127058823529412","0.2390588235294118","0.25458823529411767","0.7127058823529412","1.01","0.01","0.01","0.01","0.01","0.01","0.01","0.175","0.13774193548387098","0.7847826086956522","0.026779661016949154","0.1610169491525424","0.505"
"8","0.7981176470588235","0.25458823529411767","0.9728235294117646","0.8136470588235294","0.01","0.01","1.01","0.01","0.01","0.01","0.01","0.175","0.13774193548387098","0.7847826086956522","0.026779661016949154","0.1610169491525424","0.505"
"3","0.3205882352941177","0.5923529411764706","0.03329411764705882","0.8757647058823529","1.01","0.01","0.01","0.01","0.01","0.01","0.01","0.175","0.13774193548387098","0.7847826086956522","0.026779661016949154","0.1610169491525424","0.505"
"6","0.20411764705882354","0.49529411764705883","0.7049411764705882","0.7709411764705882","0.01","0.01","0.01","0.01","0.01","1.01","0.01","0.175","0.13774193548387098","0.7847826086956522","0.026779661016949154","0.1610169491525424","0.505"
"1","0.7243529411764705","0.076","0.2934117647058823","0.24682352941176472","0.01","0.01","0.01","1.01","0.01","0.01","0.01","0.175","0.13774193548387098","0.7847826086956522","0.026779661016949154","0.17779661016949153","0.505"
"9","0.4525882352941177","0.24682352941176472","0.060470588235294116","0.19247058823529414","0.01","0.01","0.01","0.01","1.01","0.01","0.01","0.175","0.13774193548387098","0.7847826086956522","0.026779661016949154","0.17779661016949153","0.505"
"4","0.1303529411764706","0.6894117647058824","0.47200000000000003","0.12258823529411764","0.01","0.01","0.01","0.01","0.01","0.01","1.01","0.175","0.13774193548387098","0.7847826086956522","0.026779661016949154","0.17779661016949153","0.505"
"9","0.7398823529411765","0.03329411764705882","0.3011764705882353","0.4487058823529412","0.01","1.01","0.01","0.01","0.01","0.01","0.01","0.175","0.13774193548387098","0.7847826086956522","0.026779661016949154","0.17779661016949153","0.505"
"9","0.01388235294117647","0.49917647058823533","0.9301176470588236","0.5535294117647059","0.01","0.01","0.01","0.01","0.01","0.01","1.01","0.175","0.13774193548387098","0.7847826086956522","0.026779661016949154","0.17779661016949153","0.505"
"3","0.21576470588235297","0.47200000000000003","0.24294117647058824","0.7204705882352941","0.01","0.01","0.01","1.01","0.01","0.01","0.01","0.175","0.13774193548387098","0.7847826086956522","0.026779661016949154","0.1945762711864407","0.505"
"3","0.6971764705882353","0.2390588235294118","0.05270588235294118","0.2972941176470589","0.01","1.01","0.01","0.01","0.01","0.01","0.01","0.175","0.13774193548387098","0.7847826086956522","0.026779661016949154","0.1945762711864407","0.505"
"9","0.7243529411764705","0.9650588235294117","0.4603529411764706","0.02164705882352941","0.01","1.01","0.01","0.01","0.01","0.01","0.01","0.175","0.13774193548387098","0.7847826086956522","0.026779661016949154","0.1945762711864407","0.505"
"6","0.4681176470588236","0.2856470588235294","0.09541176470588235","0.7321176470588235","0.01","0.01","0.01","0.01","0.01","0.01","1.01","0.175","0.13774193548387098","0.7847826086956522","0.026779661016949154","0.1945762711864407","0.505"
"6","0.6894117647058824","0.6156470588235294","0.2701176470588236","0.5030588235294118","0.01","0.01","0.01","1.01","0.01","0.01","0.01","0.175","0.13774193548387098","0.7847826086956522","0.026779661016949154","0.1945762711864407","0.505"
"1","0.8175294117647058","0.2972941176470589","0.802","0.5185882352941176","0.01","0.01","0.01","0.01","0.01","0.01","1.01","0.175","0.13774193548387098","0.7847826086956522","0.026779661016949154","0.21135593220338986","0.505"
"1","0.5923529411764706","0.7670588235294117","0.24294117647058824","0.7631764705882352","1.01","0.01","0.01","0.01","0.01","0.01","0.01","0.175","0.13774193548387098","0.7847826086956522","0.026779661016949154","0.21135593220338986","0.505"
"6","0.6272941176470588","0.7049411764705882","0.6272941176470588","0.5807058823529412","0.01","0.01","0.01","0.01","0.01","0.01","1.01","0.175","0.13774193548387098","0.7847826086956522","0.026779661016949154","0.21135593220338986","0.505"
"8","0.8097647058823529","0.3089411764705882","0.6311764705882353","0.7282352941176471","0.01","0.01","0.01","1.01","0.01","0.01","0.01","0.175","0.13774193548387098","0.7847826086956522","0.026779661016949154","0.21135593220338986","0.505"
"3","0.8252941176470587","0.49529411764705883","0.01388235294117647","0.8097647058823529","0.01","0.01","0.01","1.01","0.01","0.01","0.01","0.175","0.13774193548387098","0.7847826086956522","0.026779661016949154","0.21135593220338986","0.505"
"1","0.17694117647058824","0.3982352941176471","0.3516470588235294","0.3244705882352941","1.01","0.01","0.01","0.01","0.01","0.01","0.01","0.175","0.13774193548387098","0.7847826086956522","0.026779661016949154","0.228135593220339","0.505"
"8","0.4758823529411765","0.6428235294117647","0.7321176470588235","0.4098823529411765","1.01","0.01","0.01","0.01","0.01","0.01","0.01","0.175","0.13774193548387098","0.7847826086956522","0.026779661016949154","0.228135593220339","0.505"
"4","0.860235294117647","0.3322352941176471","0.538","0.9805882352941176","0.01","0.01","0.01","0.01","0.01","0.01","1.01","0.175","0.13774193548387098","0.7847826086956522","0.026779661016949154","0.228135593220339","0.505"
"1","0.6350588235294118","0.9572941176470589","0.1148235294117647","0.8835294117647059","0.01","0.01","1.01","0.01","0.01","0.01","0.01","0.175","0.13774193548387098","0.7847826086956522","0.026779661016949154","0.228135593220339","0.505"
"0","0.860235294117647","0.604","0.934","0.36717647058823527","0.01","0.01","0.01","0.01","0.01","1.01","0.01","0.175","0.13774193548387098","0.7847826086956522","0.026779661016949154","0.228135593220339","0.505"
"3","0.9844705882352941","0.794235294117647","0.4875294117647059","0.7321176470588235","0.01","0.01","0.01","0.01","1.01","0.01","0.01","0.175","0.13774193548387098","0.7847826086956522","0.026779661016949154","0.24491525423728816","0.505"
"0","0.5224705882352941","0.9611764705882353","0.10705882352941176","0.3244705882352941","0.01","0.01","0.01","0.01","0.01","0.01","1.01","0.175","0.13774193548387098","0.7847826086956522","0.026779661016949154","0.24491525423728816","0.505"
"3","0.6272941176470588","0.8563529411764705","0.02164705882352941","0.9650588235294117","0.01","0.01","0.01","0.01","0.01","0.01","1.01","0.175","0.13774193548387098","0.7847826086956522","0.026779661016949154","0.26169491525423727","0.505"
"9","0.25070588235294117","0.8718823529411764","0.1847058823529412","0.08764705882352941","0.01","0.01","0.01","1.01","0.01","0.01","0.01","0.175","0.13774193548387098","0.7847826086956522","0.026779661016949154","0.26169491525423727","0.505"
"5","0.8874117647058823","0.1575294117647059","0.8058823529411765","0.9922352941176471","1.01","0.01","0.01","0.01","0.01","0.01","0.01","0.175","0.13774193548387098","0.7847826086956522","0.026779661016949154","0.26169491525423727","0.505"
"8","0.05270588235294118","0.3788235294117647","0.6272941176470588","0.6311764705882353","1.01","0.01","0.01","0.01","0.01","0.01","0.01","0.175","0.13774193548387098","0.7847826086956522","0.026779661016949154","0.26169491525423727","0.505"
"1","0.8835294117647059","0.662235294117647","0.13811764705882354","0.20800000000000002","1.01","0.01","0.01","0.01","0.01","0.01","0.01","0.175","0.13774193548387098","0.7847826086956522","0.026779661016949154","0.26169491525423727","0.505"
"5","0.13423529411764706","0.7243529411764705","0.604","0.9883529411764707","0.01","0.01","0.01","1.01","0.01","0.01","0.01","0.175","0.13774193548387098","0.7847826086956522","0.026779661016949154","0.27847457627118644","0.505"
"1","0.6738823529411764","0.25458823529411767","0.9223529411764705","0.7243529411764705","0.01","0.01","0.01","0.01","1.01","0.01","0.01","0.175","0.13774193548387098","0.7847826086956522","0.026779661016949154","0.27847457627118644","0.505"
"5","0.941764705882353","0.14200000000000002","0.9301176470588236","0.6389411764705882","0.01","0.01","1.01","0.01","0.01","0.01","0.01","0.175","0.13774193548387098","0.7847826086956522","0.026779661016949154","0.27847457627118644","0.505"
"1","0.10317647058823529","0.941764705882353","0.662235294117647","0.12258823529411764","1.01","0.01","0.01","0.01","0.01","0.01","0.01","0.175","0.13774193548387098","0.7847826086956522","0.026779661016949154","0.27847457627118644","0.505"
"3","0.6311764705882353","0.029411764705882353","0.07988235294117646","0.1303529411764706","0.01","0.01","0.01","0.01","1.01","0.01","0.01","0.175","0.13774193548387098","0.7847826086956522","0.026779661016949154","0.27847457627118644","0.505"
"7","0.2856470588235294","0.6738823529411764","0.21576470588235297","0.3749411764705883","0.01","0.01","0.01","0.01","0.01","1.01","0.01","0.175","0.13774193548387098","0.7847826086956522","0.026779661016949154","0.2952542372881356","0.505"
"6","0.1847058823529412","0.3516470588235294","0.6816470588235295","0.4681176470588236","0.01","0.01","0.01","0.01","0.01","0.01","1.01","0.175","0.13774193548387098","0.7847826086956522","0.026779661016949154","0.2952542372881356","0.505"
"9","0.9068235294117647","0.5884705882352942","0.17305882352941176","0.8175294117647058","1.01","0.01","0.01","0.01","0.01","0.01","0.01","0.175","0.13774193548387098","0.7847826086956522","0.026779661016949154","0.31203389830508477","0.505"
"4","0.3011764705882353","0.03329411764705882","0.3128235294117647","0.6234117647058823","0.01","1.01","0.01","0.01","0.01","0.01","0.01","0.175","0.13774193548387098","0.7847826086956522","0.026779661016949154","0.31203389830508477","0.505"
"8","0.6311764705882353","0.7398823529411765","0.2934117647058823","0.1148235294117647","0.01","0.01","0.01","1.01","0.01","0.01","0.01","0.175","0.13774193548387098","0.7847826086956522","0.026779661016949154","0.31203389830508477","0.505"
"9","0.7748235294117647","0.6699999999999999","0.2351764705882353","0.7088235294117647","1.01","0.01","0.01","0.01","0.01","0.01","0.01","0.175","0.13774193548387098","0.7847826086956522","0.026779661016949154","0.31203389830508477","0.505"
"9","0.9301176470588236","0.5147058823529411","0.7903529411764706","0.860235294117647","0.01","0.01","0.01","0.01","1.01","0.01","0.01","0.175","0.13774193548387098","0.7847826086956522","0.026779661016949154","0.446271186440678","0.505"
"9","0.7321176470588235","0.6738823529411764","0.802","0.6777647058823529","0.01","1.01","0.01","0.01","0.01","0.01","0.01","0.175","0.13774193548387098","0.7847826086956522","0.026779661016949154","0.446271186440678","0.505"
"0","0.18082352941176472","0.794235294117647","0.13423529411764706","0.8097647058823529","0.01","1.01","0.01","0.01","0.01","0.01","0.01","0.175","0.13774193548387098","0.7847826086956522","0.026779661016949154","0.46305084745762715","0.505"
"3","0.18082352941176472","0.1264705882352941","0.041058823529411766","0.3516470588235294","0.01","0.01","0.01","1.01","0.01","0.01","0.01","0.175","0.13774193548387098","0.7847826086956522","0.026779661016949154","0.46305084745762715","0.505"
"9","0.8175294117647058","0.2390588235294118","0.6078823529411764","0.7476470588235294","0.01","0.01","0.01","0.01","0.01","1.01","0.01","0.175","0.13774193548387098","0.7847826086956522","0.026779661016949154","0.46305084745762715","0.505"
"0","0.8175294117647058","0.9456470588235294","0.860235294117647","0.7631764705882352","0.01","0.01","0.01","1.01","0.01","0.01","0.01","0.175","0.13774193548387098","0.7847826086956522","0.026779661016949154","0.46305084745762715","0.505"
"7","0.15364705882352944","0.9145882352941176","0.4681176470588236","0.8214117647058823","1.01","0.01","0.01","0.01","0.01","0.01","0.01","0.175","0.13774193548387098","0.7847826086956522","0.026779661016949154","0.46305084745762715","0.505"
"8","0.3128235294117647","0.9572941176470589","0.9456470588235294","0.01388235294117647","0.01","0.01","0.01","0.01","1.01","0.01","0.01","0.175","0.13774193548387098","0.7847826086956522","0.026779661016949154","0.4798305084745763","0.505"
"4","0.7476470588235294","0.5651764705882353","0.4137647058823529","0.7088235294117647","1.01","0.01","0.01","0.01","0.01","0.01","0.01","0.175","0.13774193548387098","0.7847826086956522","0.026779661016949154","0.4798305084745763","0.505"
"2","0.9223529411764705","0.9378823529411765","0.20411764705882354","0.538","0.01","0.01","0.01","0.01","0.01","0.01","1.01","0.175","0.13774193548387098","0.7847826086956522","0.026779661016949154","0.4798305084745763","0.505"
"1","0.14200000000000002","0.27788235294117647","0.9767058823529412","0.09929411764705881","0.01","0.01","0.01","0.01","1.01","0.01","0.01","0.175","0.13774193548387098","0.7847826086956522","0.026779661016949154","0.4798305084745763","0.505"
"1","0.7398823529411765","0.3438823529411765","0.918470588235294","0.3904705882352941","0.01","0.01","0.01","0.01","0.01","0.01","1.01","0.175","0.13774193548387098","0.7847826086956522","0.026779661016949154","0.4966101694915255","0.505"
"2","0.5884705882352942","0.05658823529411765","0.44482352941176473","0.9611764705882353","0.01","0.01","1.01","0.01","0.01","0.01","0.01","0.175","0.13774193548387098","0.7847826086956522","0.026779661016949154","0.4966101694915255","0.505"
"2","0.5535294117647059","0.9844705882352941","0.8330588235294119","1.0","0.01","0.01","1.01","0.01","0.01","0.01","0.01","0.175","0.13774193548387098","0.7847826086956522","0.026779661016949154","0.4966101694915255","0.505"
"8","0.6699999999999999","0.8563529411764705","1.0","0.8058823529411765","1.01","0.01","0.01","0.01","0.01","0.01","0.01","0.175","0.13774193548387098","0.7847826086956522","0.026779661016949154","0.4966101694915255","0.505"
"7","0.13811764705882354","0.7049411764705882","0.25458823529411767","0.9728235294117646","0.01","0.01","0.01","0.01","0.01","0.01","1.01","0.175","0.13774193548387098","0.7847826086956522","0.026779661016949154","0.4966101694915255","0.505"
"5","0.4409411764705882","0.5574117647058824","0.3594117647058824","0.12258823529411764","1.01","0.01","0.01","0.01","0.01","0.01","0.01","0.175","0.13774193548387098","0.7847826086956522","0.026779661016949154","0.4966101694915255","0.505"
"0","0.4525882352941177","0.35552941176470587","0.6855294117647059","0.5457647058823529","0.01","0.01","0.01","0.01","0.01","1.01","0.01","0.175","0.13774193548387098","0.7847826086956522","0.026779661016949154","0.5133898305084745","0.505"
"6","0.6389411764705882","0.7243529411764705","0.6699999999999999","0.6932941176470588","0.01","0.01","0.01","0.01","0.01","0.01","1.01","0.175","0.13774193548387098","0.7847826086956522","0.026779661016949154","0.5133898305084745","0.505"
"1","0.918470588235294","0.6894117647058824","0.5884705882352942","0.9883529411764707","0.01","0.01","1.01","0.01","0.01","0.01","0.01","0.175","0.13774193548387098","0.7847826086956522","0.026779661016949154","0.5133898305084745","0.505"
"7","0.743764705882353","0.9572941176470589","0.07211764705882352","0.3089411764705882","0.01","0.01","1.01","0.01","0.01","0.01","0.01","0.175","0.13774193548387098","0.7847826086956522","0.026779661016949154","0.5301694915254238","0.505"
"0","0.5147058823529411","0.6078823529411764","0.918470588235294","0.918470588235294","0.01","0.01","0.01","0.01","1.01","0.01","0.01","0.175","0.13774193548387098","0.7847826086956522","0.026779661016949154","0.5301694915254238","0.505"
"9","0.3632941176470588","0.01388235294117647","0.4487058823529412","0.49529411764705883","0.01","1.01","0.01","0.01","0.01","0.01","0.01","0.175","0.13774193548387098","0.7847826086956522","0.026779661016949154","0.5301694915254238","0.505"
"2","0.029411764705882353","0.3749411764705883","0.8912941176470588","0.8136470588235294","0.01","1.01","0.01","0.01","0.01","0.01","0.01","0.175","0.13774193548387098","0.7847826086956522","0.026779661016949154","0.5469491525423729","0.505"
"6","0.9456470588235294","0.26623529411764707","0.5845882352941177","0.7748235294117647","0.01","0.01","0.01","1.01","0.01","0.01","0.01","0.175","0.13774193548387098","0.7847826086956522","0.026779661016949154","0.5469491525423729","0.505"
"5","0.5069411764705882","0.406","0.5612941176470588","0.48364705882352943","0.01","0.01","0.01","0.01","1.01","0.01","0.01","0.175","0.13774193548387098","0.7847826086956522","0.026779661016949154","0.5469491525423729","0.505"
"4","0.8214117647058823","0.44482352941176473","0.13423529411764706","0.5768235294117646","0.01","0.01","0.01","0.01","0.01","0.01","1.01","0.175","0.13774193548387098","0.7847826086956522","0.026779661016949154","0.563728813559322","0.505"
"6","0.8796470588235294","0.1264705882352941","0.3904705882352941","0.6699999999999999","0.01","0.01","0.01","0.01","1.01","0.01","0.01","0.175","0.13774193548387098","0.7847826086956522","0.026779661016949154","0.563728813559322","0.505"
"1","0.09541176470588235","0.7243529411764705","0.8058823529411765","0.4603529411764706","0.01","1.01","0.01","0.01","0.01","0.01","0.01","0.175","0.13774193548387098","0.7847826086956522","0.026779661016949154","0.563728813559322","0.505"
"9","0.5302352941176471","0.538","0.3205882352941177","0.4331764705882353","0.01","0.01","0.01","0.01","0.01","0.01","1.01","0.175","0.13774193548387098","0.7847826086956522","0.026779661016949154","0.563728813559322","0.505"
"9","0.041058823529411766","0.4098823529411765","0.9728235294117646","0.7204705882352941","0.01","0.01","0.01","1.01","0.01","0.01","0.01","0.175","0.13774193548387098","0.7847826086956522","0.026779661016949154","0.563728813559322","0.505"
"2","0.5496470588235294","0.06435294117647058","0.9572941176470589","0.47200000000000003","0.01","1.01","0.01","0.01","0.01","0.01","0.01","0.175","0.13774193548387098","0.7847826086956522","0.026779661016949154","0.5805084745762712","0.505"
"0","0.5535294117647059","0.6078823529411764","0.17694117647058824","0.26623529411764707","0.01","0.01","0.01","1.01","0.01","0.01","0.01","0.175","0.13774193548387098","0.7847826086956522","0.026779661016949154","0.5805084745762712","0.505"
"4","0.9534117647058823","0.604","0.8485882352941176","0.7127058823529412","1.01","0.01","0.01","0.01","0.01","0.01","0.01","0.175","0.13774193548387098","0.7847826086956522","0.026779661016949154","0.5805084745762712","0.505"
"0","0.3322352941176471","0.6971764705882353","0.2351764705882353","0.5030588235294118","0.01","1.01","0.01","0.01","0.01","0.01","0.01","0.175","0.13774193548387098","0.7847826086956522","0.026779661016949154","0.5805084745762712","0.505"
"3","0.3283529411764706","0.5535294117647059","0.16141176470588237","0.7787058823529412","0.01","0.01","1.01","0.01","0.01","0.01","0.01","0.175","0.13774193548387098","0.7847826086956522","0.026779661016949154","0.5805084745762712","0.505"
"9","0.9883529411764707","0.36717647058823527","0.7903529411764706","0.09541176470588235","0.01","0.01","0.01","1.01","0.01","0.01","0.01","0.175","0.13774193548387098","0.7847826086956522","0.026779661016949154","0.5972881355932204","0.505"
"8","0.26235294117647057","0.918470588235294","0.7165882352941176","1.0","0.01","0.01","0.01","0.01","1.01","0.01","0.01","0.175","0.13774193548387098","0.7847826086956522","0.026779661016949154","0.5972881355932204","0.505"
"9","0.21576470588235297","0.5263529411764706","0.5341176470588236","0.4409411764705882","0.01","0.01","0.01","0.01","0.01","0.01","1.01","0.175","0.13774193548387098","0.7847826086956522","0.026779661016949154","0.5972881355932204","0.505"
"7","0.1963529411764706","0.3205882352941177","0.6156470588235294","0.30505882352941177","0.01","0.01","1.01","0.01","0.01","0.01","0.01","0.175","0.13774193548387098","0.7847826086956522","0.026779661016949154","0.5972881355932204","0.505"
"5","0.25458823529411767","0.5147058823529411","0.8641176470588235","0.9029411764705882","0.01","1.01","0.01","0.01","0.01","0.01","0.01","0.175","0.13774193548387098","0.7847826086956522","0.026779661016949154","0.5972881355932204","0.505"
"9","0.8175294117647058","0.8097647058823529","0.9961176470588236","0.1847058823529412","0.01","0.01","0.01","1.01","0.01","0.01","0.01","0.175","0.13774193548387098","0.7847826086956522","0.026779661016949154","0.6140677966101695","0.505"
"2","0.26235294117647057","0.1264705882352941","0.9262352941176472","0.3710588235294118","1.01","0.01","0.01","0.01","0.01","0.01","0.01","0.175","0.13774193548387098","0.7847826086956522","0.026779661016949154","0.6140677966101695","0.505"
"7","0.41764705882352937","0.3904705882352941","0.3011764705882353","0.041058823529411766","1.01","0.01","0.01","0.01","0.01","0.01","0.01","0.175","0.13774193548387098","0.7847826086956522","0.026779661016949154","0.6140677966101695","0.505"
"4","0.918470588235294","0.8136470588235294","0.662235294117647","0.5069411764705882","0.01","0.01","0.01","0.01","1.01","0.01","0.01","0.175","0.13774193548387098","0.7847826086956522","0.026779661016949154","0.6140677966101695","0.505"
"4","0.5923529411764706","0.7204705882352941","0.8369411764705883","0.9883529411764707","0.01","1.01","0.01","0.01","0.01","0.01","0.01","0.175","0.13774193548387098","0.7847826086956522","0.026779661016949154","0.6140677966101695","0.505"
"2","0.7088235294117647","0.8524705882352941","0.3788235294117647","0.6816470588235295","0.01","0.01","0.01","1.01","0.01","0.01","0.01","0.175","0.13774193548387098","0.7847826086956522","0.026779661016949154","0.6308474576271187","0.505"
"3","0.794235294117647","0.4331764705882353","0.5069411764705882","0.4409411764705882","1.01","0.01","0.01","0.01","0.01","0.01","0.01","0.175","0.13774193548387098","0.7847826086956522","0.026779661016949154","0.6308474576271187","0.505"
"5","0.5574117647058824","0.9495294117647058","0.9262352941176472","0.9029411764705882","0.01","0.01","1.01","0.01","0.01","0.01","0.01","0.175","0.13774193548387098","0.7847826086956522","0.026779661016949154","0.6308474576271187","0.505"
"5","0.17305882352941176","0.8796470588235294","0.26623529411764707","0.8136470588235294","0.01","0.01","1.01","0.01","0.01","0.01","0.01","0.175","0.13774193548387098","0.7847826086956522","0.026779661016949154","0.6308474576271187","0.505"
"5","0.9805882352941176","0.6389411764705882","0.5069411764705882","0.35552941176470587","0.01","0.01","0.01","0.01","0.01","0.01","1.01","0.175","0.13774193548387098","0.7847826086956522","0.026779661016949154","0.6308474576271187","0.505"
"3","0.16141176470588237","0.6428235294117647","0.3749411764705883","0.5302352941176471","0.01","0.01","0.01","1.01","0.01","0.01","0.01","0.175","0.13774193548387098","0.7847826086956522","0.026779661016949154","0.6476271186440677","0.505"
"1","0.274","0.4292941176470588","0.9262352941176472","0.5807058823529412","0.01","0.01","0.01","0.01","0.01","0.01","1.01","0.175","0.13774193548387098","0.7847826086956522","0.026779661016949154","0.6476271186440677","0.505"
"6","0.10317647058823529","0.5496470588235294","0.3089411764705882","0.8097647058823529","1.01","0.01","0.01","0.01","0.01","0.01","0.01","0.175","0.13774193548387098","0.7847826086956522","0.026779661016949154","0.6476271186440677","0.505"
"1","0.03329411764705882","0.24294117647058824","0.6894117647058824","0.7204705882352941","0.01","0.01","0.01","0.01","1.01","0.01","0.01","0.175","0.13774193548387098","0.7847826086956522","0.026779661016949154","0.6476271186440677","0.505"
"0","0.21964705882352942","0.7088235294117647","0.9534117647058823","0.2701176470588236","0.01","0.01","0.01","0.01","0.01","0.01","1.01","0.175","0.13774193548387098","0.7847826086956522","0.026779661016949154","0.6476271186440677","0.505"
"2","0.6001176470588235","0.31670588235294117","0.281764705882353","0.6428235294117647","0.01","0.01","0.01","0.01","0.01","0.01","1.01","0.175","0.13774193548387098","0.7847826086956522","0.026779661016949154","0.664406779661017","0.505"
"6","0.05270588235294118","0.6777647058823529","0.918470588235294","0.281764705882353","0.01","1.01","0.01","0.01","0.01","0.01","0.01","0.175","0.13774193548387098","0.7847826086956522","0.026779661016949154","0.664406779661017","0.505"
"8","0.45647058823529413","0.2972941176470589","0.26623529411764707","0.4681176470588236","0.01","0.01","0.01","1.01","0.01","0.01","0.01","0.175","0.13774193548387098","0.7847826086956522","0.026779661016949154","0.664406779661017","0.505"
"0","0.2390588235294118","0.6156470588235294","0.9029411764705882","0.604","0.01","0.01","0.01","0.01","0.01","1.01","0.01","0.175","0.13774193548387098","0.7847826086956522","0.026779661016949154","0.664406779661017","0.505"
"4","0.7592941176470588","0.1303529411764706","0.5612941176470588","0.5496470588235294","0.01","0.01","0.01","0.01","1.01","0.01","0.01","0.175","0.13774193548387098","0.7847826086956522","0.026779661016949154","0.664406779661017","0.505"
"4","0.347764705882353","0.7748235294117647","0.3865882352941176","0.6855294117647059","0.01","0.01","0.01","1.01","0.01","0.01","0.01","0.175","0.13774193548387098","0.7847826086956522","0.026779661016949154","0.664406779661017","0.505"
"6","0.7476470588235294","0.4292941176470588","0.6505882352941177","0.281764705882353","0.01","0.01","0.01","0.01","1.01","0.01","0.01","0.175","0.13774193548387098","0.7847826086956522","0.026779661016949154","0.6811864406779661","0.505"
"6","0.6894117647058824","0.3205882352941177","0.5807058823529412","0.05658823529411765","0.01","0.01","0.01","0.01","0.01","1.01","0.01","0.175","0.13774193548387098","0.7847826086956522","0.026779661016949154","0.6811864406779661","0.505"
"9","0.3322352941176471","0.4137647058823529","0.01","0.7903529411764706","1.01","0.01","0.01","0.01","0.01","0.01","0.01","0.175","0.13774193548387098","0.7847826086956522","0.026779661016949154","0.6811864406779661","0.505"
"7","0.20800000000000002","0.5923529411764706","0.44482352941176473","0.7670588235294117","0.01","0.01","0.01","1.01","0.01","0.01","0.01","0.175","0.13774193548387098","0.7847826086956522","0.026779661016949154","0.6811864406779661","0.505"
"7","0.33999999999999997","0.6001176470588235","0.662235294117647","0.8291764705882353","0.01","0.01","0.01","0.01","0.01","0.01","1.01","0.175","0.13774193548387098","0.7847826086956522","0.026779661016949154","0.6811864406779661","0.505"
"8","0.7165882352941176","0.6078823529411764","0.6428235294117647","0.2235294117647059","0.01","0.01","1.01","0.01","0.01","0.01","0.01","0.175","0.13774193548387098","0.7847826086956522","0.026779661016949154","0.6979661016949152","0.505"
"5","0.22741176470588237","1.0","0.26623529411764707","0.6544705882352941","0.01","0.01","0.01","0.01","0.01","1.01","0.01","0.175","0.13774193548387098","0.7847826086956522","0.026779661016949154","0.6979661016949152","0.505"
"6","0.2701176470588236","0.1264705882352941","0.11094117647058822","0.7010588235294117","0.01","0.01","0.01","0.01","0.01","0.01","1.01","0.175","0.13774193548387098","0.7847826086956522","0.026779661016949154","0.6979661016949152","0.505"
"3","0.18082352941176472","0.4681176470588236","0.07988235294117646","0.8835294117647059","0.01","0.01","0.01","0.01","0.01","1.01","0.01","0.175","0.13774193548387098","0.7847826086956522","0.026779661016949154","0.6979661016949152","0.505"
"7","0.3632941176470588","0.07988235294117646","0.1303529411764706","0.01","1.01","0.01","0.01","0.01","0.01","0.01","0.01","0.175","0.13774193548387098","0.7847826086956522","0.026779661016949154","0.7147457627118644","0.505"
"5","0.7748235294117647","0.39435294117647063","0.8097647058823529","0.9572941176470589","0.01","0.01","0.01","0.01","0.01","0.01","1.01","0.175","0.13774193548387098","0.7847826086956522","0.026779661016949154","0.7147457627118644","0.505"
"8","0.3361176470588235","0.3361176470588235","0.8408235294117647","0.9456470588235294","0.01","0.01","0.01","0.01","1.01","0.01","0.01","0.175","0.13774193548387098","0.7847826086956522","0.026779661016949154","0.7147457627118644","0.505"
"9","0.1575294117647059","0.941764705882353","0.6894117647058824","0.3827058823529412","1.01","0.01","0.01","0.01","0.01","0.01","0.01","0.175","0.13774193548387098","0.7847826086956522","0.026779661016949154","0.7147457627118644","0.505"
"3","0.5147058823529411","0.4254117647058824","0.21576470588235297","0.21188235294117647","0.01","0.01","0.01","0.01","0.01","1.01","0.01","0.175","0.13774193548387098","0.7847826086956522","0.026779661016949154","0.7147457627118644","0.505"
"1","0.6389411764705882","0.4797647058823529","0.029411764705882353","0.7787058823529412","1.01","0.01","0.01","0.01","0.01","0.01","0.01","0.175","0.13774193548387098","0.7847826086956522","0.026779661016949154","0.7315254237288135","0.505"
"4","0.464235294117647","0.7127058823529412","0.9922352941176471","0.18858823529411764","0.01","0.01","0.01","1.01","0.01","0.01","0.01","0.175","0.13774193548387098","0.7847826086956522","0.026779661016949154","0.7315254237288135","0.505"
"5","0.10317647058823529","0.13423529411764706","0.8136470588235294","0.6428235294117647","0.01","0.01","0.01","0.01","1.01","0.01","0.01","0.175","0.13774193548387098","0.7847826086956522","0.026779661016949154","0.7315254237288135","0.505"
"5","0.6311764705882353","0.347764705882353","0.6234117647058823","0.025529411764705884","0.01","0.01","0.01","0.01","0.01","0.01","1.01","0.175","0.13774193548387098","0.7847826086956522","0.026779661016949154","0.7315254237288135","0.505"
"6","0.7670588235294117","0.4137647058823529","0.17694117647058824","0.8524705882352941","1.01","0.01","0.01","0.01","0.01","0.01","0.01","0.175","0.13774193548387098","0.7847826086956522","0.026779661016949154","0.7483050847457627","0.505"
"5","0.10705882352941176","0.8951764705882354","0.21964705882352942","0.9844705882352941","1.01","0.01","0.01","0.01","0.01","0.01","0.01","0.175","0.13774193548387098","0.7847826086956522","0.026779661016949154","0.7483050847457627","0.505"
"9","0.39435294117647063","0.21964705882352942","0.464235294117647","0.07988235294117646","0.01","0.01","0.01","0.01","0.01","0.01","1.01","0.175","0.13774193548387098","0.7847826086956522","0.026779661016949154","0.7483050847457627","0.505"
"3","0.36717647058823527","0.36717647058823527","0.8485882352941176","0.02164705882352941","0.01","0.01","0.01","0.01","0.01","0.01","1.01","0.175","0.13774193548387098","0.7847826086956522","0.026779661016949154","0.7483050847457627","0.505"
"3","0.5263529411764706","0.868","0.8214117647058823","0.802","0.01","0.01","0.01","1.01","0.01","0.01","0.01","0.175","0.13774193548387098","0.7847826086956522","0.026779661016949154","0.7650847457627118","0.505"
"2","0.8485882352941176","0.6272941176470588","0.3089411764705882","0.8990588235294118","0.01","0.01","0.01","1.01","0.01","0.01","0.01","0.175","0.13774193548387098","0.7847826086956522","0.026779661016949154","0.7650847457627118","0.505"
"4","0.4525882352941177","0.5845882352941177","0.5224705882352941","0.49529411764705883","0.01","0.01","0.01","0.01","0.01","0.01","1.01","0.175","0.13774193548387098","0.7847826086956522","0.026779661016949154","0.7650847457627118","0.505"
"8","0.8136470588235294","0.5030588235294118","0.11094117647058822","0.23129411764705884","0.01","1.01","0.01","0.01","0.01","0.01","0.01","0.175","0.13774193548387098","0.7847826086956522","0.026779661016949154","0.7650847457627118","0.505"
"2","0.2351764705882353","0.7903529411764706","0.42152941176470593","0.3827058823529412","0.01","0.01","0.01","1.01","0.01","0.01","0.01","0.175","0.13774193548387098","0.7847826086956522","0.026779661016949154","0.7650847457627118","0.505"
"1","0.20411764705882354","0.794235294117647","0.5884705882352942","0.18858823529411764","0.01","0.01","0.01","0.01","1.01","0.01","0.01","0.175","0.13774193548387098","0.7847826086956522","0.026779661016949154","0.7650847457627118","0.505"
"1","0.4292941176470588","0.5418823529411765","0.1458823529411765","0.05658823529411765","1.01","0.01","0.01","0.01","0.01","0.01","0.01","0.175","0.13774193548387098","0.7847826086956522","0.026779661016949154","0.7818644067796611","0.505"
"0","0.2856470588235294","0.1264705882352941","0.18858823529411764","0.9068235294117647","1.01","0.01","0.01","0.01","0.01","0.01","0.01","0.175","0.13774193548387098","0.7847826086956522","0.026779661016949154","0.7818644067796611","0.505"
"0","0.7670588235294117","0.5263529411764706","0.15364705882352944","0.8485882352941176","0.01","0.01","0.01","1.01","0.01","0.01","0.01","0.175","0.13774193548387098","0.7847826086956522","0.026779661016949154","0.7818644067796611","0.505"
"2","0.41764705882352937","0.604","0.7631764705882352","0.743764705882353","0.01","0.01","0.01","1.01","0.01","0.01","0.01","0.175","0.13774193548387098","0.7847826086956522","0.026779661016949154","0.7818644067796611","0.505"
"2","0.2934117647058823","0.4487058823529412","0.41764705882352937","0.8990588235294118","0.01","0.01","0.01","0.01","1.01","0.01","0.01","0.175","0.13774193548387098","0.7847826086956522","0.026779661016949154","0.7818644067796611","0.505"
"0","0.26235294117647057","0.3089411764705882","0.2584705882352941","0.7476470588235294","0.01","0.01","0.01","0.01","0.01","0.01","1.01","0.175","0.13774193548387098","0.7847826086956522","0.026779661016949154","0.7986440677966101","0.505"
"7","0.6428235294117647","0.21576470588235297","0.4409411764705882","0.9883529411764707","0.01","0.01","1.01","0.01","0.01","0.01","0.01","0.175","0.13774193548387098","0.7847826086956522","0.026779661016949154","0.7986440677966101","0.505"
"7","0.5807058823529412","0.8485882352941176","0.6311764705882353","0.9650588235294117","0.01","1.01","0.01","0.01","0.01","0.01","0.01","0.175","0.13774193548387098","0.7847826086956522","0.026779661016949154","0.7986440677966101","0.505"
"5","0.1148235294117647","0.18082352941176472","0.0371764705882353","0.076","1.01","0.01","0.01","0.01","0.01","0.01","0.01","0.175","0.13774193548387098","0.7847826086956522","0.026779661016949154","0.7986440677966101","0.505"
"1","0.11870588235294117","0.8252941176470587","0.2856470588235294","0.09152941176470587","0.01","0.01","1.01","0.01","0.01","0.01","0.01","0.175","0.13774193548387098","0.7847826086956522","0.026779661016949154","0.7986440677966101","0.505"
"1","0.9922352941176471","0.7670588235294117","0.8874117647058823","0.9844705882352941","0.01","0.01","0.01","0.01","0.01","1.01","0.01","0.175","0.13774193548387098","0.7847826086956522","0.026779661016949154","0.8154237288135594","0.505"
"5","0.7088235294117647","0.48364705882352943","0.6661176470588235","0.20800000000000002","1.01","0.01","0.01","0.01","0.01","0.01","0.01","0.175","0.13774193548387098","0.7847826086956522","0.026779661016949154","0.8154237288135594","0.505"
"4","0.20411764705882354","0.7981176470588235","0.6311764705882353","0.5263529411764706","0.01","0.01","0.01","0.01","1.01","0.01","0.01","0.175","0.13774193548387098","0.7847826086956522","0.026779661016949154","0.8154237288135594","0.505"
"2","0.5263529411764706","0.6583529411764706","0.17305882352941176","0.7282352941176471","1.01","0.01","0.01","0.01","0.01","0.01","0.01","0.175","0.13774193548387098","0.7847826086956522","0.026779661016949154","0.8154237288135594","0.505"
"0","0.6350588235294118","0.7010588235294117","0.5496470588235294","0.604","1.01","0.01","0.01","0.01","0.01","0.01","0.01","0.175","0.13774193548387098","0.7847826086956522","0.026779661016949154","0.8322033898305085","0.505"
"2","0.03329411764705882","0.2584705882352941","0.9068235294117647","0.4875294117647059","0.01","0.01","0.01","0.01","0.01","0.01","1.01","0.175","0.13774193548387098","0.7847826086956522","0.026779661016949154","0.8322033898305085","0.505"
"9","0.4487058823529412","0.19247058823529414","0.9650588235294117","0.24682352941176472","0.01","0.01","0.01","0.01","0.01","0.01","1.01","0.175","0.13774193548387098","0.7847826086956522","0.026779661016949154","0.8322033898305085","0.505"
"9","0.6350588235294118","0.20411764705882354","0.5690588235294117","0.868","0.01","0.01","1.01","0.01","0.01","0.01","0.01","0.175","0.13774193548387098","0.7847826086956522","0.026779661016949154","0.8322033898305085","0.505"
"7","0.7398823529411765","0.736","0.25458823529411767","1.0","0.01","0.01","0.01","1.01","0.01","0.01","0.01","0.175","0.13774193548387098","0.7847826086956522","0.026779661016949154","0.8322033898305085","0.505"
"1","0.06435294117647058","0.20023529411764707","0.6389411764705882","0.9068235294117647","0.01","0.01","1.01","0.01","0.01","0.01","0.01","0.175","0.13774193548387098","0.7847826086956522","0.026779661016949154","0.8322033898305085","0.505"
"5","0.47200000000000003","0.5030588235294118","0.7515294117647059","0.25458823529411767","0.01","0.01","0.01","1.01","0.01","0.01","0.01","0.175","0.13774193548387098","0.7847826086956522","0.026779661016949154","0.8489830508474576","0.505"
"5","0.6894117647058824","0.076","0.2972941176470589","0.2934117647058823","0.01","0.01","0.01","0.01","1.01","0.01","0.01","0.175","0.13774193548387098","0.7847826086956522","0.026779661016949154","0.8489830508474576","0.505"
"6","0.9728235294117646","0.8175294117647058","0.464235294117647","0.8136470588235294","1.01","0.01","0.01","0.01","0.01","0.01","0.01","0.175","0.13774193548387098","0.7847826086956522","0.026779661016949154","0.8489830508474576","0.505"
"4","0.4409411764705882","0.9223529411764705","0.9029411764705882","0.41764705882352937","0.01","0.01","0.01","0.01","1.01","0.01","0.01","0.175","0.13774193548387098","0.7847826086956522","0.026779661016949154","0.8489830508474576","0.505"
"6","0.3205882352941177","0.18858823529411764","0.9650588235294117","0.47200000000000003","0.01","0.01","0.01","0.01","0.01","0.01","1.01","0.175","0.13774193548387098","0.7847826086956522","0.026779661016949154","0.8489830508474576","0.505"
"3","0.1963529411764706","0.6894117647058824","0.9029411764705882","0.8641176470588235","0.01","1.01","0.01","0.01","0.01","0.01","0.01","0.175","0.13774193548387098","0.7847826086956522","0.026779661016949154","0.8657627118644068","0.505"
"3","0.2584705882352941","0.5185882352941176","0.5690588235294117","0.6544705882352941","0.01","0.01","0.01","0.01","1.01","0.01","0.01","0.175","0.13774193548387098","0.7847826086956522","0.026779661016949154","0.8657627118644068","0.505"
"3","1.0","0.2584705882352941","0.09929411764705881","0.9611764705882353","0.01","0.01","1.01","0.01","0.01","0.01","0.01","0.175","0.13774193548387098","0.7847826086956522","0.026779661016949154","0.8657627118644068","0.505"
"6","0.7243529411764705","0.4797647058823529","0.347764705882353","0.6467058823529412","0.01","1.01","0.01","0.01","0.01","0.01","0.01","0.175","0.13774193548387098","0.7847826086956522","0.026779661016949154","0.8657627118644068","0.505"
"6","0.9572941176470589","0.8641176470588235","0.8951764705882354","0.794235294117647","0.01","0.01","1.01","0.01","0.01","0.01","0.01","0.175","0.13774193548387098","0.7847826086956522","0.026779661016949154","0.8657627118644068","0.505"
"8","0.5962352941176471","0.9844705882352941","0.7127058823529412","0.9029411764705882","1.01","0.01","0.01","0.01","0.01","0.01","0.01","0.175","0.13774193548387098","0.7847826086956522","0.026779661016949154","0.882542372881356","0.505"
"4","0.3788235294117647","0.736","0.5185882352941176","0.347764705882353","0.01","1.01","0.01","0.01","0.01","0.01","0.01","0.175","0.13774193548387098","0.7847826086956522","0.026779661016949154","0.882542372881356","0.505"
"5","0.9262352941176472","0.1148235294117647","0.347764705882353","0.4370588235294118","0.01","0.01","0.01","1.01","0.01","0.01","0.01","0.175","0.13774193548387098","0.7847826086956522","0.026779661016949154","0.882542372881356","0.505"
"2","0.7748235294117647","0.42152941176470593","0.2701176470588236","0.5418823529411765","0.01","0.01","0.01","0.01","0.01","1.01","0.01","0.175","0.13774193548387098","0.7847826086956522","0.026779661016949154","0.882542372881356","0.505"
"3","0.35552941176470587","0.20023529411764707","0.7864705882352941","0.04882352941176471","0.01","0.01","1.01","0.01","0.01","0.01","0.01","0.175","0.13774193548387098","0.7847826086956522","0.026779661016949154","0.882542372881356","0.505"
"2","0.7903529411764706","0.743764705882353","0.5651764705882353","0.538","0.01","0.01","0.01","0.01","0.01","1.01","0.01","0.175","0.13774193548387098","0.7847826086956522","0.026779661016949154","0.8993220338983051","0.505"
"8","0.14200000000000002","0.2584705882352941","0.31670588235294117","0.4292941176470588","0.01","1.01","0.01","0.01","0.01","0.01","0.01","0.175","0.13774193548387098","0.7847826086956522","0.026779661016949154","0.8993220338983051","0.505"
"1","0.24682352941176472","0.7825882352941177","0.16917647058823532","0.7592941176470588","0.01","0.01","1.01","0.01","0.01","0.01","0.01","0.175","0.13774193548387098","0.7847826086956522","0.026779661016949154","0.8993220338983051","0.505"
"2","0.029411764705882353","0.31670588235294117","0.934","0.9689411764705882","0.01","1.01","0.01","0.01","0.01","0.01","0.01","0.175","0.13774193548387098","0.7847826086956522","0.026779661016949154","0.8993220338983051","0.505"
"3","0.4254117647058824","0.6117647058823529","0.14200000000000002","0.406","0.01","0.01","0.01","0.01","0.01","1.01","0.01","0.175","0.13774193548387098","0.7847826086956522","0.026779661016949154","0.8993220338983051","0.505"
"3","0.3205882352941177","0.06823529411764706","0.25458823529411767","0.4797647058823529","1.01","0.01","0.01","0.01","0.01","0.01","0.01","0.175","0.13774193548387098","0.7847826086956522","0.026779661016949154","0.8993220338983051","0.505"
"8","0.33999999999999997","0.7670588235294117","0.9728235294117646","0.35552941176470587","0.01","0.01","0.01","0.01","0.01","0.01","1.01","0.175","0.13774193548387098","0.7847826086956522","0.026779661016949154","0.9161016949152543","0.505"
"5","0.3089411764705882","0.060470588235294116","0.6932941176470588","0.5574117647058824","0.01","0.01","0.01","1.01","0.01","0.01","0.01","0.175","0.13774193548387098","0.7847826086956522","0.026779661016949154","0.9161016949152543","0.505"
"6","0.9534117647058823","0.5535294117647059","0.49529411764705883","0.5341176470588236","0.01","0.01","0.01","0.01","0.01","0.01","1.01","0.175","0.13774193548387098","0.7847826086956522","0.026779661016949154","0.9161016949152543","0.505"
"1","0.8835294117647059","0.6350588235294118","0.6699999999999999","0.6738823529411764","1.01","0.01","0.01","0.01","0.01","0.01","0.01","0.175","0.13774193548387098","0.7847826086956522","0.026779661016949154","0.9161016949152543","0.505"
"2","0.8175294117647058","0.9805882352941176","0.05658823529411765","0.11094117647058822","0.01","0.01","0.01","0.01","0.01","1.01","0.01","0.175","0.13774193548387098","0.7847826086956522","0.026779661016949154","0.9328813559322033","0.505"
"7","0.1963529411764706","0.538","0.6661176470588235","0.9068235294117647","0.01","0.01","0.01","0.01","1.01","0.01","0.01","0.175","0.13774193548387098","0.7847826086956522","0.026779661016949154","0.9328813559322033","0.505"
"4","0.6505882352941177","0.6932941176470588","0.1148235294117647","0.8874117647058823","0.01","1.01","0.01","0.01","0.01","0.01","0.01","0.175","0.13774193548387098","0.7847826086956522","0.026779661016949154","0.9328813559322033","0.505"
"8","0.060470588235294116","0.802","0.5690588235294117","0.7282352941176471","1.01","0.01","0.01","0.01","0.01","0.01","0.01","0.175","0.13774193548387098","0.7847826086956522","0.026779661016949154","0.9328813559322033","0.505"
"3","0.12258823529411764","0.060470588235294116","0.5069411764705882","0.7165882352941176","0.01","0.01","1.01","0.01","0.01","0.01","0.01","0.175","0.13774193548387098","0.7847826086956522","0.026779661016949154","0.9328813559322033","0.505"
"0","0.03329411764705882","0.7787058823529412","0.6311764705882353","0.5884705882352942","0.01","0.01","0.01","0.01","0.01","0.01","1.01","0.175","0.13774193548387098","0.7847826086956522","0.026779661016949154","0.9496610169491526","0.505"
"7","0.3361176470588235","0.6738823529411764","0.8485882352941176","0.2934117647058823","1.01","0.01","0.01","0.01","0.01","0.01","0.01","0.175","0.13774193548387098","0.7847826086956522","0.026779661016949154","0.9496610169491526","0.505"
"2","0.8136470588235294","0.934","0.4758823529411765","0.8330588235294119","0.01","0.01","0.01","0.01","0.01","1.01","0.01","0.175","0.13774193548387098","0.7847826086956522","0.026779661016949154","0.9496610169491526","0.505"
"8","0.6350588235294118","0.9456470588235294","0.4409411764705882","0.6156470588235294","0.01","0.01","0.01","1.01","0.01","0.01","0.01","0.175","0.13774193548387098","0.7847826086956522","0.026779661016949154","0.9496610169491526","0.505"
"4","0.9495294117647058","0.8408235294117647","0.9107058823529411","0.9068235294117647","0.01","0.01","0.01","0.01","0.01","0.01","1.01","0.175","0.13774193548387098","0.7847826086956522","0.026779661016949154","0.9496610169491526","0.505"
"6","0.22741176470588237","0.934","0.6234117647058823","0.6544705882352941","1.01","0.01","0.01","0.01","0.01","0.01","0.01","0.175","0.13774193548387098","0.7847826086956522","0.026779661016949154","0.9664406779661017","0.505"
"3","0.6699999999999999","0.1847058823529412","0.24294117647058824","0.17305882352941176","0.01","0.01","0.01","0.01","0.01","1.01","0.01","0.175","0.13774193548387098","0.7847826086956522","0.026779661016949154","0.9664406779661017","0.505"
"7","0.8563529411764705","0.9650588235294117","0.09929411764705881","0.20023529411764707","0.01","0.01","1.01","0.01","0.01","0.01","0.01","0.175","0.13774193548387098","0.7847826086956522","0.026779661016949154","0.9664406779661017","0.505"
"2","0.5845882352941177","0.6311764705882353","1.0","0.6855294117647059","0.01","0.01","1.01","0.01","0.01","0.01","0.01","0.175","0.13774193548387098","0.7847826086956522","0.026779661016949154","0.9664406779661017","0.505"
"7","0.4681176470588236","0.49917647058823533","0.5574117647058824","0.21964705882352942","0.01","1.01","0.01","0.01","0.01","0.01","0.01","0.175","0.13774193548387098","0.7847826086956522","0.026779661016949154","0.9664406779661017","0.505"
"8","0.8291764705882353","0.1264705882352941","0.802","0.7554117647058823","0.01","0.01","0.01","0.01","0.01","0.01","1.01","0.175","0.13774193548387098","0.7847826086956522","0.026779661016949154","0.983220338983051","0.505"
"7","0.17694117647058824","0.13811764705882354","0.4681176470588236","0.3244705882352941","0.01","0.01","0.01","0.01","0.01","0.01","1.01","0.175","0.13774193548387098","0.7847826086956522","0.026779661016949154","0.983220338983051","0.505"
"4","0.9611764705882353","0.9728235294117646","0.22741176470588237","0.6117647058823529","0.01","0.01","0.01","0.01","1.01","0.01","0.01","0.175","0.13774193548387098","0.7847826086956522","0.026779661016949154","0.983220338983051","0.505"
"1","0.2856470588235294","0.3089411764705882","0.9689411764705882","0.8796470588235294","0.01","0.01","0.01","0.01","1.01","0.01","0.01","0.175","0.13774193548387098","0.7847826086956522","0.026779661016949154","0.983220338983051","0.505"
"4","0.9572941176470589","0.6932941176470588","0.8136470588235294","0.802","0.01","0.01","1.01","0.01","0.01","0.01","0.01","0.175","0.13774193548387098","0.7847826086956522","0.026779661016949154","0.983220338983051","0.505"
"8","0.21576470588235297","0.5224705882352941","0.11870588235294117","0.7554117647058823","0.01","0.01","0.01","0.01","0.01","1.01","0.01","0.175","0.13774193548387098","0.7847826086956522","0.026779661016949154","1.0","0.505"
"5","0.07988235294117646","0.8097647058823529","0.6583529411764706","0.9378823529411765","0.01","0.01","0.01","0.01","0.01","1.01","0.01","0.175","0.13774193548387098","0.7847826086956522","0.026779661016949154","1.0","0.505"
"7","0.6738823529411764","0.01776470588235294","0.9107058823529411","0.464235294117647","0.01","0.01","0.01","0.01","0.01","1.01","0.01","0.175","0.13774193548387098","0.7847826086956522","0.026779661016949154","1.0","0.505"
"7","0.9922352941176471","0.7670588235294117","0.538","0.26235294117647057","0.01","0.01","1.01","0.01","0.01","0.01","0.01","0.175","0.13774193548387098","0.7847826086956522","0.026779661016949154","1.0","0.505"
"8","0.8058823529411765","0.14200000000000002","0.4875294117647059","0.4409411764705882","0.01","0.01","0.01","0.01","0.01","0.01","1.01","0.175","0.13774193548387098","0.7847826086956522","0.026779661016949154","1.0","0.505"
"5","0.3322352941176471","0.6738823529411764","0.6894117647058824","0.03329411764705882","0.01","1.01","0.01","0.01","0.01","0.01","0.01","0.175","0.13774193548387098","0.7847826086956522","0.043559322033898305","0.01","0.505"
"8","0.47200000000000003","0.6078823529411764","0.8524705882352941","0.6661176470588235","0.01","0.01","0.01","0.01","0.01","1.01","0.01","0.175","0.13774193548387098","0.7847826086956522","0.043559322033898305","0.01","0.505"
"3","0.7398823529411765","0.3749411764705883","0.060470588235294116","0.4875294117647059","0.01","0.01","0.01","0.01","0.01","1.01","0.01","0.175","0.13774193548387098","0.7847826086956522","0.043559322033898305","0.01","0.505"
"8","0.7204705882352941","0.36717647058823527","0.8563529411764705","0.7049411764705882","0.01","1.01","0.01","0.01","0.01","0.01","0.01","0.175","0.13774193548387098","0.7847826086956522","0.043559322033898305","0.01","0.505"
"3","0.44482352941176473","0.8058823529411765","0.09929411764705881","0.18858823529411764","0.01","0.01","0.01","0.01","0.01","1.01","0.01","0.175","0.13774193548387098","0.7847826086956522","0.043559322033898305","0.01","0.505"
"8","0.8097647058823529","0.9378823529411765","0.06435294117647058","0.21188235294117647","0.01","0.01","1.01","0.01","0.01","0.01","0.01","0.175","0.13774193548387098","0.7847826086956522","0.043559322033898305","0.026779661016949154","0.505"
"0","0.6467058823529412","0.7631764705882352","0.7204705882352941","0.3594117647058824","0.01","0.01","1.01","0.01","0.01","0.01","0.01","0.175","0.13774193548387098","0.7847826086956522","0.043559322033898305","0.026779661016949154","0.505"
"0","0.5263529411764706","0.4603529411764706","0.868","0.5147058823529411","0.01","0.01","0.01","0.01","0.01","0.01","1.01","0.175","0.13774193548387098","0.7847826086956522","0.043559322033898305","0.026779661016949154","0.505"
"5","0.8136470588235294","0.2584705882352941","0.22741176470588237","0.6195294117647059","0.01","0.01","0.01","0.01","0.01","1.01","0.01","0.175","0.13774193548387098","0.7847826086956522","0.043559322033898305","0.026779661016949154","0.505"
"1","0.934","0.11870588235294117","0.21188235294117647","0.941764705882353","0.01","1.01","0.01","0.01","0.01","0.01","0.01","0.175","0.13774193548387098","0.7847826086956522","0.043559322033898305","0.043559322033898305","0.505"
"6","0.36717647058823527","0.13811764705882354","0.274","0.4331764705882353","0.01","1.01","0.01","0.01","0.01","0.01","0.01","0.175","0.13774193548387098","0.7847826086956522","0.043559322033898305","0.043559322033898305","0.505"
"5","0.26235294117647057","0.8447058823529412","0.49917647058823533","0.8912941176470588","0.01","0.01","0.01","0.01","0.01","1.01","0.01","0.175","0.13774193548387098","0.7847826086956522","0.043559322033898305","0.043559322033898305","0.505"
"9","0.6467058823529412","0.9378823529411765","0.5923529411764706","0.16529411764705884","1.01","0.01","0.01","0.01","0.01","0.01","0.01","0.175","0.13774193548387098","0.7847826086956522","0.043559322033898305","0.043559322033898305","0.505"
"1","0.4487058823529412","0.1148235294117647","0.41764705882352937","0.9301176470588236","0.01","0.01","0.01","1.01","0.01","0.01","0.01","0.175","0.13774193548387098","0.7847826086956522","0.043559322033898305","0.043559322033898305","0.505"
"3","0.6932941176470588","0.5845882352941177","0.6389411764705882","0.5690588235294117","0.01","1.01","0.01","0.01","0.01","0.01","0.01","0.175","0.13774193548387098","0.7847826086956522","0.043559322033898305","0.060338983050847464","0.505"
"6","0.14200000000000002","0.02164705882352941","0.3516470588235294","0.20411764705882354","0.01","0.01","0.01","1.01","0.01","0.01","0.01","0.175","0.13774193548387098","0.7847826086956522","0.043559322033898305","0.060338983050847464","0.505"
"5","0.868","0.39435294117647063","0.7748235294117647","0.2701176470588236","0.01","0.01","0.01","0.01","0.01","0.01","1.01","0.175","0.13774193548387098","0.7847826086956522","0.043559322033898305","0.060338983050847464","0.505"
"1","0.9495294117647058","0.20023529411764707","0.736","0.5302352941176471","0.01","0.01","0.01","0.01","1.01","0.01","0.01","0.175","0.13774193548387098","0.7847826086956522","0.043559322033898305","0.060338983050847464","0.505"
"6","0.11094117647058822","0.3322352941176471","0.41764705882352937","0.9262352941176472","1.01","0.01","0.01","0.01","0.01","0.01","0.01","0.175","0.13774193548387098","0.7847826086956522","0.043559322033898305","0.060338983050847464","0.505"
"7","0.8485882352941176","0.5185882352941176","0.025529411764705884","0.9534117647058823","0.01","1.01","0.01","0.01","0.01","0.01","0.01","0.175","0.13774193548387098","0.7847826086956522","0.043559322033898305","0.0771186440677966","0.505"
"7","0.8874117647058823","0.4409411764705882","0.9728235294117646","0.8485882352941176","1.01","0.01","0.01","0.01","0.01","0.01","0.01","0.175","0.13774193548387098","0.7847826086956522","0.043559322033898305","0.0771186440677966","0.505"
"5","0.01388235294117647","0.27788235294117647","0.2351764705882353","0.22741176470588237","0.01","0.01","0.01","0.01","1.01","0.01","0.01","0.175","0.13774193548387098","0.7847826086956522","0.043559322033898305","0.0771186440677966","0.505"
"9","0.7825882352941177","0.18082352941176472","0.3011764705882353","0.868","0.01","0.01","1.01","0.01","0.01","0.01","0.01","0.175","0.13774193548387098","0.7847826086956522","0.043559322033898305","0.0771186440677966","0.505"
"9","0.20800000000000002","0.24294117647058824","0.13811764705882354","0.4758823529411765","0.01","0.01","0.01","0.01","1.01","0.01","0.01","0.175","0.13774193548387098","0.7847826086956522","0.043559322033898305","0.0771186440677966","0.505"
"9","0.3827058823529412","0.060470588235294116","0.7243529411764705","0.21964705882352942","0.01","0.01","0.01","1.01","0.01","0.01","0.01","0.175","0.13774193548387098","0.7847826086956522","0.043559322033898305","0.09389830508474575","0.505"
"6","0.2235294117647059","0.5108235294117647","0.5768235294117646","0.1847058823529412","0.01","1.01","0.01","0.01","0.01","0.01","0.01","0.175","0.13774193548387098","0.7847826086956522","0.043559322033898305","0.09389830508474575","0.505"
"7","0.19247058823529414","0.22741176470588237","0.4681176470588236","0.2584705882352941","0.01","1.01","0.01","0.01","0.01","0.01","0.01","0.175","0.13774193548387098","0.7847826086956522","0.043559322033898305","0.09389830508474575","0.505"
"9","0.7903529411764706","0.23129411764705884","0.6078823529411764","0.5845882352941177","1.01","0.01","0.01","0.01","0.01","0.01","0.01","0.175","0.13774193548387098","0.7847826086956522","0.043559322033898305","0.09389830508474575","0.505"
"0","0.9767058823529412","0.8097647058823529","0.41764705882352937","0.10317647058823529","0.01","0.01","0.01","0.01","0.01","1.01","0.01","0.175","0.13774193548387098","0.7847826086956522","0.043559322033898305","0.09389830508474575","0.505"
"0","0.5884705882352942","0.16141176470588237","0.6855294117647059","0.4603529411764706","0.01","1.01","0.01","0.01","0.01","0.01","0.01","0.175","0.13774193548387098","0.7847826086956522","0.043559322033898305","0.09389830508474575","0.505"
"3","0.5768235294117646","0.6505882352941177","0.4487058823529412","0.5845882352941177","0.01","0.01","0.01","0.01","1.01","0.01","0.01","0.175","0.13774193548387098","0.7847826086956522","0.043559322033898305","0.11067796610169492","0.505"
"7","0.6078823529411764","0.5418823529411765","0.5457647058823529","0.5496470588235294","0.01","0.01","0.01","0.01","0.01","1.01","0.01","0.175","0.13774193548387098","0.7847826086956522","0.043559322033898305","0.11067796610169492","0.505"
"0","0.4137647058823529","0.8912941176470588","0.8097647058823529","0.41764705882352937","0.01","1.01","0.01","0.01","0.01","0.01","0.01","0.175","0.13774193548387098","0.7847826086956522","0.043559322033898305","0.11067796610169492","0.505"
"7","0.041058823529411766","0.6855294117647059","0.25070588235294117","0.20800000000000002","1.01","0.01","0.01","0.01","0.01","0.01","0.01","0.175","0.13774193548387098","0.7847826086956522","0.043559322033898305","0.11067796610169492","0.505"
"2","0.3361176470588235","0.7049411764705882","0.3865882352941176","0.48364705882352943","0.01","0.01","0.01","0.01","0.01","1.01","0.01","0.175","0.13774193548387098","0.7847826086956522","0.043559322033898305","0.11067796610169492","0.505"
"5","0.5457647058823529","1.0","0.01","0.281764705882353","0.01","0.01","0.01","0.01","0.01","1.01","0.01","0.175","0.13774193548387098","0.7847826086956522","0.043559322033898305","0.12745762711864408","0.505"
"7","0.4331764705882353","0.14200000000000002","0.3283529411764706","0.7592941176470588","0.01","0.01","0.01","0.01","1.01","0.01","0.01","0.175","0.13774193548387098","0.7847826086956522","0.043559322033898305","0.12745762711864408","0.505"
"5","0.3982352941176471","0.6544705882352941","0.25458823529411767","0.6738823529411764","0.01","0.01","0.01","0.01","0.01","0.01","1.01","0.175","0.13774193548387098","0.7847826086956522","0.043559322033898305","0.12745762711864408","0.505"
"5","0.604","0.6195294117647059","0.6932941176470588","0.941764705882353","0.01","1.01","0.01","0.01","0.01","0.01","0.01","0.175","0.13774193548387098","0.7847826086956522","0.043559322033898305","0.12745762711864408","0.505"
"9","0.21576470588235297","0.3205882352941177","0.3632941176470588","0.3788235294117647","0.01","0.01","0.01","0.01","0.01","1.01","0.01","0.175","0.13774193548387098","0.7847826086956522","0.043559322033898305","0.12745762711864408","0.505"
"9","0.5457647058823529","0.3322352941176471","0.934","0.076","0.01","0.01","0.01","0.01","1.01","0.01","0.01","0.175","0.13774193548387098","0.7847826086956522","0.043559322033898305","0.14423728813559322","0.505"
"3","0.3244705882352941","0.44482352941176473","0.060470588235294116","0.7903529411764706","1.01","0.01","0.01","0.01","0.01","0.01","0.01","0.175","0.13774193548387098","0.7847826086956522","0.043559322033898305","0.14423728813559322","0.505"
"3","0.3283529411764706","0.9650588235294117","0.7554117647058823","0.2390588235294118","0.01","0.01","0.01","0.01","0.01","1.01","0.01","0.175","0.13774193548387098","0.7847826086956522","0.043559322033898305","0.14423728813559322","0.505"
"6","0.6971764705882353","0.6932941176470588","0.2934117647058823","0.1458823529411765","0.01","0.01","1.01","0.01","0.01","0.01","0.01","0.175","0.13774193548387098","0.7847826086956522","0.043559322033898305","0.14423728813559322","0.505"
"6","0.3982352941176471","0.941764705882353","0.18858823529411764","0.6001176470588235","0.01","0.01","1.01","0.01","0.01","0.01","0.01","0.175","0.13774193548387098","0.7847826086956522","0.043559322033898305","0.14423728813559322","0.505"
"9","0.8485882352941176","0.8252941176470587","0.7010588235294117","0.8835294117647059","0.01","1.01","0.01","0.01","0.01","0.01","0.01","0.175","0.13774193548387098","0.7847826086956522","0.043559322033898305","0.1610169491525424","0.505"
"1","0.9922352941176471","0.9611764705882353","0.5807058823529412","0.6272941176470588","0.01","0.01","0.01","0.01","0.01","0.01","1.01","0.175","0.13774193548387098","0.7847826086956522","0.043559322033898305","0.1610169491525424","0.505"
"8","0.21188235294117647","0.4098823529411765","0.4370588235294118","0.6583529411764706","0.01","0.01","1.01","0.01","0.01","0.01","0.01","0.175","0.13774193548387098","0.7847826086956522","0.043559322033898305","0.1610169491525424","0.505"
"8","0.6156470588235294","0.9883529411764707","0.20023529411764707","0.24682352941176472","1.01","0.01","0.01","0.01","0.01","0.01","0.01","0.175","0.13774193548387098","0.7847826086956522","0.043559322033898305","0.1610169491525424","0.505"
"6","0.06435294117647058","0.3632941176470588","0.7748235294117647","0.8330588235294119","0.01","1.01","0.01","0.01","0.01","0.01","0.01","0.175","0.13774193548387098","0.7847826086956522","0.043559322033898305","0.1610169491525424","0.505"
"1","0.5263529411764706","0.6816470588235295","0.31670588235294117","0.7243529411764705","0.01","0.01","1.01","0.01","0.01","0.01","0.01","0.175","0.13774193548387098","0.7847826086956522","0.043559322033898305","0.1610169491525424","0.505"
"3","0.18082352941176472","0.01","0.25070588235294117","0.3283529411764706","0.01","0.01","0.01","0.01","0.01","1.01","0.01","0.175","0.13774193548387098","0.7847826086956522","0.043559322033898305","0.17779661016949153","0.505"
"2","0.3438823529411765","0.5923529411764706","0.3710588235294118","0.9145882352941176","0.01","0.01","0.01","0.01","0.01","0.01","1.01","0.175","0.13774193548387098","0.7847826086956522","0.043559322033898305","0.17779661016949153","0.505"
"1","0.2934117647058823","0.7049411764705882","0.6389411764705882","0.9456470588235294","0.01","0.01","0.01","0.01","0.01","1.01","0.01","0.175","0.13774193548387098","0.7847826086956522","0.043559322033898305","0.17779661016949153","0.505"
"4","0.9534117647058823","0.4758823529411765","0.8291764705882353","0.08764705882352941","0.01","0.01","0.01","0.01","0.01","0.01","1.01","0.175","0.13774193548387098","0.7847826086956522","0.043559322033898305","0.17779661016949153","0.505"
"6","0.6467058823529412","0.7748235294117647","0.7748235294117647","0.7864705882352941","0.01","0.01","0.01","0.01","1.01","0.01","0.01","0.175","0.13774193548387098","0.7847826086956522","0.043559322033898305","0.17779661016949153","0.505"
"5","0.21576470588235297","0.941764705882353","0.4487058823529412","0.12258823529411764","0.01","0.01","0.01","0.01","0.01","0.01","1.01","0.175","0.13774193548387098","0.7847826086956522","0.043559322033898305","0.1945762711864407","0.505"
"5","0.6311764705882353","0.7088235294117647","0.08376470588235294","0.5147058823529411","0.01","0.01","0.01","1.01","0.01","0.01","0.01","0.175","0.13774193548387098","0.7847826086956522","0.043559322033898305","0.1945762711864407","0.505"
"3","0.5884705882352942","0.01776470588235294","0.7204705882352941","0.4758823529411765","0.01","1.01","0.01","0.01","0.01","0.01","0.01","0.175","0.13774193548387098","0.7847826086956522","0.043559322033898305","0.1945762711864407","0.505"
"1","0.3011764705882353","0.5574117647058824","0.3982352941176471","0.8330588235294119","0.01","0.01","0.01","1.01","0.01","0.01","0.01","0.175","0.13774193548387098","0.7847826086956522","0.043559322033898305","0.1945762711864407","0.505"
"9","0.4370588235294118","0.6272941176470588","0.09929411764705881","0.3089411764705882","0.01","1.01","0.01","0.01","0.01","0.01","0.01","0.175","0.13774193548387098","0.7847826086956522","0.043559322033898305","0.1945762711864407","0.505"
"2","0.7592941176470588","0.2351764705882353","0.7476470588235294","0.5923529411764706","0.01","0.01","1.01","0.01","0.01","0.01","0.01","0.175","0.13774193548387098","0.7847826086956522","0.043559322033898305","0.1945762711864407","0.505"
"7","0.4098823529411765","0.5729411764705882","0.941764705882353","0.14200000000000002","0.01","1.01","0.01","0.01","0.01","0.01","0.01","0.175","0.13774193548387098","0.7847826086956522","0.043559322033898305","0.21135593220338986","0.505"
"1","0.16917647058823532","0.7981176470588235","0.16141176470588237","0.8330588235294119","0.01","0.01","1.01","0.01","0.01","0.01","0.01","0.175","0.13774193548387098","0.7847826086956522","0.043559322033898305","0.21135593220338986","0.505"
"1","0.4409411764705882","0.6505882352941177","0.7981176470588235","0.1458823529411765","0.01","0.01","0.01","0.01","0.01","1.01","0.01","0.175","0.13774193548387098","0.7847826086956522","0.043559322033898305","0.21135593220338986","0.505"
"9","0.3361176470588235","0.21964705882352942","0.8136470588235294","0.4137647058823529","0.01","0.01","0.01","1.01","0.01","0.01","0.01","0.175","0.13774193548387098","0.7847826086956522","0.043559322033898305","0.21135593220338986","0.505"
"4","0.03329411764705882","0.07211764705882352","0.9961176470588236","0.21576470588235297","0.01","0.01","1.01","0.01","0.01","0.01","0.01","0.175","0.13774193548387098","0.7847826086956522","0.043559322033898305","0.21135593220338986","0.505"
"4","0.7398823529411765","0.04882352941176471","0.5962352941176471","0.30505882352941177","0.01","0.01","0.01","0.01","1.01","0.01","0.01","0.175","0.13774193548387098","0.7847826086956522","0.043559322033898305","0.228135593220339","0.505"
"6","0.7204705882352941","0.5807058823529412","0.7476470588235294","0.6001176470588235","0.01","0.01","0.01","0.01","0.01","1.01","0.01","0.175","0.13774193548387098","0.7847826086956522","0.043559322033898305","0.228135593220339","0.505"
"5","0.3904705882352941","0.4409411764705882","0.09929411764705881","0.14976470588235294","0.01","0.01","0.01","0.01","0.01","0.01","1.01","0.175","0.13774193548387098","0.7847826086956522","0.043559322033898305","0.228135593220339","0.505"
"9","0.0371764705882353","0.3710588235294118","0.18858823529411764","0.30505882352941177","1.01","0.01","0.01","0.01","0.01","0.01","0.01","0.175","0.13774193548387098","0.7847826086956522","0.043559322033898305","0.228135593220339","0.505"
"2","0.6350588235294118","0.5224705882352941","0.794235294117647","0.9456470588235294","0.01","0.01","0.01","0.01","0.01","1.01","0.01","0.175","0.13774193548387098","0.7847826086956522","0.043559322033898305","0.228135593220339","0.505"
"3","0.6816470588235295","0.3865882352941176","0.9534117647058823","0.4681176470588236","1.01","0.01","0.01","0.01","0.01","0.01","0.01","0.175","0.13774193548387098","0.7847826086956522","0.043559322033898305","0.24491525423728816","0.505"
"5","0.5690588235294117","0.5069411764705882","0.8524705882352941","0.2701176470588236","0.01","0.01","1.01","0.01","0.01","0.01","0.01","0.175","0.13774193548387098","0.7847826086956522","0.043559322033898305","0.24491525423728816","0.505"
"5","0.25458823529411767","0.11870588235294117","0.35552941176470587","1.0","0.01","0.01","1.01","0.01","0.01","0.01","0.01","0.175","0.13774193548387098","0.7847826086956522","0.043559322033898305","0.24491525423728816","0.505"
"3","0.20023529411764707","0.662235294117647","0.06435294117647058","0.4370588235294118","0.01","1.01","0.01","0.01","0.01","0.01","0.01","0.175","0.13774193548387098","0.7847826086956522","0.043559322033898305","0.24491525423728816","0.505"
"7","0.41764705882352937","0.5069411764705882","0.1264705882352941","0.6661176470588235","0.01","0.01","0.01","0.01","0.01","1.01","0.01","0.175","0.13774193548387098","0.7847826086956522","0.043559322033898305","0.24491525423728816","0.505"
"0","0.5535294117647059","0.24294117647058824","0.1264705882352941","0.9883529411764707","0.01","0.01","0.01","0.01","0.01","1.01","0.01","0.175","0.13774193548387098","0.7847826086956522","0.043559322033898305","0.26169491525423727","0.505"
"4","0.5147058823529411","0.4797647058823529","0.47200000000000003","0.08376470588235294","0.01","0.01","0.01","1.01","0.01","0.01","0.01","0.175","0.13774193548387098","0.7847826086956522","0.043559322033898305","0.26169491525423727","0.505"
"1","0.6467058823529412","0.5030588235294118","0.13811764705882354","0.8757647058823529","0.01","0.01","0.01","0.01","0.01","0.01","1.01","0.175","0.13774193548387098","0.7847826086956522","0.043559322033898305","0.26169491525423727","0.505"
"5","0.3710588235294118","0.8718823529411764","0.029411764705882353","0.12258823529411764","0.01","0.01","0.01","1.01","0.01","0.01","0.01","0.175","0.13774193548387098","0.7847826086956522","0.043559322033898305","0.26169491525423727","0.505"
"4","0.8369411764705883","0.3982352941176471","0.9922352941176471","0.7670588235294117","0.01","0.01","1.01","0.01","0.01","0.01","0.01","0.175","0.13774193548387098","0.7847826086956522","0.043559322033898305","0.26169491525423727","0.505"
"1","0.5923529411764706","0.3710588235294118","0.7204705882352941","0.6389411764705882","0.01","0.01","0.01","1.01","0.01","0.01","0.01","0.175","0.13774193548387098","0.7847826086956522","0.043559322033898305","0.27847457627118644","0.505"
"6","0.8563529411764705","0.6428235294117647","0.7631764705882352","0.3516470588235294","0.01","0.01","0.01","0.01","1.01","0.01","0.01","0.175","0.13774193548387098","0.7847826086956522","0.043559322033898305","0.27847457627118644","0.505"
"9","0.6350588235294118","0.3283529411764706","0.4487058823529412","0.1264705882352941","0.01","0.01","0.01","0.01","0.01","0.01","1.01","0.175","0.13774193548387098","0.7847826086956522","0.043559322033898305","0.27847457627118644","0.505"
"2","0.6078823529411764","0.9844705882352941","0.07211764705882352","0.6699999999999999","0.01","0.01","0.01","0.01","0.01","1.01","0.01","0.175","0.13774193548387098","0.7847826086956522","0.043559322033898305","0.2952542372881356","0.505"
"3","0.918470588235294","0.8912941176470588","0.9728235294117646","0.18082352941176472","0.01","0.01","1.01","0.01","0.01","0.01","0.01","0.175","0.13774193548387098","0.7847826086956522","0.043559322033898305","0.2952542372881356","0.505"
"1","0.5418823529411765","0.7515294117647059","0.9534117647058823","0.5574117647058824","0.01","1.01","0.01","0.01","0.01","0.01","0.01","0.175","0.13774193548387098","0.7847826086956522","0.043559322033898305","0.2952542372881356","0.505"
"7","0.8524705882352941","0.49917647058823533","0.7165882352941176","0.7981176470588235","0.01","0.01","0.01","1.01","0.01","0.01","0.01","0.175","0.13774193548387098","0.7847826086956522","0.043559322033898305","0.2952542372881356","0.505"
"5","0.8874117647058823","0.15364705882352944","0.6117647058823529","0.1264705882352941","0.01","0.01","1.01","0.01","0.01","0.01","0.01","0.175","0.13774193548387098","0.7847826086956522","0.043559322033898305","0.2952542372881356","0.505"
"7","0.24294117647058824","0.5302352941176471","0.5807058823529412","0.9611764705882353","0.01","0.01","0.01","1.01","0.01","0.01","0.01","0.175","0.13774193548387098","0.7847826086956522","0.043559322033898305","0.31203389830508477","0.505"
"8","0.22741176470588237","0.5807058823529412","0.9767058823529412","0.6894117647058824","0.01","0.01","0.01","0.01","1.01","0.01","0.01","0.175","0.13774193548387098","0.7847826086956522","0.043559322033898305","0.31203389830508477","0.505"
"8","0.3594117647058824","0.21576470588235297","0.13811764705882354","0.8252941176470587","0.01","1.01","0.01","0.01","0.01","0.01","0.01","0.175","0.13774193548387098","0.7847826086956522","0.043559322033898305","0.31203389830508477","0.505"
"0","0.5923529411764706","0.3788235294117647","0.13811764705882354","0.5923529411764706","0.01","0.01","0.01","1.01","0.01","0.01","0.01","0.175","0.13774193548387098","0.7847826086956522","0.043559322033898305","0.31203389830508477","0.505"
"3","0.20023529411764707","0.44482352941176473","0.01388235294117647","0.8524705882352941","0.01","0.01","0.01","0.01","0.01","0.01","1.01","0.175","0.13774193548387098","0.7847826086956522","0.043559322033898305","0.31203389830508477","0.505"
"5","0.4487058823529412","0.9378823529411765","0.9223529411764705","0.6894117647058824","0.01","0.01","1.01","0.01","0.01","0.01","0.01","0.175","0.13774193548387098","0.7847826086956522","0.043559322033898305","0.3288135593220339","0.505"
"4","0.42152941176470593","0.9029411764705882","0.21964705882352942","0.6738823529411764","0.01","0.01","0.01","0.01","0.01","0.01","1.01","0.175","0.13774193548387098","0.7847826086956522","0.043559322033898305","0.3288135593220339","0.505"
"3","0.4331764705882353","0.9728235294117646","0.09929411764705881","0.076","0.01","0.01","0.01","0.01","1.01","0.01","0.01","0.175","0.13774193548387098","0.7847826086956522","0.043559322033898305","0.3288135593220339","0.505"
"8","0.9534117647058823","0.1575294117647059","0.4487058823529412","0.6272941176470588","0.01","0.01","0.01","0.01","0.01","1.01","0.01","0.175","0.13774193548387098","0.7847826086956522","0.043559322033898305","0.3288135593220339","0.505"
"0","0.06823529411764706","0.4758823529411765","0.20023529411764707","0.4137647058823529","0.01","0.01","0.01","0.01","0.01","0.01","1.01","0.175","0.13774193548387098","0.7847826086956522","0.043559322033898305","0.3288135593220339","0.505"
"9","0.5030588235294118","0.4797647058823529","0.10317647058823529","0.9301176470588236","0.01","0.01","0.01","1.01","0.01","0.01","0.01","0.175","0.13774193548387098","0.7847826086956522","0.043559322033898305","0.34559322033898304","0.505"
"3","0.49529411764705883","0.4797647058823529","0.044941176470588234","0.8524705882352941","0.01","1.01","0.01","0.01","0.01","0.01","0.01","0.175","0.13774193548387098","0.7847826086956522","0.043559322033898305","0.34559322033898304","0.505"
"7","0.9029411764705882","0.1303529411764706","0.07211764705882352","0.6272941176470588","0.01","0.01","1.01","0.01","0.01","0.01","0.01","0.175","0.13774193548387098","0.7847826086956522","0.043559322033898305","0.34559322033898304","0.505"
"1","0.11094117647058822","0.3322352941176471","0.5612941176470588","0.6272941176470588","0.01","0.01","0.01","0.01","1.01","0.01","0.01","0.175","0.13774193548387098","0.7847826086956522","0.043559322033898305","0.34559322033898304","0.505"
"4","0.9650588235294117","0.3788235294117647","0.04882352941176471","0.01","0.01","1.01","0.01","0.01","0.01","0.01","0.01","0.175","0.13774193548387098","0.7847826086956522","0.043559322033898305","0.34559322033898304","0.505"
"2","0.041058823529411766","0.36717647058823527","0.9145882352941176","0.7398823529411765","0.01","0.01","0.01","0.01","0.01","1.01","0.01","0.175","0.13774193548387098","0.7847826086956522","0.043559322033898305","0.3623728813559322","0.505"
"3","0.02164705882352941","0.025529411764705884","0.7748235294117647","0.13811764705882354","0.01","0.01","0.01","1.01","0.01","0.01","0.01","0.175","0.13774193548387098","0.7847826086956522","0.043559322033898305","0.3623728813559322","0.505"
"3","0.24682352941176472","0.6195294117647059","0.802","0.10317647058823529","0.01","1.01","0.01","0.01","0.01","0.01","0.01","0.175","0.13774193548387098","0.7847826086956522","0.043559322033898305","0.3623728813559322","0.505"
"7","0.5418823529411765","0.3322352941176471","0.5069411764705882","0.39435294117647063","0.01","0.01","1.01","0.01","0.01","0.01","0.01","0.175","0.13774193548387098","0.7847826086956522","0.043559322033898305","0.3623728813559322","0.505"
"0","0.11870588235294117","0.01776470588235294","0.16141176470588237","0.5496470588235294","1.01","0.01","0.01","0.01","0.01","0.01","0.01","0.175","0.13774193548387098","0.7847826086956522","0.043559322033898305","0.3623728813559322","0.505"
"5","0.8990588235294118","0.1847058823529412","0.7592941176470588","0.5224705882352941","0.01","0.01","0.01","0.01","0.01","1.01","0.01","0.175","0.13774193548387098","0.7847826086956522","0.043559322033898305","0.3791525423728814","0.505"
"9","0.3128235294117647","0.2701176470588236","0.029411764705882353","0.26235294117647057","0.01","0.01","0.01","0.01","1.01","0.01","0.01","0.175","0.13774193548387098","0.7847826086956522","0.043559322033898305","0.3791525423728814","0.505"
"6","0.3749411764705883","0.5845882352941177","0.662235294117647","0.5535294117647059","0.01","0.01","0.01","0.01","0.01","0.01","1.01","0.175","0.13774193548387098","0.7847826086956522","0.043559322033898305","0.3791525423728814","0.505"
"4","0.12258823529411764","0.11870588235294117","0.1303529411764706","0.736","0.01","0.01","0.01","0.01","0.01","0.01","1.01","0.175","0.13774193548387098","0.7847826086956522","0.043559322033898305","0.3791525423728814","0.505"
"7","0.01776470588235294","0.5923529411764706","0.28952941176470587","0.8757647058823529","0.01","0.01","0.01","1.01","0.01","0.01","0.01","0.175","0.13774193548387098","0.7847826086956522","0.043559322033898305","0.3791525423728814","0.505"
"1","0.24682352941176472","0.6078823529411764","0.2701176470588236","0.6272941176470588","1.01","0.01","0.01","0.01","0.01","0.01","0.01","0.175","0.13774193548387098","0.7847826086956522","0.043559322033898305","0.3791525423728814","0.505"
"1","0.9844705882352941","0.9495294117647058","0.6816470588235295","0.3011764705882353","0.01","0.01","1.01","0.01","0.01","0.01","0.01","0.175","0.13774193548387098","0.7847826086956522","0.043559322033898305","0.39593220338983054","0.505"
"4","0.5147058823529411","0.025529411764705884","0.09541176470588235","0.6738823529411764","1.01","0.01","0.01","0.01","0.01","0.01","0.01","0.175","0.13774193548387098","0.7847826086956522","0.043559322033898305","0.39593220338983054","0.505"
"8","0.05658823529411765","0.08376470588235294","0.16529411764705884","0.8874117647058823","0.01","0.01","0.01","0.01","1.01","0.01","0.01","0.175","0.13774193548387098","0.7847826086956522","0.043559322033898305","0.39593220338983054","0.505"
"4","0.9689411764705882","0.934","0.17305882352941176","0.21964705882352942","0.01","0.01","0.01","0.01","1.01","0.01","0.01","0.175","0.13774193548387098","0.7847826086956522","0.043559322033898305","0.39593220338983054","0.505"
"3","0.3128235294117647","0.11870588235294117","0.24682352941176472","0.4797647058823529","0.01","0.01","0.01","0.01","0.01","1.01","0.01","0.175","0.13774193548387098","0.7847826086956522","0.043559322033898305","0.39593220338983054","0.505"
"7","0.3128235294117647","0.860235294117647","0.9456470588235294","0.3594117647058824","0.01","1.01","0.01","0.01","0.01","0.01","0.01","0.175","0.13774193548387098","0.7847826086956522","0.043559322033898305","0.4127118644067797","0.505"
"0","0.7903529411764706","0.9262352941176472","0.4370588235294118","0.2235294117647059","0.01","0.01","0.01","0.01","0.01","0.01","1.01","0.175","0.13774193548387098","0.7847826086956522","0.043559322033898305","0.4127118644067797","0.505"
"5","0.6894117647058824","0.9922352941176471","0.044941176470588234","0.3438823529411765","1.01","0.01","0.01","0.01","0.01","0.01","0.01","0.175","0.13774193548387098","0.7847826086956522","0.043559322033898305","0.4127118644067797","0.505"
"8","0.11870588235294117","0.6272941176470588","0.6350588235294118","0.18858823529411764","0.01","0.01","1.01","0.01","0.01","0.01","0.01","0.175","0.13774193548387098","0.7847826086956522","0.043559322033898305","0.4127118644067797","0.505"
"6","0.6117647058823529","0.21964705882352942","0.3011764705882353","0.5341176470588236","0.01","0.01","0.01","0.01","1.01","0.01","0.01","0.175","0.13774193548387098","0.7847826086956522","0.043559322033898305","0.4127118644067797","0.505"
"7","0.12258823529411764","0.8757647058823529","0.2584705882352941","0.6156470588235294","1.01","0.01","0.01","0.01","0.01","0.01","0.01","0.175","0.13774193548387098","0.7847826086956522","0.043559322033898305","0.4127118644067797","0.505"
"8","0.15364705882352944","0.6699999999999999","0.48364705882352943","0.11870588235294117","0.01","1.01","0.01","0.01","0.01","0.01","0.01","0.175","0.13774193548387098","0.7847826086956522","0.043559322033898305","0.4294915254237288","0.505"
"6","0.7554117647058823","0.16529411764705884","0.4021176470588235","0.21964705882352942","0.01","0.01","0.01","1.01","0.01","0.01","0.01","0.175","0.13774193548387098","0.7847826086956522","0.043559322033898305","0.4294915254237288","0.505"
"6","0.27788235294117647","0.9029411764705882","0.5768235294117646","0.4758823529411765","0.01","0.01","0.01","1.01","0.01","0.01","0.01","0.175","0.13774193548387098","0.7847826086956522","0.043559322033898305","0.4294915254237288","0.505"
"4","0.6001176470588235","0.01388235294117647","0.17694117647058824","0.3438823529411765","0.01","0.01","0.01","0.01","0.01","0.01","1.01","0.175","0.13774193548387098","0.7847826086956522","0.043559322033898305","0.4294915254237288","0.505"
"7","0.794235294117647","0.23129411764705884","0.9262352941176472","0.7748235294117647","1.01","0.01","0.01","0.01","0.01","0.01","0.01","0.175","0.13774193548387098","0.7847826086956522","0.043559322033898305","0.4294915254237288","0.505"
"3","0.3361176470588235","0.49917647058823533","0.918470588235294","0.21188235294117647","0.01","0.01","0.01","0.01","1.01","0.01","0.01","0.175","0.13774193548387098","0.7847826086956522","0.043559322033898305","0.4294915254237288","0.505"
"0","0.5574117647058824","0.07211764705882352","0.3788235294117647","0.1303529411764706","0.01","0.01","0.01","1.01","0.01","0.01","0.01","0.175","0.13774193548387098","0.7847826086956522","0.043559322033898305","0.446271186440678","0.505"
"1","0.9767058823529412","0.3749411764705883","0.05658823529411765","0.9068235294117647","1.01","0.01","0.01","0.01","0.01","0.01","0.01","0.175","0.13774193548387098","0.7847826086956522","0.043559322033898305","0.446271186440678","0.505"
"1","0.49917647058823533","0.6855294117647059","0.6505882352941177","0.5224705882352941","0.01","0.01","0.01","1.01","0.01","0.01","0.01","0.175","0.13774193548387098","0.7847826086956522","0.043559322033898305","0.446271186440678","0.505"
"2","0.5768235294117646","0.8136470588235294","0.1847058823529412","0.45647058823529413","0.01","1.01","0.01","0.01","0.01","0.01","0.01","0.175","0.13774193548387098","0.7847826086956522","0.043559322033898305","0.446271186440678","0.505"
"9","0.5884705882352942","0.794235294117647","0.25458823529411767","0.23129411764705884","0.01","0.01","1.01","0.01","0.01","0.01","0.01","0.175","0.13774193548387098","0.7847826086956522","0.043559322033898305","0.446271186440678","0.505"
"3","0.5302352941176471","0.060470588235294116","0.868","0.01776470588235294","0.01","0.01","1.01","0.01","0.01","0.01","0.01","0.175","0.13774193548387098","0.7847826086956522","0.043559322033898305","0.46305084745762715","0.505"
"4","0.3361176470588235","0.01388235294117647","0.1575294117647059","0.01776470588235294","0.01","0.01","0.01","1.01","0.01","0.01","0.01","0.175","0.13774193548387098","0.7847826086956522","0.043559322033898305","0.46305084745762715","0.505"
"9","0.9534117647058823","0.7864705882352941","0.538","0.9262352941176472","0.01","0.01","0.01","0.01","1.01","0.01","0.01","0.175","0.13774193548387098","0.7847826086956522","0.043559322033898305","0.46305084745762715","0.505"
"1","0.6078823529411764","0.16529411764705884","0.2934117647058823","0.09929411764705881","0.01","0.01","0.01","0.01","1.01","0.01","0.01","0.175","0.13774193548387098","0.7847826086956522","0.043559322033898305","0.46305084745762715","0.505"
"7","0.8641176470588235","0.9456470588235294","0.49529411764705883","0.4331764705882353","0.01","1.01","0.01","0.01","0.01","0.01","0.01","0.175","0.13774193548387098","0.7847826086956522","0.043559322033898305","0.46305084745762715","0.505"
"2","0.7127058823529412","0.8408235294117647","0.16917647058823532","0.5224705882352941","0.01","0.01","0.01","0.01","0.01","0.01","1.01","0.175","0.13774193548387098","0.7847826086956522","0.043559322033898305","0.4798305084745763","0.505"
"5","0.5147058823529411","0.42152941176470593","0.9301176470588236","0.6428235294117647","0.01","0.01","0.01","1.01","0.01","0.01","0.01","0.175","0.13774193548387098","0.7847826086956522","0.043559322033898305","0.4798305084745763","0.505"
"4","0.044941176470588234","0.044941176470588234","0.7981176470588235","0.3710588235294118","0.01","0.01","0.01","0.01","1.01","0.01","0.01","0.175","0.13774193548387098","0.7847826086956522","0.043559322033898305","0.4798305084745763","0.505"
"3","0.6311764705882353","0.01388235294117647","0.3128235294117647","0.04882352941176471","0.01","0.01","1.01","0.01","0.01","0.01","0.01","0.175","0.13774193548387098","0.7847826086956522","0.043559322033898305","0.4798305084745763","0.505"
"9","0.9922352941176471","0.5108235294117647","0.7165882352941176","0.5768235294117646","0.01","0.01","0.01","0.01","0.01","0.01","1.01","0.175","0.13774193548387098","0.7847826086956522","0.043559322033898305","0.4798305084745763","0.505"
"6","0.5108235294117647","0.19247058823529414","0.347764705882353","0.07211764705882352","1.01","0.01","0.01","0.01","0.01","0.01","0.01","0.175","0.13774193548387098","0.7847826086956522","0.043559322033898305","0.4798305084745763","0.505"
"7","0.5224705882352941","0.16141176470588237","0.49917647058823533","0.24682352941176472","0.01","0.01","0.01","0.01","0.01","0.01","1.01","0.175","0.13774193548387098","0.7847826086956522","0.043559322033898305","0.4966101694915255","0.505"
"6","0.9689411764705882","0.3361176470588235","0.860235294117647","0.02164705882352941","0.01","0.01","0.01","1.01","0.01","0.01","0.01","0.175","0.13774193548387098","0.7847826086956522","0.043559322033898305","0.4966101694915255","0.505"
"6","0.6195294117647059","0.13811764705882354","0.5962352941176471","0.8291764705882353","0.01","1.01","0.01","0.01","0.01","0.01","0.01","0.175","0.13774193548387098","0.7847826086956522","0.043559322033898305","0.4966101694915255","0.505"
"7","0.9922352941176471","0.1458823529411765","0.0371764705882353","0.743764705882353","0.01","0.01","0.01","0.01","0.01","1.01","0.01","0.175","0.13774193548387098","0.7847826086956522","0.043559322033898305","0.4966101694915255","0.505"
"3","0.06435294117647058","0.8058823529411765","0.05658823529411765","0.3632941176470588","0.01","0.01","0.01","1.01","0.01","0.01","0.01","0.175","0.13774193548387098","0.7847826086956522","0.043559322033898305","0.4966101694915255","0.505"
"7","0.1148235294117647","0.8757647058823529","0.3283529411764706","0.10705882352941176","0.01","0.01","0.01","1.01","0.01","0.01","0.01","0.175","0.13774193548387098","0.7847826086956522","0.043559322033898305","0.5133898305084745","0.505"
"4","0.6777647058823529","0.3089411764705882","0.07988235294117646","0.36717647058823527","0.01","0.01","0.01","1.01","0.01","0.01","0.01","0.175","0.13774193548387098","0.7847826086956522","0.043559322033898305","0.5133898305084745","0.505"
"9","0.7515294117647059","0.5263529411764706","0.8291764705882353","0.13423529411764706","1.01","0.01","0.01","0.01","0.01","0.01","0.01","0.175","0.13774193548387098","0.7847826086956522","0.043559322033898305","0.5133898305084745","0.505"
"2","0.21576470588235297","0.10317647058823529","0.2584705882352941","0.4875294117647059","0.01","0.01","0.01","0.01","0.01","1.01","0.01","0.175","0.13774193548387098","0.7847826086956522","0.043559322033898305","0.5133898305084745","0.505"
"6","0.8796470588235294","0.20800000000000002","0.1303529411764706","0.7398823529411765","0.01","0.01","0.01","0.01","0.01","0.01","1.01","0.175","0.13774193548387098","0.7847826086956522","0.043559322033898305","0.5133898305084745","0.505"
"6","0.6234117647058823","0.3283529411764706","0.17305882352941176","0.02164705882352941","0.01","0.01","0.01","0.01","0.01","0.01","1.01","0.175","0.13774193548387098","0.7847826086956522","0.043559322033898305","0.5301694915254238","0.505"
"6","0.27788235294117647","0.3128235294117647","0.2934117647058823","0.9961176470588236","0.01","0.01","1.01","0.01","0.01","0.01","0.01","0.175","0.13774193548387098","0.7847826086956522","0.043559322033898305","0.5301694915254238","0.505"
"2","0.5147058823529411","0.01388235294117647","0.941764705882353","0.3827058823529412","0.01","0.01","0.01","1.01","0.01","0.01","0.01","0.175","0.13774193548387098","0.7847826086956522","0.043559322033898305","0.5301694915254238","0.505"
"7","0.09541176470588235","0.3749411764705883","0.6389411764705882","0.6467058823529412","0.01","0.01","0.01","1.01","0.01","0.01","0.01","0.175","0.13774193548387098","0.7847826086956522","0.043559322033898305","0.5301694915254238","0.505"
"8","0.274","0.4254117647058824","0.4292941176470588","0.2235294117647059","0.01","1.01","0.01","0.01","0.01","0.01","0.01","0.175","0.13774193548387098","0.7847826086956522","0.043559322033898305","0.5301694915254238","0.505"
"8","0.49529411764705883","0.6855294117647059","0.15364705882352944","0.9883529411764707","0.01","1.01","0.01","0.01","0.01","0.01","0.01","0.175","0.13774193548387098","0.7847826086956522","0.043559322033898305","0.5469491525423729","0.505"
"3","0.8796470588235294","0.9805882352941176","0.06435294117647058","0.3322352941176471","0.01","0.01","0.01","0.01","1.01","0.01","0.01","0.175","0.13774193548387098","0.7847826086956522","0.043559322033898305","0.5469491525423729","0.505"
"0","0.5302352941176471","0.5108235294117647","0.9456470588235294","0.6156470588235294","0.01","0.01","0.01","1.01","0.01","0.01","0.01","0.175","0.13774193548387098","0.7847826086956522","0.043559322033898305","0.5469491525423729","0.505"
"8","0.42152941176470593","0.9650588235294117","0.6971764705882353","0.3361176470588235","0.01","0.01","0.01","0.01","0.01","0.01","1.01","0.175","0.13774193548387098","0.7847826086956522","0.043559322033898305","0.5469491525423729","0.505"
"7","0.09541176470588235","0.9767058823529412","0.9883529411764707","0.060470588235294116","0.01","0.01","0.01","0.01","0.01","0.01","1.01","0.175","0.13774193548387098","0.7847826086956522","0.043559322033898305","0.5469491525423729","0.505"
"6","0.8563529411764705","0.41764705882352937","0.538","0.04882352941176471","0.01","0.01","0.01","0.01","1.01","0.01","0.01","0.175","0.13774193548387098","0.7847826086956522","0.043559322033898305","0.563728813559322","0.505"
"2","0.7631764705882352","0.6544705882352941","0.05658823529411765","0.9961176470588236","1.01","0.01","0.01","0.01","0.01","0.01","0.01","0.175","0.13774193548387098","0.7847826086956522","0.043559322033898305","0.563728813559322","0.505"
"7","0.029411764705882353","0.06823529411764706","0.3322352941176471","0.3011764705882353","0.01","0.01","0.01","0.01","0.01","1.01","0.01","0.175","0.13774193548387098","0.7847826086956522","0.043559322033898305","0.563728813559322","0.505"
"2","0.7476470588235294","0.7321176470588235","0.025529411764705884","0.24682352941176472","0.01","0.01","0.01","0.01","1.01","0.01","0.01","0.175","0.13774193548387098","0.7847826086956522","0.043559322033898305","0.563728813559322","0.505"
"2","0.6001176470588235","0.3438823529411765","0.25458823529411767","0.25458823529411767","0.01","0.01","1.01","0.01","0.01","0.01","0.01","0.175","0.13774193548387098","0.7847826086956522","0.043559322033898305","0.563728813559322","0.505"
"2","0.8718823529411764","0.6001176470588235","0.2972941176470589","0.5069411764705882","0.01","1.01","0.01","0.01","0.01","0.01","0.01","0.175","0.13774193548387098","0.7847826086956522","0.043559322033898305","0.563728813559322","0.505"
"4","0.5535294117647059","0.9301176470588236","0.5069411764705882","0.4137647058823529","0.01","1.01","0.01","0.01","0.01","0.01","0.01","0.175","0.13774193548387098","0.7847826086956522","0.043559322033898305","0.5805084745762712","0.505"
"2","0.4254117647058824","0.5496470588235294","0.9844705882352941","0.6777647058823529","0.01","0.01","0.01","0.01","1.01","0.01","0.01","0.175","0.13774193548387098","0.7847826086956522","0.043559322033898305","0.5805084745762712","0.505"
"5","0.9378823529411765","0.44482352941176473","0.8485882352941176","0.4331764705882353","1.01","0.01","0.01","0.01","0.01","0.01","0.01","0.175","0.13774193548387098","0.7847826086956522","0.043559322033898305","0.5805084745762712","0.505"
"4","0.5496470588235294","0.9572941176470589","0.9495294117647058","0.9844705882352941","0.01","1.01","0.01","0.01","0.01","0.01","0.01","0.175","0.13774193548387098","0.7847826086956522","0.043559322033898305","0.5805084745762712","0.505"
"4","0.1303529411764706","0.5690588235294117","0.025529411764705884","0.09541176470588235","0.01","1.01","0.01","0.01","0.01","0.01","0.01","0.175","0.13774193548387098","0.7847826086956522","0.043559322033898305","0.5805084745762712","0.505"
"7","0.36717647058823527","0.060470588235294116","0.044941176470588234","0.4409411764705882","0.01","0.01","0.01","0.01","1.01","0.01","0.01","0.175","0.13774193548387098","0.7847826086956522","0.043559322033898305","0.5972881355932204","0.505"
"1","0.7243529411764705","0.9961176470588236","0.4098823529411765","0.9883529411764707","0.01","0.01","0.01","1.01","0.01","0.01","0.01","0.175","0.13774193548387098","0.7847826086956522","0.043559322033898305","0.5972881355932204","0.505"
"5","0.9572941176470589","0.47200000000000003","0.30505882352941177","0.4137647058823529","0.01","0.01","0.01","0.01","1.01","0.01","0.01","0.175","0.13774193548387098","0.7847826086956522","0.043559322033898305","0.5972881355932204","0.505"
"8","0.21188235294117647","0.1575294117647059","0.8835294117647059","0.5768235294117646","0.01","0.01","0.01","0.01","0.01","0.01","1.01","0.175","0.13774193548387098","0.7847826086956522","0.043559322033898305","0.5972881355932204","0.505"
"0","0.7088235294117647","0.7787058823529412","0.9456470588235294","0.8330588235294119","0.01","0.01","0.01","1.01","0.01","0.01","0.01","0.175","0.13774193548387098","0.7847826086956522","0.043559322033898305","0.5972881355932204","0.505"
"9","0.05658823529411765","0.9456470588235294","0.01776470588235294","0.7709411764705882","0.01","1.01","0.01","0.01","0.01","0.01","0.01","0.175","0.13774193548387098","0.7847826086956522","0.043559322033898305","0.6140677966101695","0.505"
"1","0.3089411764705882","0.8874117647058823","0.2390588235294118","0.9495294117647058","0.01","0.01","1.01","0.01","0.01","0.01","0.01","0.175","0.13774193548387098","0.7847826086956522","0.043559322033898305","0.6140677966101695","0.505"
"1","0.8214117647058823","0.3904705882352941","0.16141176470588237","0.3516470588235294","0.01","0.01","0.01","0.01","1.01","0.01","0.01","0.175","0.13774193548387098","0.7847826086956522","0.043559322033898305","0.6140677966101695","0.505"
"9","0.0371764705882353","0.6932941176470588","0.4137647058823529","0.7476470588235294","0.01","0.01","0.01","0.01","1.01","0.01","0.01","0.175","0.13774193548387098","0.7847826086956522","0.043559322033898305","0.6140677966101695","0.505"
"4","0.794235294117647","0.5108235294117647","0.14200000000000002","0.9029411764705882","0.01","0.01","0.01","0.01","0.01","1.01","0.01","0.175","0.13774193548387098","0.7847826086956522","0.043559322033898305","0.6140677966101695","0.505"
"5","0.3982352941176471","0.8912941176470588","0.5185882352941176","0.8175294117647058","0.01","0.01","1.01","0.01","0.01","0.01","0.01","0.175","0.13774193548387098","0.7847826086956522","0.043559322033898305","0.6308474576271187","0.505"
"2","0.9844705882352941","0.2351764705882353","0.941764705882353","0.5496470588235294","0.01","0.01","0.01","0.01","1.01","0.01","0.01","0.175","0.13774193548387098","0.7847826086956522","0.043559322033898305","0.6308474576271187","0.505"
"4","0.5690588235294117","0.5535294117647059","0.5418823529411765","0.21576470588235297","0.01","0.01","0.01","0.01","1.01","0.01","0.01","0.175","0.13774193548387098","0.7847826086956522","0.043559322033898305","0.6308474576271187","0.505"
"7","0.9495294117647058","0.3089411764705882","0.8563529411764705","0.743764705882353","0.01","0.01","0.01","0.01","0.01","0.01","1.01","0.175","0.13774193548387098","0.7847826086956522","0.043559322033898305","0.6308474576271187","0.505"
"0","0.8796470588235294","0.8796470588235294","0.662235294117647","0.6855294117647059","0.01","0.01","1.01","0.01","0.01","0.01","0.01","0.175","0.13774193548387098","0.7847826086956522","0.043559322033898305","0.6308474576271187","0.505"
"4","0.3632941176470588","0.10317647058823529","0.918470588235294","0.274","0.01","1.01","0.01","0.01","0.01","0.01","0.01","0.175","0.13774193548387098","0.7847826086956522","0.043559322033898305","0.6476271186440677","0.505"
"9","0.860235294117647","0.5651764705882353","0.7049411764705882","0.26235294117647057","0.01","0.01","0.01","1.01","0.01","0.01","0.01","0.175","0.13774193548387098","0.7847826086956522","0.043559322033898305","0.6476271186440677","0.505"
"1","0.8175294117647058","0.5185882352941176","0.8951764705882354","0.33999999999999997","0.01","0.01","0.01","0.01","0.01","0.01","1.01","0.175","0.13774193548387098","0.7847826086956522","0.043559322033898305","0.6476271186440677","0.505"
"5","0.02164705882352941","0.8447058823529412","0.8291764705882353","0.4331764705882353","0.01","0.01","0.01","1.01","0.01","0.01","0.01","0.175","0.13774193548387098","0.7847826086956522","0.043559322033898305","0.6476271186440677","0.505"
"3","0.6467058823529412","0.9689411764705882","0.025529411764705884","1.0","0.01","1.01","0.01","0.01","0.01","0.01","0.01","0.175","0.13774193548387098","0.7847826086956522","0.043559322033898305","0.6476271186440677","0.505"
"3","0.464235294117647","0.5263529411764706","0.4098823529411765","0.9922352941176471","0.01","0.01","0.01","0.01","0.01","1.01","0.01","0.175","0.13774193548387098","0.7847826086956522","0.043559322033898305","0.664406779661017","0.505"
"5","0.6311764705882353","0.02164705882352941","0.14976470588235294","0.5768235294117646","0.01","0.01","0.01","0.01","0.01","0.01","1.01","0.175","0.13774193548387098","0.7847826086956522","0.043559322033898305","0.664406779661017","0.505"
"7","0.3361176470588235","0.9689411764705882","0.4370588235294118","0.8757647058823529","0.01","0.01","1.01","0.01","0.01","0.01","0.01","0.175","0.13774193548387098","0.7847826086956522","0.043559322033898305","0.664406779661017","0.505"
"1","0.4370588235294118","0.538","0.09152941176470587","0.03329411764705882","0.01","0.01","1.01","0.01","0.01","0.01","0.01","0.175","0.13774193548387098","0.7847826086956522","0.043559322033898305","0.664406779661017","0.505"
"8","0.5923529411764706","0.6350588235294118","0.2701176470588236","0.21964705882352942","1.01","0.01","0.01","0.01","0.01","0.01","0.01","0.175","0.13774193548387098","0.7847826086956522","0.043559322033898305","0.664406779661017","0.505"
"5","0.20411764705882354","0.7787058823529412","0.6001176470588235","0.2351764705882353","0.01","0.01","0.01","0.01","0.01","0.01","1.01","0.175","0.13774193548387098","0.7847826086956522","0.043559322033898305","0.6811864406779661","0.505"
"3","0.934","0.6467058823529412","0.1303529411764706","0.5884705882352942","0.01","0.01","1.01","0.01","0.01","0.01","0.01","0.175","0.13774193548387098","0.7847826086956522","0.043559322033898305","0.6811864406779661","0.505"
"8","0.9534117647058823","0.802","0.1963529411764706","0.01","0.01","0.01","0.01","0.01","0.01","1.01","0.01","0.175","0.13774193548387098","0.7847826086956522","0.043559322033898305","0.6811864406779661","0.505"
"0","0.7592941176470588","0.5185882352941176","0.4487058823529412","0.2235294117647059","0.01","0.01","0.01","0.01","0.01","0.01","1.01","0.175","0.13774193548387098","0.7847826086956522","0.043559322033898305","0.6811864406779661","0.505"
"8","0.7631764705882352","0.4681176470588236","0.7709411764705882","0.15364705882352944","0.01","0.01","0.01","0.01","1.01","0.01","0.01","0.175","0.13774193548387098","0.7847826086956522","0.043559322033898305","0.6811864406779661","0.505"
"1","0.21964705882352942","0.1458823529411765","0.8912941176470588","0.42152941176470593","1.01","0.01","0.01","0.01","0.01","0.01","0.01","0.175","0.13774193548387098","0.7847826086956522","0.043559322033898305","0.6811864406779661","0.505"
"8","0.9223529411764705","0.2972941176470589","0.9883529411764707","1.0","0.01","0.01","0.01","0.01","0.01","0.01","1.01","0.175","0.13774193548387098","0.7847826086956522","0.043559322033898305","0.6979661016949152","0.505"
"4","0.27788235294117647","0.025529411764705884","0.7864705882352941","0.3089411764705882","0.01","0.01","0.01","0.01","0.01","0.01","1.01","0.175","0.13774193548387098","0.7847826086956522","0.043559322033898305","0.6979661016949152","0.505"
"3","0.22741176470588237","0.4681176470588236","0.7709411764705882","0.6855294117647059","0.01","0.01","1.01","0.01","0.01","0.01","0.01","0.175","0.13774193548387098","0.7847826086956522","0.043559322033898305","0.6979661016949152","0.505"
"2","0.48364705882352943","0.3904705882352941","0.01","0.7631764705882352","0.01","0.01","0.01","1.01","0.01","0.01","0.01","0.175","0.13774193548387098","0.7847826086956522","0.043559322033898305","0.6979661016949152","0.505"
"0","0.20800000000000002","0.03329411764705882","0.8136470588235294","0.6661176470588235","0.01","0.01","0.01","0.01","0.01","0.01","1.01","0.175","0.13774193548387098","0.7847826086956522","0.043559322033898305","0.6979661016949152","0.505"
"1","0.7554117647058823","0.26235294117647057","0.6350588235294118","0.9145882352941176","0.01","0.01","0.01","0.01","1.01","0.01","0.01","0.175","0.13774193548387098","0.7847826086956522","0.043559322033898305","0.7147457627118644","0.505"
"9","0.08764705882352941","0.24294117647058824","0.9145882352941176","0.1458823529411765","0.01","0.01","0.01","0.01","0.01","0.01","1.01","0.175","0.13774193548387098","0.7847826086956522","0.043559322033898305","0.7147457627118644","0.505"
"8","0.2351764705882353","0.5418823529411765","0.604","0.6428235294117647","0.01","0.01","0.01","0.01","0.01","0.01","1.01","0.175","0.13774193548387098","0.7847826086956522","0.043559322033898305","0.7147457627118644","0.505"
"7","0.5574117647058824","0.5457647058823529","0.8252941176470587","0.8369411764705883","1.01","0.01","0.01","0.01","0.01","0.01","0.01","0.175","0.13774193548387098","0.7847826086956522","0.043559322033898305","0.7147457627118644","0.505"
"7","0.6350588235294118","0.3865882352941176","0.7748235294117647","0.8912941176470588","0.01","0.01","0.01","1.01","0.01","0.01","0.01","0.175","0.13774193548387098","0.7847826086956522","0.043559322033898305","0.7147457627118644","0.505"
"1","0.7709411764705882","0.08764705882352941","0.3632941176470588","0.8252941176470587","1.01","0.01","0.01","0.01","0.01","0.01","0.01","0.175","0.13774193548387098","0.7847826086956522","0.043559322033898305","0.7147457627118644","0.505"
"9","0.8874117647058823","0.6699999999999999","0.347764705882353","0.42152941176470593","0.01","0.01","0.01","1.01","0.01","0.01","0.01","0.175","0.13774193548387098","0.7847826086956522","0.043559322033898305","0.7315254237288135","0.505"
"8","0.24682352941176472","0.604","0.8874117647058823","0.26623529411764707","0.01","0.01","1.01","0.01","0.01","0.01","0.01","0.175","0.13774193548387098","0.7847826086956522","0.043559322033898305","0.7315254237288135","0.505"
"6","0.21188235294117647","0.4758823529411765","0.4021176470588235","0.03329411764705882","0.01","1.01","0.01","0.01","0.01","0.01","0.01","0.175","0.13774193548387098","0.7847826086956522","0.043559322033898305","0.7315254237288135","0.505"
"2","0.33999999999999997","0.5845882352941177","0.3594117647058824","0.25070588235294117","1.01","0.01","0.01","0.01","0.01","0.01","0.01","0.175","0.13774193548387098","0.7847826086956522","0.043559322033898305","0.7315254237288135","0.505"
"4","0.49917647058823533","0.9611764705882353","0.7282352941176471","0.8485882352941176","0.01","0.01","0.01","0.01","1.01","0.01","0.01","0.175","0.13774193548387098","0.7847826086956522","0.043559322033898305","0.7315254237288135","0.505"
"3","0.8058823529411765","0.5147058823529411","0.3283529411764706","0.5807058823529412","0.01","0.01","0.01","0.01","0.01","0.01","1.01","0.175","0.13774193548387098","0.7847826086956522","0.043559322033898305","0.7483050847457627","0.505"
"8","0.26623529411764707","0.9650588235294117","0.4797647058823529","0.7864705882352941","0.01","0.01","0.01","1.01","0.01","0.01","0.01","0.175","0.13774193548387098","0.7847826086956522","0.043559322033898305","0.7483050847457627","0.505"
"5","0.4254117647058824","0.743764705882353","0.3865882352941176","0.8718823529411764","0.01","0.01","0.01","0.01","1.01","0.01","0.01","0.175","0.13774193548387098","0.7847826086956522","0.043559322033898305","0.7483050847457627","0.505"
"4","0.7165882352941176","0.5845882352941177","0.01388235294117647","0.7515294117647059","0.01","0.01","0.01","0.01","0.01","1.01","0.01","0.175","0.13774193548387098","0.7847826086956522","0.043559322033898305","0.7483050847457627","0.505"
"7","0.2584705882352941","0.3710588235294118","0.22741176470588237","0.5574117647058824","0.01","0.01","1.01","0.01","0.01","0.01","0.01","0.175","0.13774193548387098","0.7847826086956522","0.043559322033898305","0.7483050847457627","0.505"
"7","0.8990588235294118","0.7398823529411765","0.5729411764705882","0.31670588235294117","0.01","0.01","0.01","1.01","0.01","0.01","0.01","0.175","0.13774193548387098","0.7847826086956522","0.043559322033898305","0.7483050847457627","0.505"
"0","0.3865882352941176","0.743764705882353","0.6699999999999999","0.01776470588235294","0.01","1.01","0.01","0.01","0.01","0.01","0.01","0.175","0.13774193548387098","0.7847826086956522","0.043559322033898305","0.7650847457627118","0.505"
"3","0.7787058823529412","0.18858823529411764","0.8796470588235294","0.16529411764705884","0.01","0.01","1.01","0.01","0.01","0.01","0.01","0.175","0.13774193548387098","0.7847826086956522","0.043559322033898305","0.7650847457627118","0.505"
"0","0.3438823529411765","0.6117647058823529","0.8136470588235294","0.662235294117647","0.01","0.01","0.01","0.01","0.01","1.01","0.01","0.175","0.13774193548387098","0.7847826086956522","0.043559322033898305","0.7650847457627118","0.505"
"6","1.0","0.7088235294117647","0.18082352941176472","0.860235294117647","0.01","0.01","0.01","0.01","0.01","1.01","0.01","0.175","0.13774193548387098","0.7847826086956522","0.043559322033898305","0.7650847457627118","0.505"
"0","0.42152941176470593","0.9068235294117647","0.9456470588235294","0.4137647058823529","0.01","0.01","0.01","0.01","1.01","0.01","0.01","0.175","0.13774193548387098","0.7847826086956522","0.043559322033898305","0.7650847457627118","0.505"
"7","0.6428235294117647","0.20023529411764707","0.7515294117647059","0.7748235294117647","0.01","0.01","0.01","0.01","0.01","0.01","1.01","0.175","0.13774193548387098","0.7847826086956522","0.043559322033898305","0.7818644067796611","0.505"
"8","0.029411764705882353","0.1458823529411765","0.8835294117647059","0.8447058823529412","0.01","0.01","0.01","0.01","0.01","1.01","0.01","0.175","0.13774193548387098","0.7847826086956522","0.043559322033898305","0.7818644067796611","0.505"
"5","0.44482352941176473","0.6544705882352941","0.4797647058823529","0.08376470588235294","0.01","0.01","0.01","0.01","0.01","0.01","1.01","0.175","0.13774193548387098","0.7847826086956522","0.043559322033898305","0.7818644067796611","0.505"
"3","0.044941176470588234","0.029411764705882353","0.4137647058823529","0.2972941176470589","0.01","0.01","0.01","0.01","0.01","1.01","0.01","0.175","0.13774193548387098","0.7847826086956522","0.043559322033898305","0.7818644067796611","0.505"
"7","0.5069411764705882","0.3904705882352941","0.743764705882353","0.3361176470588235","0.01","0.01","1.01","0.01","0.01","0.01","0.01","0.175","0.13774193548387098","0.7847826086956522","0.043559322033898305","0.7818644067796611","0.505"
"9","0.8718823529411764","0.3827058823529412","0.8641176470588235","0.6971764705882353","0.01","0.01","1.01","0.01","0.01","0.01","0.01","0.175","0.13774193548387098","0.7847826086956522","0.043559322033898305","0.7986440677966101","0.505"
"5","0.347764705882353","0.7554117647058823","0.029411764705882353","0.5263529411764706","0.01","0.01","0.01","0.01","1.01","0.01","0.01","0.175","0.13774193548387098","0.7847826086956522","0.043559322033898305","0.7986440677966101","0.505"
"0","0.6699999999999999","0.1303529411764706","0.7670588235294117","0.6894117647058824","0.01","0.01","0.01","0.01","0.01","0.01","1.01","0.175","0.13774193548387098","0.7847826086956522","0.043559322033898305","0.7986440677966101","0.505"
"0","0.8951764705882354","0.20023529411764707","0.17694117647058824","0.8447058823529412","0.01","1.01","0.01","0.01","0.01","0.01","0.01","0.175","0.13774193548387098","0.7847826086956522","0.043559322033898305","0.7986440677966101","0.505"
"6","0.44482352941176473","0.5185882352941176","0.8757647058823529","0.42152941176470593","1.01","0.01","0.01","0.01","0.01","0.01","0.01","0.175","0.13774193548387098","0.7847826086956522","0.043559322033898305","0.7986440677966101","0.505"
"3","0.7554117647058823","0.04882352941176471","0.48364705882352943","0.15364705882352944","0.01","1.01","0.01","0.01","0.01","0.01","0.01","0.175","0.13774193548387098","0.7847826086956522","0.043559322033898305","0.8154237288135594","0.505"
"2","0.743764705882353","0.2351764705882353","0.5185882352941176","0.7476470588235294","0.01","0.01","0.01","0.01","1.01","0.01","0.01","0.175","0.13774193548387098","0.7847826086956522","0.043559322033898305","0.8154237288135594","0.505"
"6","0.1963529411764706","0.1458823529411765","0.406","0.8252941176470587","0.01","0.01","0.01","0.01","1.01","0.01","0.01","0.175","0.13774193548387098","0.7847826086956522","0.043559322033898305","0.8154237288135594","0.505"
"6","0.4525882352941177","0.3011764705882353","0.9572941176470589","0.5069411764705882","0.01","0.01","1.01","0.01","0.01","0.01","0.01","0.175","0.13774193548387098","0.7847826086956522","0.043559322033898305","0.8154237288135594","0.505"
"8","0.5962352941176471","0.6350588235294118","0.8408235294117647","0.7321176470588235","0.01","0.01","0.01","0.01","0.01","0.01","1.01","0.175","0.13774193548387098","0.7847826086956522","0.043559322033898305","0.8154237288135594","0.505"
"4","0.9223529411764705","0.49917647058823533","0.6699999999999999","0.5457647058823529","1.01","0.01","0.01","0.01","0.01","0.01","0.01","0.175","0.13774193548387098","0.7847826086956522","0.043559322033898305","0.8154237288135594","0.505"
"8","0.6894117647058824","0.5069411764705882","0.743764705882353","0.1148235294117647","1.01","0.01","0.01","0.01","0.01","0.01","0.01","0.175","0.13774193548387098","0.7847826086956522","0.043559322033898305","0.8322033898305085","0.505"
"7","0.9922352941176471","0.5224705882352941","0.6583529411764706","0.06823529411764706","0.01","0.01","0.01","0.01","0.01","1.01","0.01","0.175","0.13774193548387098","0.7847826086956522","0.043559322033898305","0.8322033898305085","0.505"
"0","0.3322352941176471","0.8330588235294119","0.13811764705882354","0.3438823529411765","0.01","0.01","0.01","0.01","0.01","0.01","1.01","0.175","0.13774193548387098","0.7847826086956522","0.043559322033898305","0.8322033898305085","0.505"
"4","0.08764705882352941","0.736","0.918470588235294","0.8951764705882354","0.01","1.01","0.01","0.01","0.01","0.01","0.01","0.175","0.13774193548387098","0.7847826086956522","0.043559322033898305","0.8322033898305085","0.505"
"6","0.4681176470588236","0.2351764705882353","0.9572941176470589","0.05658823529411765","0.01","0.01","0.01","0.01","0.01","0.01","1.01","0.175","0.13774193548387098","0.7847826086956522","0.043559322033898305","0.8322033898305085","0.505"
"7","0.076","0.03329411764705882","0.464235294117647","0.4487058823529412","0.01","1.01","0.01","0.01","0.01","0.01","0.01","0.175","0.13774193548387098","0.7847826086956522","0.043559322033898305","0.8489830508474576","0.505"
"6","0.6195294117647059","0.3865882352941176","0.5263529411764706","0.28952941176470587","0.01","1.01","0.01","0.01","0.01","0.01","0.01","0.175","0.13774193548387098","0.7847826086956522","0.043559322033898305","0.8489830508474576","0.505"
"5","0.7515294117647059","0.9689411764705882","0.662235294117647","0.09152941176470587","0.01","0.01","1.01","0.01","0.01","0.01","0.01","0.175","0.13774193548387098","0.7847826086956522","0.043559322033898305","0.8489830508474576","0.505"
"6","0.9572941176470589","0.9534117647058823","0.4098823529411765","0.7903529411764706","0.01","0.01","0.01","0.01","0.01","1.01","0.01","0.175","0.13774193548387098","0.7847826086956522","0.043559322033898305","0.8489830508474576","0.505"
"8","0.09541176470588235","0.9650588235294117","0.9572941176470589","0.05658823529411765","0.01","0.01","1.01","0.01","0.01","0.01","0.01","0.175","0.13774193548387098","0.7847826086956522","0.043559322033898305","0.8657627118644068","0.505"
"6","0.2934117647058823","0.9805882352941176","0.16529411764705884","0.3438823529411765","0.01","1.01","0.01","0.01","0.01","0.01","0.01","0.175","0.13774193548387098","0.7847826086956522","0.043559322033898305","0.8657627118644068","0.505"
"8","0.6777647058823529","0.39435294117647063","0.03329411764705882","0.4098823529411765","0.01","0.01","0.01","0.01","0.01","1.01","0.01","0.175","0.13774193548387098","0.7847826086956522","0.043559322033898305","0.8657627118644068","0.505"
"5","0.0371764705882353","0.3982352941176471","0.3438823529411765","0.9844705882352941","1.01","0.01","0.01","0.01","0.01","0.01","0.01","0.175","0.13774193548387098","0.7847826086956522","0.043559322033898305","0.8657627118644068","0.505"
"1","1.0","0.2351764705882353","0.5496470588235294","0.14976470588235294","0.01","0.01","0.01","0.01","1.01","0.01","0.01","0.175","0.13774193548387098","0.7847826086956522","0.043559322033898305","0.8657627118644068","0.505"
"2","0.9068235294117647","0.8951764705882354","0.941764705882353","0.9650588235294117","0.01","1.01","0.01","0.01","0.01","0.01","0.01","0.175","0.13774193548387098","0.7847826086956522","0.043559322033898305","0.8657627118644068","0.505"
"4","0.6428235294117647","0.3632941176470588","0.7670588235294117","0.6156470588235294","0.01","0.01","1.01","0.01","0.01","0.01","0.01","0.175","0.13774193548387098","0.7847826086956522","0.043559322033898305","0.882542372881356","0.505"
"2","0.01388235294117647","0.4409411764705882","0.8912941176470588","0.7864705882352941","0.01","0.01","0.01","0.01","0.01","1.01","0.01","0.175","0.13774193548387098","0.7847826086956522","0.043559322033898305","0.882542372881356","0.505"
"2","0.21576470588235297","0.662235294117647","0.347764705882353","0.11870588235294117","0.01","0.01","1.01","0.01","0.01","0.01","0.01","0.175","0.13774193548387098","0.7847826086956522","0.043559322033898305","0.882542372881356","0.505"
"7","0.2235294117647059","0.3632941176470588","0.3904705882352941","0.7592941176470588","0.01","0.01","0.01","0.01","0.01","1.01","0.01","0.175","0.13774193548387098","0.7847826086956522","0.043559322033898305","0.882542372881356","0.505"
"7","0.6544705882352941","0.6661176470588235","0.8136470588235294","0.3438823529411765","1.01","0.01","0.01","0.01","0.01","0.01","0.01","0.175","0.13774193548387098","0.7847826086956522","0.043559322033898305","0.882542372881356","0.505"
"2","0.03329411764705882","0.09152941176470587","0.6195294117647059","0.9689411764705882","0.01","1.01","0.01","0.01","0.01","0.01","0.01","0.175","0.13774193548387098","0.7847826086956522","0.043559322033898305","0.8993220338983051","0.505"
"3","0.662235294117647","0.8408235294117647","0.6156470588235294","0.14200000000000002","0.01","0.01","0.01","1.01","0.01","0.01","0.01","0.175","0.13774193548387098","0.7847826086956522","0.043559322033898305","0.8993220338983051","0.505"
"1","0.9534117647058823","0.25458823529411767","0.23129411764705884","0.3516470588235294","0.01","0.01","0.01","0.01","0.01","0.01","1.01","0.175","0.13774193548387098","0.7847826086956522","0.043559322033898305","0.8993220338983051","0.505"
"2","0.4021176470588235","0.4914117647058823","0.27788235294117647","0.05270588235294118","0.01","0.01","1.01","0.01","0.01","0.01","0.01","0.175","0.13774193548387098","0.7847826086956522","0.043559322033898305","0.8993220338983051","0.505"
"7","0.09152941176470587","0.5224705882352941","0.2390588235294118","0.044941176470588234","0.01","0.01","0.01","1.01","0.01","0.01","0.01","0.175","0.13774193548387098","0.7847826086956522","0.043559322033898305","0.8993220338983051","0.505"
"6","0.1963529411764706","0.3865882352941176","0.8912941176470588","0.3788235294117647","0.01","0.01","1.01","0.01","0.01","0.01","0.01","0.175","0.13774193548387098","0.7847826086956522","0.043559322033898305","0.9161016949152543","0.505"
"7","0.11094117647058822","0.9107058823529411","0.5224705882352941","0.1303529411764706","0.01","0.01","1.01","0.01","0.01","0.01","0.01","0.175","0.13774193548387098","0.7847826086956522","0.043559322033898305","0.9161016949152543","0.505"
"8","0.8175294117647058","0.7709411764705882","0.5302352941176471","0.3632941176470588","1.01","0.01","0.01","0.01","0.01","0.01","0.01","0.175","0.13774193548387098","0.7847826086956522","0.043559322033898305","0.9161016949152543","0.505"
"7","0.9728235294117646","0.5341176470588236","0.4914117647058823","0.22741176470588237","0.01","0.01","1.01","0.01","0.01","0.01","0.01","0.175","0.13774193548387098","0.7847826086956522","0.043559322033898305","0.9161016949152543","0.505"
"7","0.5224705882352941","0.49917647058823533","0.9611764705882353","0.9961176470588236","1.01","0.01","0.01","0.01","0.01","0.01","0.01","0.175","0.13774193548387098","0.7847826086956522","0.043559322033898305","0.9161016949152543","0.505"
"3","0.02164705882352941","0.5923529411764706","0.8835294117647059","0.8058823529411765","1.01","0.01","0.01","0.01","0.01","0.01","0.01","0.175","0.13774193548387098","0.7847826086956522","0.043559322033898305","0.9161016949152543","0.505"
"9","0.6932941176470588","0.09541176470588235","0.9223529411764705","0.8835294117647059","0.01","0.01","0.01","0.01","0.01","1.01","0.01","0.175","0.13774193548387098","0.7847826086956522","0.043559322033898305","0.9328813559322033","0.505"
"7","0.17305882352941176","0.13811764705882354","0.45647058823529413","0.16141176470588237","0.01","1.01","0.01","0.01","0.01","0.01","0.01","0.175","0.13774193548387098","0.7847826086956522","0.043559322033898305","0.9328813559322033","0.505"
"2","0.3749411764705883","0.8835294117647059","0.35552941176470587","0.3982352941176471","0.01","0.01","0.01","0.01","1.01","0.01","0.01","0.175","0.13774193548387098","0.7847826086956522","0.043559322033898305","0.9328813559322033","0.505"
"2","0.9689411764705882","0.6855294117647059","0.10317647058823529","0.07211764705882352","0.01","0.01","0.01","0.01","1.01","0.01","0.01","0.175","0.13774193548387098","0.7847826086956522","0.043559322033898305","0.9328813559322033","0.505"
"7","0.5147058823529411","0.7709411764705882","0.934","0.9495294117647058","0.01","0.01","1.01","0.01","0.01","0.01","0.01","0.175","0.13774193548387098","0.7847826086956522","0.043559322033898305","0.9328813559322033","0.505"
"1","0.30505882352941177","0.9456470588235294","0.736","0.12258823529411764","0.01","0.01","1.01","0.01","0.01","0.01","0.01","0.175","0.13774193548387098","0.7847826086956522","0.043559322033898305","0.9496610169491526","0.505"
"9","0.26623529411764707","0.21576470588235297","0.538","0.5457647058823529","1.01","0.01","0.01","0.01","0.01","0.01","0.01","0.175","0.13774193548387098","0.7847826086956522","0.043559322033898305","0.9496610169491526","0.505"
"5","0.7515294117647059","0.27788235294117647","0.14976470588235294","0.8796470588235294","0.01","0.01","0.01","0.01","1.01","0.01","0.01","0.175","0.13774193548387098","0.7847826086956522","0.043559322033898305","0.9496610169491526","0.505"
"1","0.7825882352941177","0.07988235294117646","0.0371764705882353","0.48364705882352943","0.01","0.01","0.01","1.01","0.01","0.01","0.01","0.175","0.13774193548387098","0.7847826086956522","0.043559322033898305","0.9496610169491526","0.505"
"5","0.8136470588235294","0.5612941176470588","0.8097647058823529","0.934","0.01","0.01","0.01","0.01","0.01","0.01","1.01","0.175","0.13774193548387098","0.7847826086956522","0.043559322033898305","0.9496610169491526","0.505"
"3","0.36717647058823527","0.060470588235294116","0.4797647058823529","0.3749411764705883","0.01","0.01","0.01","0.01","0.01","0.01","1.01","0.175","0.13774193548387098","0.7847826086956522","0.043559322033898305","0.9664406779661017","0.505"
"3","0.1575294117647059","0.934","0.6389411764705882","0.21964705882352942","0.01","0.01","0.01","0.01","0.01","0.01","1.01","0.175","0.13774193548387098","0.7847826086956522","0.043559322033898305","0.9664406779661017","0.505"
"4","0.8796470588235294","0.31670588235294117","0.406","0.406","0.01","1.01","0.01","0.01","0.01","0.01","0.01","0.175","0.13774193548387098","0.7847826086956522","0.043559322033898305","0.9664406779661017","0.505"
"0","0.0371764705882353","0.9961176470588236","0.8757647058823529","0.47200000000000003","0.01","0.01","0.01","0.01","1.01","0.01","0.01","0.175","0.13774193548387098","0.7847826086956522","0.043559322033898305","0.9664406779661017","0.505"
"4","0.7282352941176471","0.08376470588235294","0.22741176470588237","0.6932941176470588","0.01","0.01","1.01","0.01","0.01","0.01","0.01","0.175","0.13774193548387098","0.7847826086956522","0.043559322033898305","0.9664406779661017","0.505"
"5","0.3089411764705882","0.5302352941176471","0.9495294117647058","0.8757647058823529","0.01","0.01","0.01","1.01","0.01","0.01","0.01","0.175","0.13774193548387098","0.7847826086956522","0.043559322033898305","0.983220338983051","0.505"
"7","0.3516470588235294","0.7748235294117647","0.11094117647058822","0.5729411764705882","0.01","0.01","0.01","0.01","0.01","0.01","1.01","0.175","0.13774193548387098","0.7847826086956522","0.043559322033898305","0.983220338983051","0.505"
"3","0.8757647058823529","0.5845882352941177","0.9029411764705882","0.7049411764705882","0.01","1.01","0.01","0.01","0.01","0.01","0.01","0.175","0.13774193548387098","0.7847826086956522","0.043559322033898305","0.983220338983051","0.505"
"1","0.9262352941176472","1.0","0.23129411764705884","0.736","0.01","0.01","0.01","0.01","0.01","1.01","0.01","0.175","0.13774193548387098","0.7847826086956522","0.043559322033898305","0.983220338983051","0.505"
"6","0.9495294117647058","0.31670588235294117","0.9223529411764705","0.09541176470588235","0.01","0.01","0.01","0.01","1.01","0.01","0.01","0.175","0.13774193548387098","0.7847826086956522","0.043559322033898305","0.983220338983051","0.505"
"9","0.3710588235294118","0.7476470588235294","1.0","0.7282352941176471","1.01","0.01","0.01","0.01","0.01","0.01","0.01","0.175","0.13774193548387098","0.7847826086956522","0.043559322033898305","1.0","0.505"
"1","0.4525882352941177","0.3438823529411765","0.8641176470588235","0.7321176470588235","0.01","1.01","0.01","0.01","0.01","0.01","0.01","0.175","0.13774193548387098","0.7847826086956522","0.043559322033898305","1.0","0.505"
"6","0.604","0.3438823529411765","0.5302352941176471","0.22741176470588237","0.01","0.01","0.01","0.01","0.01","1.01","0.01","0.175","0.13774193548387098","0.7847826086956522","0.043559322033898305","1.0","0.505"
"6","0.20023529411764707","0.041058823529411766","0.3827058823529412","0.5263529411764706","0.01","0.01","0.01","0.01","0.01","1.01","0.01","0.175","0.13774193548387098","0.7847826086956522","0.043559322033898305","1.0","0.505"
"8","0.8291764705882353","0.2856470588235294","0.14200000000000002","0.5535294117647059","0.01","0.01","0.01","0.01","1.01","0.01","0.01","0.175","0.13774193548387098","0.7847826086956522","0.043559322033898305","1.0","0.505"
"8","0.16141176470588237","0.2701176470588236","0.9689411764705882","0.6583529411764706","1.01","0.01","0.01","0.01","0.01","0.01","0.01","0.175","0.13774193548387098","0.7847826086956522","0.043559322033898305","1.0","0.505"
"2","0.4525882352941177","0.25070588235294117","0.04882352941176471","0.6777647058823529","0.01","0.01","0.01","0.01","0.01","1.01","0.01","0.175","0.13774193548387098","0.7847826086956522","0.060338983050847464","0.01","0.505"
"5","0.6234117647058823","0.2972941176470589","0.4254117647058824","0.07988235294117646","0.01","0.01","0.01","0.01","0.01","1.01","0.01","0.175","0.13774193548387098","0.7847826086956522","0.060338983050847464","0.01","0.505"
"3","0.9767058823529412","0.16529411764705884","0.5807058823529412","0.20800000000000002","0.01","0.01","0.01","1.01","0.01","0.01","0.01","0.175","0.13774193548387098","0.7847826086956522","0.060338983050847464","0.01","0.505"
"4","0.3244705882352941","0.10317647058823529","0.7243529411764705","0.17305882352941176","0.01","0.01","0.01","1.01","0.01","0.01","0.01","0.175","0.13774193548387098","0.7847826086956522","0.060338983050847464","0.01","0.505"
"3","0.41764705882352937","0.464235294117647","0.9262352941176472","0.4137647058823529","0.01","0.01","0.01","0.01","1.01","0.01","0.01","0.175","0.13774193548387098","0.7847826086956522","0.060338983050847464","0.01","0.505"
"5","0.4758823529411765","0.4758823529411765","0.06823529411764706","0.538","0.01","0.01","1.01","0.01","0.01","0.01","0.01","0.175","0.13774193548387098","0.7847826086956522","0.060338983050847464","0.026779661016949154","0.505"
"2","0.6389411764705882","0.3205882352941177","0.5884705882352942","0.33999999999999997","1.01","0.01","0.01","0.01","0.01","0.01","0.01","0.175","0.13774193548387098","0.7847826086956522","0.060338983050847464","0.026779661016949154","0.505"
"3","0.8835294117647059","0.12258823529411764","0.9495294117647058","0.3827058823529412","0.01","0.01","0.01","0.01","0.01","0.01","1.01","0.175","0.13774193548387098","0.7847826086956522","0.060338983050847464","0.026779661016949154","0.505"
"1","0.2934117647058823","0.8252941176470587","0.5224705882352941","0.24682352941176472","0.01","0.01","0.01","0.01","0.01","1.01","0.01","0.175","0.13774193548387098","0.7847826086956522","0.060338983050847464","0.026779661016949154","0.505"
"2","0.6389411764705882","0.7165882352941176","0.9534117647058823","0.7282352941176471","0.01","0.01","0.01","0.01","1.01","0.01","0.01","0.175","0.13774193548387098","0.7847826086956522","0.060338983050847464","0.026779661016949154","0.505"
"1","0.9767058823529412","0.10705882352941176","0.4914117647058823","0.4603529411764706","0.01","0.01","0.01","1.01","0.01","0.01","0.01","0.175","0.13774193548387098","0.7847826086956522","0.060338983050847464","0.043559322033898305","0.505"
"4","0.16529411764705884","0.2235294117647059","0.7825882352941177","0.662235294117647","0.01","0.01","0.01","1.01","0.01","0.01","0.01","0.175","0.13774193548387098","0.7847826086956522","0.060338983050847464","0.043559322033898305","0.505"
"1","0.11094117647058822","0.3283529411764706","0.7709411764705882","0.743764705882353","1.01","0.01","0.01","0.01","0.01","0.01","0.01","0.175","0.13774193548387098","0.7847826086956522","0.060338983050847464","0.043559322033898305","0.505"
"3","0.2972941176470589","0.7825882352941177","0.3865882352941176","0.4875294117647059","0.01","0.01","0.01","0.01","1.01","0.01","0.01","0.175","0.13774193548387098","0.7847826086956522","0.060338983050847464","0.043559322033898305","0.505"
"1","0.6544705882352941","0.4370588235294118","0.7670588235294117","0.3322352941176471","1.01","0.01","0.01","0.01","0.01","0.01","0.01","0.175","0.13774193548387098","0.7847826086956522","0.060338983050847464","0.043559322033898305","0.505"
"4","0.9107058823529411","0.1458823529411765","0.736","0.9689411764705882","0.01","0.01","1.01","0.01","0.01","0.01","0.01","0.175","0.13774193548387098","0.7847826086956522","0.060338983050847464","0.060338983050847464","0.505"
"2","0.16141176470588237","0.3205882352941177","0.4021176470588235","0.2235294117647059","0.01","1.01","0.01","0.01","0.01","0.01","0.01","0.175","0.13774193548387098","0.7847826086956522","0.060338983050847464","0.060338983050847464","0.505"
"7","0.8485882352941176","0.9805882352941176","0.274","0.20800000000000002","0.01","0.01","0.01","0.01","0.01","0.01","1.01","0.175","0.13774193548387098","0.7847826086956522","0.060338983050847464","0.060338983050847464","0.505"
"9","0.06435294117647058","0.5147058823529411","0.4525882352941177","0.9107058823529411","1.01","0.01","0.01","0.01","0.01","0.01","0.01","0.175","0.13774193548387098","0.7847826086956522","0.060338983050847464","0.060338983050847464","0.505"
"2","0.2972941176470589","0.33999999999999997","0.6544705882352941","0.5496470588235294","0.01","0.01","0.01","1.01","0.01","0.01","0.01","0.175","0.13774193548387098","0.7847826086956522","0.060338983050847464","0.060338983050847464","0.505"
"0","0.9961176470588236","0.21188235294117647","0.14200000000000002","0.5418823529411765","0.01","0.01","0.01","1.01","0.01","0.01","0.01","0.175","0.13774193548387098","0.7847826086956522","0.060338983050847464","0.0771186440677966","0.505"
"3","0.604","0.8951764705882354","0.538","0.5962352941176471","0.01","0.01","1.01","0.01","0.01","0.01","0.01","0.175","0.13774193548387098","0.7847826086956522","0.060338983050847464","0.0771186440677966","0.505"
"6","0.3865882352941176","0.12258823529411764","0.8912941176470588","0.406","1.01","0.01","0.01","0.01","0.01","0.01","0.01","0.175","0.13774193548387098","0.7847826086956522","0.060338983050847464","0.0771186440677966","0.505"
"3","0.4914117647058823","0.6738823529411764","0.9728235294117646","0.2701176470588236","0.01","0.01","0.01","0.01","0.01","1.01","0.01","0.175","0.13774193548387098","0.7847826086956522","0.060338983050847464","0.0771186440677966","0.505"
"3","0.9262352941176472","0.5574117647058824","0.736","0.3244705882352941","1.01","0.01","0.01","0.01","0.01","0.01","0.01","0.175","0.13774193548387098","0.7847826086956522","0.060338983050847464","0.0771186440677966","0.505"
"3","0.1303529411764706","0.5923529411764706","0.3749411764705883","0.6932941176470588","0.01","0.01","1.01","0.01","0.01","0.01","0.01","0.175","0.13774193548387098","0.7847826086956522","0.060338983050847464","0.0771186440677966","0.505"
"4","0.9883529411764707","0.18858823529411764","0.7748235294117647","0.9456470588235294","0.01","0.01","0.01","1.01","0.01","0.01","0.01","0.175","0.13774193548387098","0.7847826086956522","0.060338983050847464","0.09389830508474575","0.505"
"9","0.13811764705882354","0.9961176470588236","0.20411764705882354","0.3011764705882353","0.01","0.01","1.01","0.01","0.01","0.01","0.01","0.175","0.13774193548387098","0.7847826086956522","0.060338983050847464","0.09389830508474575","0.505"
"7","0.8718823529411764","0.3322352941176471","0.20411764705882354","0.6816470588235295","0.01","0.01","0.01","1.01","0.01","0.01","0.01","0.175","0.13774193548387098","0.7847826086956522","0.060338983050847464","0.09389830508474575","0.505"
"1","0.3361176470588235","0.35552941176470587","0.16529411764705884","0.3322352941176471","0.01","0.01","0.01","0.01","0.01","0.01","1.01","0.175","0.13774193548387098","0.7847826086956522","0.060338983050847464","0.09389830508474575","0.505"
"3","0.5884705882352942","0.6894117647058824","0.044941176470588234","0.9107058823529411","1.01","0.01","0.01","0.01","0.01","0.01","0.01","0.175","0.13774193548387098","0.7847826086956522","0.060338983050847464","0.09389830508474575","0.505"
"5","0.5341176470588236","0.9611764705882353","0.8252941176470587","0.2351764705882353","0.01","1.01","0.01","0.01","0.01","0.01","0.01","0.175","0.13774193548387098","0.7847826086956522","0.060338983050847464","0.11067796610169492","0.505"
"6","0.6428235294117647","0.5768235294117646","0.9961176470588236","0.5923529411764706","0.01","1.01","0.01","0.01","0.01","0.01","0.01","0.175","0.13774193548387098","0.7847826086956522","0.060338983050847464","0.11067796610169492","0.505"
"3","0.24294117647058824","0.406","0.6583529411764706","0.7088235294117647","0.01","0.01","0.01","0.01","0.01","0.01","1.01","0.175","0.13774193548387098","0.7847826086956522","0.060338983050847464","0.11067796610169492","0.505"
"7","0.20023529411764707","0.9922352941176471","0.2701176470588236","0.25070588235294117","0.01","0.01","0.01","1.01","0.01","0.01","0.01","0.175","0.13774193548387098","0.7847826086956522","0.060338983050847464","0.11067796610169492","0.505"
"4","0.6195294117647059","0.406","0.3011764705882353","0.8097647058823529","0.01","0.01","0.01","0.01","0.01","0.01","1.01","0.175","0.13774193548387098","0.7847826086956522","0.060338983050847464","0.11067796610169492","0.505"
"8","0.06823529411764706","0.8447058823529412","0.4021176470588235","0.6467058823529412","0.01","0.01","0.01","0.01","1.01","0.01","0.01","0.175","0.13774193548387098","0.7847826086956522","0.060338983050847464","0.12745762711864408","0.505"
"1","0.7204705882352941","0.49917647058823533","0.9107058823529411","0.9534117647058823","0.01","0.01","0.01","0.01","0.01","1.01","0.01","0.175","0.13774193548387098","0.7847826086956522","0.060338983050847464","0.12745762711864408","0.505"
"8","0.5845882352941177","0.6544705882352941","0.18858823529411764","0.743764705882353","0.01","0.01","0.01","0.01","1.01","0.01","0.01","0.175","0.13774193548387098","0.7847826086956522","0.060338983050847464","0.12745762711864408","0.505"
"5","0.406","0.4487058823529412","0.8835294117647059","0.9223529411764705","0.01","0.01","0.01","0.01","0.01","0.01","1.01","0.175","0.13774193548387098","0.7847826086956522","0.060338983050847464","0.12745762711864408","0.505"
"6","0.7592941176470588","0.8408235294117647","0.8058823529411765","0.18858823529411764","0.01","0.01","0.01","1.01","0.01","0.01","0.01","0.175","0.13774193548387098","0.7847826086956522","0.060338983050847464","0.12745762711864408","0.505"
"7","0.1963529411764706","0.5302352941176471","0.5224705882352941","0.7282352941176471","0.01","0.01","0.01","0.01","1.01","0.01","0.01","0.175","0.13774193548387098","0.7847826086956522","0.060338983050847464","0.14423728813559322","0.505"
"0","0.6544705882352941","0.5341176470588236","0.2972941176470589","0.6467058823529412","0.01","1.01","0.01","0.01","0.01","0.01","0.01","0.175","0.13774193548387098","0.7847826086956522","0.060338983050847464","0.14423728813559322","0.505"
"4","0.44482352941176473","0.9029411764705882","0.2934117647058823","0.4292941176470588","1.01","0.01","0.01","0.01","0.01","0.01","0.01","0.175","0.13774193548387098","0.7847826086956522","0.060338983050847464","0.14423728813559322","0.505"
"4","0.5185882352941176","0.09929411764705881","0.7748235294117647","0.44482352941176473","0.01","0.01","0.01","0.01","1.01","0.01","0.01","0.175","0.13774193548387098","0.7847826086956522","0.060338983050847464","0.14423728813559322","0.505"
"0","0.25458823529411767","0.5651764705882353","0.4137647058823529","0.9145882352941176","0.01","0.01","0.01","0.01","1.01","0.01","0.01","0.175","0.13774193548387098","0.7847826086956522","0.060338983050847464","0.14423728813559322","0.505"
"7","0.9301176470588236","0.9611764705882353","0.464235294117647","0.5690588235294117","0.01","0.01","0.01","0.01","0.01","0.01","1.01","0.175","0.13774193548387098","0.7847826086956522","0.060338983050847464","0.1610169491525424","0.505"
"8","0.8990588235294118","0.8641176470588235","0.3322352941176471","0.274","0.01","0.01","0.01","0.01","0.01","0.01","1.01","0.175","0.13774193548387098","0.7847826086956522","0.060338983050847464","0.1610169491525424","0.505"
"2","0.7010588235294117","0.8718823529411764","0.9378823529411765","0.6389411764705882","0.01","0.01","0.01","0.01","0.01","0.01","1.01","0.175","0.13774193548387098","0.7847826086956522","0.060338983050847464","0.1610169491525424","0.505"
"7","0.5535294117647059","0.08376470588235294","0.33999999999999997","0.060470588235294116","0.01","0.01","0.01","0.01","1.01","0.01","0.01","0.175","0.13774193548387098","0.7847826086956522","0.060338983050847464","0.1610169491525424","0.505"
"2","1.0","0.28952941176470587","0.49529411764705883","0.08376470588235294","0.01","0.01","0.01","0.01","1.01","0.01","0.01","0.175","0.13774193548387098","0.7847826086956522","0.060338983050847464","0.1610169491525424","0.505"
"5","0.076","0.8058823529411765","0.1847058823529412","0.09929411764705881","0.01","0.01","0.01","0.01","1.01","0.01","0.01","0.175","0.13774193548387098","0.7847826086956522","0.060338983050847464","0.1610169491525424","0.505"
"4","0.03329411764705882","0.9883529411764707","0.2584705882352941","0.4487058823529412","0.01","1.01","0.01","0.01","0.01","0.01","0.01","0.175","0.13774193548387098","0.7847826086956522","0.060338983050847464","0.17779661016949153","0.505"
"3","0.3361176470588235","0.464235294117647","0.21964705882352942","0.4409411764705882","0.01","0.01","0.01","0.01","0.01","1.01","0.01","0.175","0.13774193548387098","0.7847826086956522","0.060338983050847464","0.17779661016949153","0.505"
"5","0.5418823529411765","0.662235294117647","0.9378823529411765","0.44482352941176473","1.01","0.01","0.01","0.01","0.01","0.01","0.01","0.175","0.13774193548387098","0.7847826086956522","0.060338983050847464","0.17779661016949153","0.505"
"6","0.2390588235294118","0.5845882352941177","0.918470588235294","0.7049411764705882","0.01","0.01","1.01","0.01","0.01","0.01","0.01","0.175","0.13774193548387098","0.7847826086956522","0.060338983050847464","0.17779661016949153","0.505"
"1","0.6583529411764706","0.2584705882352941","0.2390588235294118","0.48364705882352943","0.01","0.01","0.01","1.01","0.01","0.01","0.01","0.175","0.13774193548387098","0.7847826086956522","0.060338983050847464","0.17779661016949153","0.505"
"8","0.2390588235294118","0.09152941176470587","0.076","0.3749411764705883","0.01","0.01","0.01","0.01","0.01","0.01","1.01","0.175","0.13774193548387098","0.7847826086956522","0.060338983050847464","0.1945762711864407","0.505"
"9","0.7515294117647059","0.5768235294117646","0.49917647058823533","0.6661176470588235","0.01","0.01","1.01","0.01","0.01","0.01","0.01","0.175","0.13774193548387098","0.7847826086956522","0.060338983050847464","0.1945762711864407","0.505"
"8","0.9767058823529412","0.2934117647058823","0.21188235294117647","0.7204705882352941","0.01","0.01","0.01","0.01","0.01","1.01","0.01","0.175","0.13774193548387098","0.7847826086956522","0.060338983050847464","0.1945762711864407","0.505"
"4","0.07211764705882352","0.9844705882352941","0.13811764705882354","0.041058823529411766","0.01","0.01","0.01","0.01","0.01","1.01","0.01","0.175","0.13774193548387098","0.7847826086956522","0.060338983050847464","0.1945762711864407","0.505"
"9","0.3594117647058824","0.5651764705882353","0.868","0.736","0.01","0.01","0.01","0.01","1.01","0.01","0.01","0.175","0.13774193548387098","0.7847826086956522","0.060338983050847464","0.1945762711864407","0.505"
"9","0.3788235294117647","0.5496470588235294","0.6855294117647059","0.4914117647058823","0.01","1.01","0.01","0.01","0.01","0.01","0.01","0.175","0.13774193548387098","0.7847826086956522","0.060338983050847464","0.21135593220338986","0.505"
"5","0.24294117647058824","0.4098823529411765","0.5690588235294117","0.3205882352941177","0.01","0.01","0.01","0.01","0.01","1.01","0.01","0.175","0.13774193548387098","0.7847826086956522","0.060338983050847464","0.21135593220338986","0.505"
"2","0.802","0.3749411764705883","0.3788235294117647","0.10317647058823529","0.01","0.01","0.01","1.01","0.01","0.01","0.01","0.175","0.13774193548387098","0.7847826086956522","0.060338983050847464","0.21135593220338986","0.505"
"0","0.025529411764705884","0.6117647058823529","0.5923529411764706","0.5147058823529411","0.01","0.01","0.01","0.01","0.01","0.01","1.01","0.175","0.13774193548387098","0.7847826086956522","0.060338983050847464","0.21135593220338986","0.505"
"0","0.8175294117647058","0.6311764705882353","0.16141176470588237","0.3632941176470588","0.01","0.01","0.01","0.01","0.01","1.01","0.01","0.175","0.13774193548387098","0.7847826086956522","0.060338983050847464","0.21135593220338986","0.505"
"5","0.9068235294117647","0.5884705882352942","0.47200000000000003","0.9961176470588236","0.01","0.01","0.01","0.01","1.01","0.01","0.01","0.175","0.13774193548387098","0.7847826086956522","0.060338983050847464","0.228135593220339","0.505"
"0","0.4681176470588236","0.08764705882352941","0.8951764705882354","0.1575294117647059","0.01","0.01","0.01","0.01","0.01","0.01","1.01","0.175","0.13774193548387098","0.7847826086956522","0.060338983050847464","0.228135593220339","0.505"
"0","0.47200000000000003","0.8097647058823529","0.41764705882352937","0.3205882352941177","0.01","0.01","0.01","0.01","0.01","0.01","1.01","0.175","0.13774193548387098","0.7847826086956522","0.060338983050847464","0.228135593220339","0.505"
"7","0.5147058823529411","0.7398823529411765","0.347764705882353","0.060470588235294116","0.01","0.01","0.01","0.01","1.01","0.01","0.01","0.175","0.13774193548387098","0.7847826086956522","0.060338983050847464","0.228135593220339","0.505"
"6","0.12258823529411764","0.2934117647058823","0.4292941176470588","0.941764705882353","0.01","0.01","0.01","0.01","1.01","0.01","0.01","0.175","0.13774193548387098","0.7847826086956522","0.060338983050847464","0.228135593220339","0.505"
"8","0.3011764705882353","0.5341176470588236","0.5651764705882353","0.4525882352941177","0.01","0.01","1.01","0.01","0.01","0.01","0.01","0.175","0.13774193548387098","0.7847826086956522","0.060338983050847464","0.228135593220339","0.505"
"3","0.5729411764705882","0.23129411764705884","0.7981176470588235","0.8718823529411764","0.01","0.01","0.01","1.01","0.01","0.01","0.01","0.175","0.13774193548387098","0.7847826086956522","0.060338983050847464","0.24491525423728816","0.505"
"6","0.3516470588235294","0.20411764705882354","0.7204705882352941","0.18082352941176472","0.01","0.01","1.01","0.01","0.01","0.01","0.01","0.175","0.13774193548387098","0.7847826086956522","0.060338983050847464","0.24491525423728816","0.505"
"2","0.029411764705882353","0.4603529411764706","0.6777647058823529","0.2351764705882353","0.01","1.01","0.01","0.01","0.01","0.01","0.01","0.175","0.13774193548387098","0.7847826086956522","0.060338983050847464","0.24491525423728816","0.505"
"7","0.7592941176470588","0.6195294117647059","0.9145882352941176","0.6350588235294118","0.01","0.01","0.01","1.01","0.01","0.01","0.01","0.175","0.13774193548387098","0.7847826086956522","0.060338983050847464","0.24491525423728816","0.505"
"5","0.281764705882353","0.11870588235294117","0.6078823529411764","0.3011764705882353","1.01","0.01","0.01","0.01","0.01","0.01","0.01","0.175","0.13774193548387098","0.7847826086956522","0.060338983050847464","0.24491525423728816","0.505"
"2","0.4758823529411765","0.1847058823529412","0.3205882352941177","0.029411764705882353","0.01","0.01","0.01","1.01","0.01","0.01","0.01","0.175","0.13774193548387098","0.7847826086956522","0.060338983050847464","0.26169491525423727","0.505"
"9","0.9728235294117646","0.31670588235294117","0.31670588235294117","0.1458823529411765","0.01","0.01","0.01","0.01","0.01","1.01","0.01","0.175","0.13774193548387098","0.7847826086956522","0.060338983050847464","0.26169491525423727","0.505"
"9","0.20023529411764707","0.8058823529411765","0.3982352941176471","0.19247058823529414","0.01","0.01","0.01","0.01","0.01","1.01","0.01","0.175","0.13774193548387098","0.7847826086956522","0.060338983050847464","0.26169491525423727","0.505"
"7","0.7127058823529412","0.13811764705882354","0.42152941176470593","0.16141176470588237","0.01","0.01","0.01","0.01","0.01","0.01","1.01","0.175","0.13774193548387098","0.7847826086956522","0.060338983050847464","0.26169491525423727","0.505"
"7","0.2972941176470589","0.7010588235294117","0.5884705882352942","0.3904705882352941","0.01","0.01","0.01","1.01","0.01","0.01","0.01","0.175","0.13774193548387098","0.7847826086956522","0.060338983050847464","0.26169491525423727","0.505"
"6","0.28952941176470587","0.9068235294117647","0.8058823529411765","0.7088235294117647","0.01","0.01","0.01","1.01","0.01","0.01","0.01","0.175","0.13774193548387098","0.7847826086956522","0.060338983050847464","0.27847457627118644","0.505"
"9","0.406","0.3089411764705882","0.8718823529411764","0.9378823529411765","0.01","0.01","0.01","0.01","0.01","1.01","0.01","0.175","0.13774193548387098","0.7847826086956522","0.060338983050847464","0.27847457627118644","0.505"
"0","0.1303529411764706","0.2351764705882353","0.9805882352941176","0.14200000000000002","0.01","0.01","0.01","0.01","0.01","0.01","1.01","0.175","0.13774193548387098","0.7847826086956522","0.060338983050847464","0.27847457627118644","0.505"
"8","0.2351764705882353","0.26623529411764707","0.45647058823529413","0.8252941176470587","0.01","0.01","0.01","0.01","0.01","0.01","1.01","0.175","0.13774193548387098","0.7847826086956522","0.060338983050847464","0.27847457627118644","0.505"
"3","0.3438823529411765","0.347764705882353","0.6971764705882353","0.7825882352941177","0.01","0.01","0.01","0.01","0.01","0.01","1.01","0.175","0.13774193548387098","0.7847826086956522","0.060338983050847464","0.27847457627118644","0.505"
"3","0.12258823529411764","0.16529411764705884","0.2235294117647059","0.7864705882352941","0.01","0.01","0.01","1.01","0.01","0.01","0.01","0.175","0.13774193548387098","0.7847826086956522","0.060338983050847464","0.2952542372881356","0.505"
"5","0.47200000000000003","0.8369411764705883","0.9805882352941176","0.9262352941176472","0.01","0.01","0.01","0.01","0.01","1.01","0.01","0.175","0.13774193548387098","0.7847826086956522","0.060338983050847464","0.2952542372881356","0.505"
"1","0.9378823529411765","0.17305882352941176","0.9728235294117646","0.5457647058823529","0.01","0.01","1.01","0.01","0.01","0.01","0.01","0.175","0.13774193548387098","0.7847826086956522","0.060338983050847464","0.2952542372881356","0.505"
"8","0.3283529411764706","0.7825882352941177","0.538","0.9650588235294117","1.01","0.01","0.01","0.01","0.01","0.01","0.01","0.175","0.13774193548387098","0.7847826086956522","0.060338983050847464","0.2952542372881356","0.505"
"6","0.14200000000000002","0.794235294117647","0.6816470588235295","0.3011764705882353","0.01","0.01","0.01","0.01","0.01","1.01","0.01","0.175","0.13774193548387098","0.7847826086956522","0.060338983050847464","0.2952542372881356","0.505"
"1","0.01776470588235294","0.23129411764705884","0.5496470588235294","0.26623529411764707","0.01","0.01","0.01","0.01","0.01","1.01","0.01","0.175","0.13774193548387098","0.7847826086956522","0.060338983050847464","0.31203389830508477","0.505"
"0","0.7631764705882352","0.3011764705882353","0.28952941176470587","0.10317647058823529","0.01","0.01","0.01","0.01","1.01","0.01","0.01","0.175","0.13774193548387098","0.7847826086956522","0.060338983050847464","0.31203389830508477","0.505"
"1","0.6389411764705882","0.060470588235294116","0.041058823529411766","0.4525882352941177","0.01","0.01","0.01","1.01","0.01","0.01","0.01","0.175","0.13774193548387098","0.7847826086956522","0.060338983050847464","0.31203389830508477","0.505"
"0","0.3244705882352941","0.860235294117647","0.5845882352941177","0.4487058823529412","0.01","0.01","0.01","1.01","0.01","0.01","0.01","0.175","0.13774193548387098","0.7847826086956522","0.060338983050847464","0.31203389830508477","0.505"
"0","0.9689411764705882","0.18858823529411764","0.35552941176470587","0.025529411764705884","0.01","0.01","1.01","0.01","0.01","0.01","0.01","0.175","0.13774193548387098","0.7847826086956522","0.060338983050847464","0.31203389830508477","0.505"
"9","0.01776470588235294","0.9650588235294117","0.9068235294117647","0.8058823529411765","0.01","0.01","0.01","0.01","0.01","0.01","1.01","0.175","0.13774193548387098","0.7847826086956522","0.060338983050847464","0.3288135593220339","0.505"
"0","0.9728235294117646","0.3089411764705882","0.3322352941176471","0.1963529411764706","0.01","0.01","0.01","1.01","0.01","0.01","0.01","0.175","0.13774193548387098","0.7847826086956522","0.060338983050847464","0.3288135593220339","0.505"
"7","0.6350588235294118","0.4758823529411765","0.12258823529411764","0.5224705882352941","0.01","0.01","0.01","0.01","1.01","0.01","0.01","0.175","0.13774193548387098","0.7847826086956522","0.060338983050847464","0.3288135593220339","0.505"
"3","0.5496470588235294","0.2351764705882353","0.21576470588235297","0.9572941176470589","0.01","0.01","0.01","1.01","0.01","0.01","0.01","0.175","0.13774193548387098","0.7847826086956522","0.060338983050847464","0.3288135593220339","0.505"
"3","0.860235294117647","0.18082352941176472","0.06435294117647058","0.8058823529411765","0.01","0.01","0.01","0.01","1.01","0.01","0.01","0.175","0.13774193548387098","0.7847826086956522","0.060338983050847464","0.3288135593220339","0.505"
"7","0.281764705882353","0.09152941176470587","0.20411764705882354","0.07988235294117646","0.01","0.01","0.01","0.01","0.01","1.01","0.01","0.175","0.13774193548387098","0.7847826086956522","0.060338983050847464","0.3288135593220339","0.505"
"1","0.9767058823529412","0.49529411764705883","0.4525882352941177","0.8252941176470587","0.01","0.01","0.01","0.01","1.01","0.01","0.01","0.175","0.13774193548387098","0.7847826086956522","0.060338983050847464","0.34559322033898304","0.505"
"8","0.24682352941176472","0.464235294117647","0.31670588235294117","0.9378823529411765","1.01","0.01","0.01","0.01","0.01","0.01","0.01","0.175","0.13774193548387098","0.7847826086956522","0.060338983050847464","0.34559322033898304","0.505"
"2","0.6078823529411764","0.5069411764705882","0.6001176470588235","0.8835294117647059","0.01","0.01","0.01","0.01","0.01","0.01","1.01","0.175","0.13774193548387098","0.7847826086956522","0.060338983050847464","0.34559322033898304","0.505"
"5","0.39435294117647063","0.13811764705882354","0.8912941176470588","0.4137647058823529","0.01","0.01","0.01","0.01","1.01","0.01","0.01","0.175","0.13774193548387098","0.7847826086956522","0.060338983050847464","0.34559322033898304","0.505"
"6","0.24294117647058824","0.16917647058823532","0.3710588235294118","0.1847058823529412","1.01","0.01","0.01","0.01","0.01","0.01","0.01","0.175","0.13774193548387098","0.7847826086956522","0.060338983050847464","0.34559322033898304","0.505"
"9","0.4681176470588236","0.28952941176470587","0.01776470588235294","0.6078823529411764","0.01","0.01","0.01","1.01","0.01","0.01","0.01","0.175","0.13774193548387098","0.7847826086956522","0.060338983050847464","0.3623728813559322","0.505"
"6","0.8874117647058823","0.9572941176470589","0.6855294117647059","0.9378823529411765","0.01","0.01","1.01","0.01","0.01","0.01","0.01","0.175","0.13774193548387098","0.7847826086956522","0.060338983050847464","0.3623728813559322","0.505"
"9","0.09929411764705881","0.6932941176470588","0.28952941176470587","0.9961176470588236","1.01","0.01","0.01","0.01","0.01","0.01","0.01","0.175","0.13774193548387098","0.7847826086956522","0.060338983050847464","0.3623728813559322","0.505"
"5","0.24682352941176472","0.7554117647058823","0.7282352941176471","0.6971764705882353","0.01","0.01","0.01","0.01","0.01","0.01","1.01","0.175","0.13774193548387098","0.7847826086956522","0.060338983050847464","0.3623728813559322","0.505"
"4","0.6001176470588235","0.48364705882352943","0.7670588235294117","0.5651764705882353","0.01","0.01","0.01","0.01","0.01","1.01","0.01","0.175","0.13774193548387098","0.7847826086956522","0.060338983050847464","0.3623728813559322","0.505"
"7","0.4487058823529412","0.8718823529411764","0.3594117647058824","0.5108235294117647","1.01","0.01","0.01","0.01","0.01","0.01","0.01","0.175","0.13774193548387098","0.7847826086956522","0.060338983050847464","0.3791525423728814","0.505"
"2","0.8330588235294119","0.9107058823529411","0.4098823529411765","0.26235294117647057","1.01","0.01","0.01","0.01","0.01","0.01","0.01","0.175","0.13774193548387098","0.7847826086956522","0.060338983050847464","0.3791525423728814","0.505"
"9","0.2856470588235294","0.274","0.941764705882353","0.9572941176470589","0.01","0.01","0.01","1.01","0.01","0.01","0.01","0.175","0.13774193548387098","0.7847826086956522","0.060338983050847464","0.3791525423728814","0.505"
"1","0.3632941176470588","0.1963529411764706","0.26623529411764707","0.5147058823529411","1.01","0.01","0.01","0.01","0.01","0.01","0.01","0.175","0.13774193548387098","0.7847826086956522","0.060338983050847464","0.3791525423728814","0.505"
"9","0.27788235294117647","0.31670588235294117","0.6699999999999999","0.8485882352941176","0.01","0.01","0.01","0.01","0.01","1.01","0.01","0.175","0.13774193548387098","0.7847826086956522","0.060338983050847464","0.3791525423728814","0.505"
"4","0.21964705882352942","0.3788235294117647","0.464235294117647","0.7515294117647059","0.01","0.01","1.01","0.01","0.01","0.01","0.01","0.175","0.13774193548387098","0.7847826086956522","0.060338983050847464","0.39593220338983054","0.505"
"1","0.9611764705882353","0.4797647058823529","0.3710588235294118","0.029411764705882353","0.01","0.01","0.01","1.01","0.01","0.01","0.01","0.175","0.13774193548387098","0.7847826086956522","0.060338983050847464","0.39593220338983054","0.505"
"1","0.4137647058823529","0.3827058823529412","0.30505882352941177","0.802","0.01","1.01","0.01","0.01","0.01","0.01","0.01","0.175","0.13774193548387098","0.7847826086956522","0.060338983050847464","0.39593220338983054","0.505"
"2","0.9767058823529412","0.7787058823529412","0.8641176470588235","0.281764705882353","1.01","0.01","0.01","0.01","0.01","0.01","0.01","0.175","0.13774193548387098","0.7847826086956522","0.060338983050847464","0.39593220338983054","0.505"
"9","0.8447058823529412","0.5535294117647059","0.6932941176470588","0.7476470588235294","0.01","0.01","0.01","1.01","0.01","0.01","0.01","0.175","0.13774193548387098","0.7847826086956522","0.060338983050847464","0.39593220338983054","0.505"
"2","0.4292941176470588","0.3361176470588235","0.6505882352941177","0.6117647058823529","0.01","1.01","0.01","0.01","0.01","0.01","0.01","0.175","0.13774193548387098","0.7847826086956522","0.060338983050847464","0.4127118644067797","0.505"
"3","0.274","0.3244705882352941","0.31670588235294117","0.48364705882352943","0.01","0.01","1.01","0.01","0.01","0.01","0.01","0.175","0.13774193548387098","0.7847826086956522","0.060338983050847464","0.4127118644067797","0.505"
"4","0.05658823529411765","0.10705882352941176","0.5185882352941176","0.8485882352941176","0.01","0.01","0.01","0.01","0.01","1.01","0.01","0.175","0.13774193548387098","0.7847826086956522","0.060338983050847464","0.4127118644067797","0.505"
"1","0.5923529411764706","0.06823529411764706","0.41764705882352937","0.9534117647058823","0.01","0.01","0.01","0.01","0.01","1.01","0.01","0.175","0.13774193548387098","0.7847826086956522","0.060338983050847464","0.4127118644067797","0.505"
"6","0.7088235294117647","0.4098823529411765","0.13811764705882354","0.347764705882353","1.01","0.01","0.01","0.01","0.01","0.01","0.01","0.175","0.13774193548387098","0.7847826086956522","0.060338983050847464","0.4127118644067797","0.505"
"7","0.6078823529411764","0.3904705882352941","0.1575294117647059","0.04882352941176471","0.01","0.01","0.01","0.01","0.01","1.01","0.01","0.175","0.13774193548387098","0.7847826086956522","0.060338983050847464","0.4127118644067797","0.505"
"3","0.9145882352941176","0.6932941176470588","0.3011764705882353","0.9805882352941176","1.01","0.01","0.01","0.01","0.01","0.01","0.01","0.175","0.13774193548387098","0.7847826086956522","0.060338983050847464","0.4294915254237288","0.505"
"9","0.8485882352941176","0.7864705882352941","0.7864705882352941","0.09152941176470587","0.01","0.01","0.01","0.01","1.01","0.01","0.01","0.175","0.13774193548387098","0.7847826086956522","0.060338983050847464","0.4294915254237288","0.505"
"1","0.743764705882353","0.6467058823529412","0.4021176470588235","0.4603529411764706","0.01","0.01","0.01","0.01","0.01","1.01","0.01","0.175","0.13774193548387098","0.7847826086956522","0.060338983050847464","0.4294915254237288","0.505"
"9","0.5651764705882353","0.8447058823529412","0.4292941176470588","0.8563529411764705","0.01","0.01","0.01","0.01","0.01","0.01","1.01","0.175","0.13774193548387098","0.7847826086956522","0.060338983050847464","0.4294915254237288","0.505"
"7","0.20023529411764707","0.5030588235294118","0.3244705882352941","0.9611764705882353","0.01","0.01","0.01","0.01","0.01","1.01","0.01","0.175","0.13774193548387098","0.7847826086956522","0.060338983050847464","0.4294915254237288","0.505"
"5","0.6816470588235295","0.3128235294117647","0.19247058823529414","0.5457647058823529","0.01","0.01","0.01","0.01","0.01","1.01","0.01","0.175","0.13774193548387098","0.7847826086956522","0.060338983050847464","0.446271186440678","0.505"
"5","0.8524705882352941","0.22741176470588237","0.6816470588235295","0.25458823529411767","0.01","1.01","0.01","0.01","0.01","0.01","0.01","0.175","0.13774193548387098","0.7847826086956522","0.060338983050847464","0.446271186440678","0.505"
"9","0.281764705882353","0.44482352941176473","0.7049411764705882","0.6428235294117647","0.01","0.01","0.01","0.01","0.01","0.01","1.01","0.175","0.13774193548387098","0.7847826086956522","0.060338983050847464","0.446271186440678","0.505"
"8","0.16141176470588237","0.7709411764705882","0.5574117647058824","0.5729411764705882","0.01","0.01","0.01","0.01","0.01","0.01","1.01","0.175","0.13774193548387098","0.7847826086956522","0.060338983050847464","0.446271186440678","0.505"
"8","0.02164705882352941","0.7165882352941176","0.3710588235294118","0.3438823529411765","0.01","0.01","0.01","0.01","1.01","0.01","0.01","0.175","0.13774193548387098","0.7847826086956522","0.060338983050847464","0.446271186440678","0.505"
"0","0.281764705882353","0.7282352941176471","0.7049411764705882","0.7554117647058823","0.01","1.01","0.01","0.01","0.01","0.01","0.01","0.175","0.13774193548387098","0.7847826086956522","0.060338983050847464","0.46305084745762715","0.505"
"0","0.6699999999999999","0.06823529411764706","0.7825882352941177","0.7243529411764705","0.01","0.01","0.01","1.01","0.01","0.01","0.01","0.175","0.13774193548387098","0.7847826086956522","0.060338983050847464","0.46305084745762715","0.505"
"5","0.7243529411764705","0.05270588235294118","0.5147058823529411","0.604","0.01","0.01","1.01","0.01","0.01","0.01","0.01","0.175","0.13774193548387098","0.7847826086956522","0.060338983050847464","0.46305084745762715","0.505"
"8","0.2856470588235294","0.05658823529411765","0.9378823529411765","0.4914117647058823","0.01","0.01","0.01","0.01","1.01","0.01","0.01","0.175","0.13774193548387098","0.7847826086956522","0.060338983050847464","0.46305084745762715","0.505"
"9","0.33999999999999997","0.8252941176470587","0.08376470588235294","0.6001176470588235","1.01","0.01","0.01","0.01","0.01","0.01","0.01","0.175","0.13774193548387098","0.7847826086956522","0.060338983050847464","0.46305084745762715","0.505"
"1","0.9922352941176471","0.941764705882353","0.10705882352941176","0.5302352941176471","0.01","1.01","0.01","0.01","0.01","0.01","0.01","0.175","0.13774193548387098","0.7847826086956522","0.060338983050847464","0.46305084745762715","0.505"
"0","0.5612941176470588","0.6467058823529412","0.662235294117647","0.8291764705882353","0.01","0.01","0.01","1.01","0.01","0.01","0.01","0.175","0.13774193548387098","0.7847826086956522","0.060338983050847464","0.4798305084745763","0.505"
"4","0.1575294117647059","0.6855294117647059","0.3283529411764706","0.7825882352941177","0.01","1.01","0.01","0.01","0.01","0.01","0.01","0.175","0.13774193548387098","0.7847826086956522","0.060338983050847464","0.4798305084745763","0.505"
"5","0.8796470588235294","0.347764705882353","0.8874117647058823","0.20800000000000002","0.01","0.01","0.01","0.01","1.01","0.01","0.01","0.175","0.13774193548387098","0.7847826086956522","0.060338983050847464","0.4798305084745763","0.505"
"6","0.5069411764705882","0.3128235294117647","0.9223529411764705","0.7981176470588235","0.01","0.01","1.01","0.01","0.01","0.01","0.01","0.175","0.13774193548387098","0.7847826086956522","0.060338983050847464","0.4798305084745763","0.505"
"3","0.794235294117647","0.3632941176470588","0.3710588235294118","0.1575294117647059","0.01","0.01","0.01","0.01","0.01","1.01","0.01","0.175","0.13774193548387098","0.7847826086956522","0.060338983050847464","0.4798305084745763","0.505"
"6","0.060470588235294116","0.16917647058823532","0.736","0.14200000000000002","0.01","0.01","1.01","0.01","0.01","0.01","0.01","0.175","0.13774193548387098","0.7847826086956522","0.060338983050847464","0.4966101694915255","0.505"
"6","0.6389411764705882","0.5224705882352941","0.9378823529411765","0.30505882352941177","1.01","0.01","0.01","0.01","0.01","0.01","0.01","0.175","0.13774193548387098","0.7847826086956522","0.060338983050847464","0.4966101694915255","0.505"
"2","0.47200000000000003","0.7243529411764705","0.3710588235294118","0.6583529411764706","0.01","0.01","1.01","0.01","0.01","0.01","0.01","0.175","0.13774193548387098","0.7847826086956522","0.060338983050847464","0.4966101694915255","0.505"
"9","0.8136470588235294","0.6311764705882353","0.868","0.9029411764705882","1.01","0.01","0.01","0.01","0.01","0.01","0.01","0.175","0.13774193548387098","0.7847826086956522","0.060338983050847464","0.4966101694915255","0.505"
"7","0.8951764705882354","0.10317647058823529","0.7554117647058823","0.9495294117647058","0.01","0.01","0.01","1.01","0.01","0.01","0.01","0.175","0.13774193548387098","0.7847826086956522","0.060338983050847464","0.4966101694915255","0.505"
"4","0.47200000000000003","0.9145882352941176","0.7476470588235294","0.24294117647058824","0.01","0.01","0.01","1.01","0.01","0.01","0.01","0.175","0.13774193548387098","0.7847826086956522","0.060338983050847464","0.4966101694915255","0.505"
"3","0.5341176470588236","1.0","0.041058823529411766","0.03329411764705882","0.01","1.01","0.01","0.01","0.01","0.01","0.01","0.175","0.13774193548387098","0.7847826086956522","0.060338983050847464","0.5133898305084745","0.505"
"5","0.6855294117647059","0.08764705882352941","0.6001176470588235","0.4409411764705882","0.01","0.01","0.01","0.01","0.01","1.01","0.01","0.175","0.13774193548387098","0.7847826086956522","0.060338983050847464","0.5133898305084745","0.505"
"3","0.7049411764705882","0.4487058823529412","0.13423529411764706","0.5535294117647059","0.01","0.01","0.01","0.01","0.01","0.01","1.01","0.175","0.13774193548387098","0.7847826086956522","0.060338983050847464","0.5133898305084745","0.505"
"8","0.802","0.6894117647058824","0.13423529411764706","0.3011764705882353","0.01","0.01","0.01","0.01","0.01","0.01","1.01","0.175","0.13774193548387098","0.7847826086956522","0.060338983050847464","0.5133898305084745","0.505"
"1","0.28952941176470587","0.1575294117647059","0.6001176470588235","0.20023529411764707","0.01","0.01","0.01","0.01","0.01","0.01","1.01","0.175","0.13774193548387098","0.7847826086956522","0.060338983050847464","0.5133898305084745","0.505"
"4","0.12258823529411764","0.7554117647058823","0.07988235294117646","0.8990588235294118","0.01","0.01","0.01","0.01","0.01","1.01","0.01","0.175","0.13774193548387098","0.7847826086956522","0.060338983050847464","0.5301694915254238","0.505"
"6","0.5845882352941177","0.9068235294117647","0.21188235294117647","0.6699999999999999","1.01","0.01","0.01","0.01","0.01","0.01","0.01","0.175","0.13774193548387098","0.7847826086956522","0.060338983050847464","0.5301694915254238","0.505"
"7","0.36717647058823527","0.3865882352941176","0.5768235294117646","0.9068235294117647","0.01","0.01","0.01","0.01","0.01","1.01","0.01","0.175","0.13774193548387098","0.7847826086956522","0.060338983050847464","0.5301694915254238","0.505"
"2","0.076","0.5302352941176471","0.6350588235294118","0.08376470588235294","1.01","0.01","0.01","0.01","0.01","0.01","0.01","0.175","0.13774193548387098","0.7847826086956522","0.060338983050847464","0.5301694915254238","0.505"
"7","0.09541176470588235","0.4292941176470588","0.7592941176470588","0.9883529411764707","0.01","0.01","0.01","0.01","1.01","0.01","0.01","0.175","0.13774193548387098","0.7847826086956522","0.060338983050847464","0.5301694915254238","0.505"
"9","0.3827058823529412","0.25070588235294117","0.9572941176470589","0.7592941176470588","0.01","0.01","0.01","1.01","0.01","0.01","0.01","0.175","0.13774193548387098","0.7847826086956522","0.060338983050847464","0.5469491525423729","0.505"
"0","0.5612941176470588","0.10317647058823529","0.6428235294117647","0.9844705882352941","0.01","0.01","0.01","0.01","1.01","0.01","0.01","0.175","0.13774193548387098","0.7847826086956522","0.060338983050847464","0.5469491525423729","0.505"
"8","0.044941176470588234","0.25070588235294117","0.41764705882352937","0.6428235294117647","0.01","0.01","0.01","1.01","0.01","0.01","0.01","0.175","0.13774193548387098","0.7847826086956522","0.060338983050847464","0.563728813559322","0.505"
"5","0.9767058823529412","0.6932941176470588","0.7088235294117647","0.347764705882353","0.01","1.01","0.01","0.01","0.01","0.01","0.01","0.175","0.13774193548387098","0.7847826086956522","0.060338983050847464","0.563728813559322","0.505"
"0","0.07211764705882352","0.941764705882353","0.3361176470588235","0.4409411764705882","1.01","0.01","0.01","0.01","0.01","0.01","0.01","0.175","0.13774193548387098","0.7847826086956522","0.060338983050847464","0.563728813559322","0.505"
"3","0.9611764705882353","0.6311764705882353","0.6816470588235295","0.1303529411764706","0.01","0.01","0.01","1.01","0.01","0.01","0.01","0.175","0.13774193548387098","0.7847826086956522","0.060338983050847464","0.563728813559322","0.505"
"1","0.7204705882352941","0.8330588235294119","0.9262352941176472","0.7321176470588235","0.01","0.01","0.01","0.01","1.01","0.01","0.01","0.175","0.13774193548387098","0.7847826086956522","0.060338983050847464","0.563728813559322","0.505"
"5","0.2701176470588236","0.7204705882352941","0.9572941176470589","0.11094117647058822","0.01","0.01","0.01","0.01","0.01","1.01","0.01","0.175","0.13774193548387098","0.7847826086956522","0.060338983050847464","0.563728813559322","0.505"
"5","0.21576470588235297","0.23129411764705884","0.5884705882352942","0.31670588235294117","0.01","0.01","0.01","0.01","0.01","0.01","1.01","0.175","0.13774193548387098","0.7847826086956522","0.060338983050847464","0.5805084745762712","0.505"
"7","0.3089411764705882","0.464235294117647","0.3361176470588235","0.8214117647058823","1.01","0.01","0.01","0.01","0.01","0.01","0.01","0.175","0.13774193548387098","0.7847826086956522","0.060338983050847464","0.5805084745762712","0.505"
"0","0.21964705882352942","0.5147058823529411","0.4409411764705882","0.17694117647058824","0.01","0.01","0.01","0.01","1.01","0.01","0.01","0.175","0.13774193548387098","0.7847826086956522","0.060338983050847464","0.5805084745762712","0.505"
"0","0.48364705882352943","0.7670588235294117","0.7592941176470588","0.17694117647058824","0.01","0.01","0.01","0.01","0.01","0.01","1.01","0.175","0.13774193548387098","0.7847826086956522","0.060338983050847464","0.5805084745762712","0.505"
"6","0.15364705882352944","0.48364705882352943","0.4681176470588236","0.9223529411764705","0.01","0.01","0.01","1.01","0.01","0.01","0.01","0.175","0.13774193548387098","0.7847826086956522","0.060338983050847464","0.5805084745762712","0.505"
"8","0.6234117647058823","0.8990588235294118","0.743764705882353","0.5263529411764706","0.01","0.01","0.01","0.01","0.01","0.01","1.01","0.175","0.13774193548387098","0.7847826086956522","0.060338983050847464","0.5972881355932204","0.505"
"1","0.41764705882352937","0.02164705882352941","0.8447058823529412","0.9922352941176471","0.01","0.01","0.01","0.01","1.01","0.01","0.01","0.175","0.13774193548387098","0.7847826086956522","0.060338983050847464","0.5972881355932204","0.505"
"4","0.7398823529411765","0.918470588235294","0.28952941176470587","0.9844705882352941","0.01","0.01","0.01","0.01","0.01","0.01","1.01","0.175","0.13774193548387098","0.7847826086956522","0.060338983050847464","0.5972881355932204","0.505"
"7","0.08764705882352941","0.041058823529411766","0.7127058823529412","0.08376470588235294","0.01","0.01","0.01","0.01","0.01","1.01","0.01","0.175","0.13774193548387098","0.7847826086956522","0.060338983050847464","0.5972881355932204","0.505"
"1","0.11094117647058822","0.8951764705882354","0.8524705882352941","0.20023529411764707","0.01","0.01","0.01","0.01","0.01","1.01","0.01","0.175","0.13774193548387098","0.7847826086956522","0.060338983050847464","0.5972881355932204","0.505"
"5","0.8136470588235294","0.9689411764705882","0.01","0.07988235294117646","1.01","0.01","0.01","0.01","0.01","0.01","0.01","0.175","0.13774193548387098","0.7847826086956522","0.060338983050847464","0.6140677966101695","0.505"
"4","0.8330588235294119","0.9145882352941176","0.9107058823529411","0.20023529411764707","0.01","0.01","0.01","0.01","0.01","1.01","0.01","0.175","0.13774193548387098","0.7847826086956522","0.060338983050847464","0.6140677966101695","0.505"
"5","0.21576470588235297","0.4021176470588235","0.4409411764705882","0.44482352941176473","0.01","0.01","0.01","0.01","0.01","1.01","0.01","0.175","0.13774193548387098","0.7847826086956522","0.060338983050847464","0.6140677966101695","0.505"
"8","0.45647058823529413","0.1847058823529412","0.18082352941176472","0.5341176470588236","0.01","0.01","0.01","0.01","1.01","0.01","0.01","0.175","0.13774193548387098","0.7847826086956522","0.060338983050847464","0.6140677966101695","0.505"
"6","0.941764705882353","0.918470588235294","0.5962352941176471","0.45647058823529413","0.01","0.01","1.01","0.01","0.01","0.01","0.01","0.175","0.13774193548387098","0.7847826086956522","0.060338983050847464","0.6140677966101695","0.505"
"3","0.20023529411764707","0.7282352941176471","0.3904705882352941","0.5263529411764706","0.01","0.01","0.01","0.01","0.01","1.01","0.01","0.175","0.13774193548387098","0.7847826086956522","0.060338983050847464","0.6308474576271187","0.505"
"1","0.5612941176470588","0.3749411764705883","0.9534117647058823","0.868","0.01","0.01","0.01","0.01","0.01","1.01","0.01","0.175","0.13774193548387098","0.7847826086956522","0.060338983050847464","0.6308474576271187","0.505"
"4","0.42152941176470593","0.9805882352941176","0.7631764705882352","0.4098823529411765","0.01","0.01","0.01","0.01","1.01","0.01","0.01","0.175","0.13774193548387098","0.7847826086956522","0.060338983050847464","0.6308474576271187","0.505"
"6","0.8835294117647059","0.2235294117647059","0.01776470588235294","0.7903529411764706","0.01","0.01","0.01","0.01","0.01","0.01","1.01","0.175","0.13774193548387098","0.7847826086956522","0.060338983050847464","0.6308474576271187","0.505"
"5","0.6777647058823529","0.31670588235294117","0.23129411764705884","0.281764705882353","0.01","1.01","0.01","0.01","0.01","0.01","0.01","0.175","0.13774193548387098","0.7847826086956522","0.060338983050847464","0.6308474576271187","0.505"
"7","0.934","0.06435294117647058","0.8175294117647058","0.2584705882352941","1.01","0.01","0.01","0.01","0.01","0.01","0.01","0.175","0.13774193548387098","0.7847826086956522","0.060338983050847464","0.6476271186440677","0.505"
"2","0.09152941176470587","0.4370588235294118","0.918470588235294","0.7554117647058823","0.01","0.01","0.01","1.01","0.01","0.01","0.01","0.175","0.13774193548387098","0.7847826086956522","0.060338983050847464","0.6476271186440677","0.505"
"9","0.2972941176470589","0.9572941176470589","0.8136470588235294","0.20800000000000002","0.01","0.01","1.01","0.01","0.01","0.01","0.01","0.175","0.13774193548387098","0.7847826086956522","0.060338983050847464","0.6476271186440677","0.505"
"0","0.10705882352941176","0.03329411764705882","0.09929411764705881","0.7981176470588235","0.01","0.01","0.01","0.01","0.01","0.01","1.01","0.175","0.13774193548387098","0.7847826086956522","0.060338983050847464","0.6476271186440677","0.505"
"2","0.18082352941176472","0.10705882352941176","0.029411764705882353","0.5884705882352942","0.01","0.01","0.01","0.01","0.01","0.01","1.01","0.175","0.13774193548387098","0.7847826086956522","0.060338983050847464","0.6476271186440677","0.505"
"0","0.6855294117647059","0.2701176470588236","0.3632941176470588","0.8757647058823529","0.01","0.01","0.01","0.01","0.01","1.01","0.01","0.175","0.13774193548387098","0.7847826086956522","0.060338983050847464","0.664406779661017","0.505"
"9","0.7204705882352941","0.9611764705882353","0.6544705882352941","0.33999999999999997","0.01","0.01","0.01","0.01","0.01","0.01","1.01","0.175","0.13774193548387098","0.7847826086956522","0.060338983050847464","0.664406779661017","0.505"
"3","0.406","0.6234117647058823","0.8796470588235294","0.2934117647058823","0.01","0.01","0.01","0.01","1.01","0.01","0.01","0.175","0.13774193548387098","0.7847826086956522","0.060338983050847464","0.664406779661017","0.505"
"2","0.5224705882352941","0.15364705882352944","0.736","0.07988235294117646","1.01","0.01","0.01","0.01","0.01","0.01","0.01","0.175","0.13774193548387098","0.7847826086956522","0.060338983050847464","0.664406779661017","0.505"
"7","0.42152941176470593","0.6932941176470588","0.8951764705882354","0.23129411764705884","0.01","0.01","1.01","0.01","0.01","0.01","0.01","0.175","0.13774193548387098","0.7847826086956522","0.060338983050847464","0.664406779661017","0.505"
"0","0.16529411764705884","0.09152941176470587","0.0371764705882353","0.6195294117647059","0.01","1.01","0.01","0.01","0.01","0.01","0.01","0.175","0.13774193548387098","0.7847826086956522","0.060338983050847464","0.6811864406779661","0.505"
"2","0.347764705882353","0.16529411764705884","0.21188235294117647","0.1303529411764706","0.01","1.01","0.01","0.01","0.01","0.01","0.01","0.175","0.13774193548387098","0.7847826086956522","0.060338983050847464","0.6811864406779661","0.505"
"1","0.6272941176470588","0.6078823529411764","0.794235294117647","0.860235294117647","0.01","0.01","0.01","0.01","0.01","0.01","1.01","0.175","0.13774193548387098","0.7847826086956522","0.060338983050847464","0.6811864406779661","0.505"
"0","0.7049411764705882","0.6195294117647059","0.7398823529411765","0.9495294117647058","0.01","0.01","0.01","1.01","0.01","0.01","0.01","0.175","0.13774193548387098","0.7847826086956522","0.060338983050847464","0.6811864406779661","0.505"
"5","0.8058823529411765","0.934","0.26235294117647057","0.041058823529411766","1.01","0.01","0.01","0.01","0.01","0.01","0.01","0.175","0.13774193548387098","0.7847826086956522","0.060338983050847464","0.6811864406779661","0.505"
"9","0.12258823529411764","0.11094117647058822","0.406","0.8874117647058823","1.01","0.01","0.01","0.01","0.01","0.01","0.01","0.175","0.13774193548387098","0.7847826086956522","0.060338983050847464","0.6979661016949152","0.505"
"1","0.4409411764705882","0.36717647058823527","0.029411764705882353","0.21964705882352942","0.01","0.01","0.01","0.01","1.01","0.01","0.01","0.175","0.13774193548387098","0.7847826086956522","0.060338983050847464","0.6979661016949152","0.505"
"1","0.3827058823529412","0.1847058823529412","0.9572941176470589","0.2351764705882353","0.01","0.01","1.01","0.01","0.01","0.01","0.01","0.175","0.13774193548387098","0.7847826086956522","0.060338983050847464","0.6979661016949152","0.505"
"5","0.281764705882353","0.2701176470588236","0.041058823529411766","0.4487058823529412","1.01","0.01","0.01","0.01","0.01","0.01","0.01","0.175","0.13774193548387098","0.7847826086956522","0.060338983050847464","0.6979661016949152","0.505"
"5","0.281764705882353","0.09152941176470587","0.6272941176470588","0.8718823529411764","0.01","0.01","0.01","0.01","0.01","0.01","1.01","0.175","0.13774193548387098","0.7847826086956522","0.060338983050847464","0.6979661016949152","0.505"
"6","0.6467058823529412","0.7748235294117647","1.0","0.060470588235294116","0.01","0.01","0.01","1.01","0.01","0.01","0.01","0.175","0.13774193548387098","0.7847826086956522","0.060338983050847464","0.6979661016949152","0.505"
"2","0.9145882352941176","0.662235294117647","0.7049411764705882","0.21964705882352942","1.01","0.01","0.01","0.01","0.01","0.01","0.01","0.175","0.13774193548387098","0.7847826086956522","0.060338983050847464","0.7147457627118644","0.505"
"5","0.9068235294117647","0.9301176470588236","0.9961176470588236","0.060470588235294116","0.01","0.01","0.01","1.01","0.01","0.01","0.01","0.175","0.13774193548387098","0.7847826086956522","0.060338983050847464","0.7147457627118644","0.505"
"0","0.45647058823529413","0.7204705882352941","0.274","0.076","0.01","1.01","0.01","0.01","0.01","0.01","0.01","0.175","0.13774193548387098","0.7847826086956522","0.060338983050847464","0.7147457627118644","0.505"
"4","0.9805882352941176","0.08376470588235294","0.08764705882352941","0.3827058823529412","1.01","0.01","0.01","0.01","0.01","0.01","0.01","0.175","0.13774193548387098","0.7847826086956522","0.060338983050847464","0.7147457627118644","0.505"
"9","0.860235294117647","0.9262352941176472","0.5574117647058824","0.13423529411764706","0.01","0.01","0.01","1.01","0.01","0.01","0.01","0.175","0.13774193548387098","0.7847826086956522","0.060338983050847464","0.7147457627118644","0.505"
"9","0.8796470588235294","0.6816470588235295","0.8175294117647058","0.10705882352941176","1.01","0.01","0.01","0.01","0.01","0.01","0.01","0.175","0.13774193548387098","0.7847826086956522","0.060338983050847464","0.7315254237288135","0.505"
"4","0.6195294117647059","0.044941176470588234","0.8524705882352941","0.3205882352941177","1.01","0.01","0.01","0.01","0.01","0.01","0.01","0.175","0.13774193548387098","0.7847826086956522","0.060338983050847464","0.7315254237288135","0.505"
"7","0.934","0.01","0.7554117647058823","0.8447058823529412","0.01","0.01","0.01","1.01","0.01","0.01","0.01","0.175","0.13774193548387098","0.7847826086956522","0.060338983050847464","0.7315254237288135","0.505"
"7","0.3710588235294118","0.7243529411764705","0.26623529411764707","0.9107058823529411","0.01","0.01","1.01","0.01","0.01","0.01","0.01","0.175","0.13774193548387098","0.7847826086956522","0.060338983050847464","0.7315254237288135","0.505"
"9","0.5574117647058824","0.5030588235294118","0.8641176470588235","0.9378823529411765","0.01","0.01","0.01","0.01","0.01","1.01","0.01","0.175","0.13774193548387098","0.7847826086956522","0.060338983050847464","0.7315254237288135","0.505"
"4","0.7049411764705882","0.8990588235294118","0.8757647058823529","0.8835294117647059","0.01","0.01","0.01","0.01","1.01","0.01","0.01","0.175","0.13774193548387098","0.7847826086956522","0.060338983050847464","0.7483050847457627","0.505"
"2","0.4525882352941177","0.5807058823529412","0.6544705882352941","0.9883529411764707","0.01","0.01","0.01","1.01","0.01","0.01","0.01","0.175","0.13774193548387098","0.7847826086956522","0.060338983050847464","0.7483050847457627","0.505"
"8","0.03329411764705882","0.4914117647058823","0.05270588235294118","0.6467058823529412","0.01","0.01","0.01","0.01","0.01","0.01","1.01","0.175","0.13774193548387098","0.7847826086956522","0.060338983050847464","0.7483050847457627","0.505"
"8","0.736","0.3244705882352941","0.33999999999999997","0.9728235294117646","0.01","0.01","1.01","0.01","0.01","0.01","0.01","0.175","0.13774193548387098","0.7847826086956522","0.060338983050847464","0.7483050847457627","0.505"
"7","0.8369411764705883","0.7049411764705882","0.7398823529411765","0.8252941176470587","0.01","0.01","0.01","0.01","1.01","0.01","0.01","0.175","0.13774193548387098","0.7847826086956522","0.060338983050847464","0.7483050847457627","0.505"
"0","0.8330588235294119","0.8214117647058823","0.5263529411764706","0.09152941176470587","0.01","0.01","1.01","0.01","0.01","0.01","0.01","0.175","0.13774193548387098","0.7847826086956522","0.060338983050847464","0.7483050847457627","0.505"
"2","0.39435294117647063","0.8874117647058823","0.7631764705882352","0.3205882352941177","0.01","0.01","0.01","0.01","1.01","0.01","0.01","0.175","0.13774193548387098","0.7847826086956522","0.060338983050847464","0.7650847457627118","0.505"
"0","0.9883529411764707","0.04882352941176471","0.5069411764705882","0.5302352941176471","0.01","0.01","0.01","0.01","1.01","0.01","0.01","0.175","0.13774193548387098","0.7847826086956522","0.060338983050847464","0.7650847457627118","0.505"
"6","0.18858823529411764","0.4914117647058823","0.8330588235294119","0.3283529411764706","0.01","0.01","0.01","1.01","0.01","0.01","0.01","0.175","0.13774193548387098","0.7847826086956522","0.060338983050847464","0.7650847457627118","0.505"
"3","0.10317647058823529","0.2584705882352941","0.9650588235294117","0.7049411764705882","0.01","0.01","0.01","0.01","0.01","1.01","0.01","0.175","0.13774193548387098","0.7847826086956522","0.060338983050847464","0.7650847457627118","0.505"
"6","0.060470588235294116","0.4254117647058824","0.18082352941176472","0.17694117647058824","0.01","1.01","0.01","0.01","0.01","0.01","0.01","0.175","0.13774193548387098","0.7847826086956522","0.060338983050847464","0.7650847457627118","0.505"
"0","0.538","0.7592941176470588","0.6389411764705882","0.01388235294117647","0.01","1.01","0.01","0.01","0.01","0.01","0.01","0.175","0.13774193548387098","0.7847826086956522","0.060338983050847464","0.7818644067796611","0.505"
"5","0.8252941176470587","0.3244705882352941","0.01388235294117647","0.21964705882352942","0.01","0.01","0.01","0.01","0.01","0.01","1.01","0.175","0.13774193548387098","0.7847826086956522","0.060338983050847464","0.7818644067796611","0.505"
"4","0.17305882352941176","0.9145882352941176","0.2351764705882353","0.03329411764705882","0.01","0.01","1.01","0.01","0.01","0.01","0.01","0.175","0.13774193548387098","0.7847826086956522","0.060338983050847464","0.7818644067796611","0.505"
"6","0.5845882352941177","0.9534117647058823","0.7282352941176471","0.868","0.01","0.01","1.01","0.01","0.01","0.01","0.01","0.175","0.13774193548387098","0.7847826086956522","0.060338983050847464","0.7818644067796611","0.505"
"0","0.7864705882352941","0.8524705882352941","0.7903529411764706","0.17305882352941176","1.01","0.01","0.01","0.01","0.01","0.01","0.01","0.175","0.13774193548387098","0.7847826086956522","0.060338983050847464","0.7818644067796611","0.505"
"2","0.3205882352941177","0.21964705882352942","0.6583529411764706","0.743764705882353","0.01","0.01","0.01","0.01","0.01","0.01","1.01","0.175","0.13774193548387098","0.7847826086956522","0.060338983050847464","0.7986440677966101","0.505"
"2","0.06435294117647058","0.19247058823529414","0.7864705882352941","0.6971764705882353","0.01","0.01","0.01","0.01","0.01","0.01","1.01","0.175","0.13774193548387098","0.7847826086956522","0.060338983050847464","0.7986440677966101","0.505"
"4","0.7127058823529412","0.44482352941176473","0.5535294117647059","0.3438823529411765","0.01","0.01","0.01","0.01","0.01","1.01","0.01","0.175","0.13774193548387098","0.7847826086956522","0.060338983050847464","0.7986440677966101","0.505"
"2","0.736","0.060470588235294116","0.12258823529411764","0.21964705882352942","0.01","0.01","0.01","0.01","1.01","0.01","0.01","0.175","0.13774193548387098","0.7847826086956522","0.060338983050847464","0.7986440677966101","0.505"
"9","0.1963529411764706","0.4875294117647059","0.6583529411764706","0.07988235294117646","0.01","0.01","1.01","0.01","0.01","0.01","0.01","0.175","0.13774193548387098","0.7847826086956522","0.060338983050847464","0.7986440677966101","0.505"
"8","0.029411764705882353","0.41764705882352937","0.5069411764705882","0.36717647058823527","0.01","1.01","0.01","0.01","0.01","0.01","0.01","0.175","0.13774193548387098","0.7847826086956522","0.060338983050847464","0.7986440677966101","0.505"
"6","0.49529411764705883","0.025529411764705884","0.07211764705882352","0.8524705882352941","1.01","0.01","0.01","0.01","0.01","0.01","0.01","0.175","0.13774193548387098","0.7847826086956522","0.060338983050847464","0.8154237288135594","0.505"
"9","0.4137647058823529","0.17694117647058824","0.8951764705882354","0.6156470588235294","0.01","0.01","1.01","0.01","0.01","0.01","0.01","0.175","0.13774193548387098","0.7847826086956522","0.060338983050847464","0.8154237288135594","0.505"
"6","0.3904705882352941","0.9689411764705882","0.27788235294117647","0.3128235294117647","0.01","1.01","0.01","0.01","0.01","0.01","0.01","0.175","0.13774193548387098","0.7847826086956522","0.060338983050847464","0.8154237288135594","0.505"
"7","0.47200000000000003","0.2701176470588236","0.7476470588235294","0.6971764705882353","0.01","0.01","0.01","0.01","1.01","0.01","0.01","0.175","0.13774193548387098","0.7847826086956522","0.060338983050847464","0.8154237288135594","0.505"
"2","0.794235294117647","0.9883529411764707","0.7321176470588235","0.8951764705882354","0.01","0.01","0.01","1.01","0.01","0.01","0.01","0.175","0.13774193548387098","0.7847826086956522","0.060338983050847464","0.8322033898305085","0.505"
"5","0.7398823529411765","0.12258823529411764","0.33999999999999997","0.9961176470588236","1.01","0.01","0.01","0.01","0.01","0.01","0.01","0.175","0.13774193548387098","0.7847826086956522","0.060338983050847464","0.8322033898305085","0.505"
"9","0.8641176470588235","0.7049411764705882","0.7748235294117647","0.6156470588235294","1.01","0.01","0.01","0.01","0.01","0.01","0.01","0.175","0.13774193548387098","0.7847826086956522","0.060338983050847464","0.8322033898305085","0.505"
"9","0.8291764705882353","0.4797647058823529","0.9068235294117647","0.5457647058823529","0.01","0.01","0.01","0.01","0.01","0.01","1.01","0.175","0.13774193548387098","0.7847826086956522","0.060338983050847464","0.8322033898305085","0.505"
"9","0.33999999999999997","0.743764705882353","0.16917647058823532","0.9922352941176471","0.01","0.01","0.01","0.01","1.01","0.01","0.01","0.175","0.13774193548387098","0.7847826086956522","0.060338983050847464","0.8322033898305085","0.505"
"8","0.1458823529411765","0.941764705882353","0.9650588235294117","0.794235294117647","0.01","0.01","0.01","0.01","0.01","0.01","1.01","0.175","0.13774193548387098","0.7847826086956522","0.060338983050847464","0.8489830508474576","0.505"
"3","0.09929411764705881","0.6272941176470588","0.2972941176470589","0.7165882352941176","0.01","0.01","0.01","0.01","0.01","1.01","0.01","0.175","0.13774193548387098","0.7847826086956522","0.060338983050847464","0.8489830508474576","0.505"
"8","0.9301176470588236","0.3827058823529412","0.9262352941176472","0.17305882352941176","1.01","0.01","0.01","0.01","0.01","0.01","0.01","0.175","0.13774193548387098","0.7847826086956522","0.060338983050847464","0.8489830508474576","0.505"
"3","0.5729411764705882","0.4487058823529412","0.6699999999999999","0.33999999999999997","0.01","0.01","0.01","0.01","0.01","1.01","0.01","0.175","0.13774193548387098","0.7847826086956522","0.060338983050847464","0.8489830508474576","0.505"
"9","0.8641176470588235","0.1303529411764706","0.6428235294117647","0.4758823529411765","0.01","0.01","0.01","0.01","1.01","0.01","0.01","0.175","0.13774193548387098","0.7847826086956522","0.060338983050847464","0.8489830508474576","0.505"
"4","0.1264705882352941","0.36717647058823527","0.1963529411764706","0.19247058823529414","0.01","0.01","1.01","0.01","0.01","0.01","0.01","0.175","0.13774193548387098","0.7847826086956522","0.060338983050847464","0.8489830508474576","0.505"
"8","0.01776470588235294","0.8330588235294119","0.3205882352941177","0.9922352941176471","0.01","0.01","0.01","1.01","0.01","0.01","0.01","0.175","0.13774193548387098","0.7847826086956522","0.060338983050847464","0.8657627118644068","0.505"
"6","0.6855294117647059","0.21576470588235297","0.21188235294117647","0.041058823529411766","0.01","0.01","1.01","0.01","0.01","0.01","0.01","0.175","0.13774193548387098","0.7847826086956522","0.060338983050847464","0.8657627118644068","0.505"
"1","0.6583529411764706","0.2235294117647059","0.9029411764705882","0.274","0.01","0.01","1.01","0.01","0.01","0.01","0.01","0.175","0.13774193548387098","0.7847826086956522","0.060338983050847464","0.8657627118644068","0.505"
"4","0.24294117647058824","0.6311764705882353","0.21964705882352942","0.02164705882352941","1.01","0.01","0.01","0.01","0.01","0.01","0.01","0.175","0.13774193548387098","0.7847826086956522","0.060338983050847464","0.8657627118644068","0.505"
"2","0.5147058823529411","0.07988235294117646","0.6117647058823529","0.10705882352941176","0.01","0.01","1.01","0.01","0.01","0.01","0.01","0.175","0.13774193548387098","0.7847826086956522","0.060338983050847464","0.8657627118644068","0.505"
"3","0.8990588235294118","0.28952941176470587","0.406","0.9029411764705882","0.01","0.01","1.01","0.01","0.01","0.01","0.01","0.175","0.13774193548387098","0.7847826086956522","0.060338983050847464","0.882542372881356","0.505"
"3","0.8447058823529412","0.0371764705882353","0.49529411764705883","0.6428235294117647","0.01","1.01","0.01","0.01","0.01","0.01","0.01","0.175","0.13774193548387098","0.7847826086956522","0.060338983050847464","0.882542372881356","0.505"
"6","0.45647058823529413","0.03329411764705882","0.8214117647058823","0.8252941176470587","0.01","0.01","0.01","0.01","0.01","0.01","1.01","0.175","0.13774193548387098","0.7847826086956522","0.060338983050847464","0.882542372881356","0.505"
"0","0.3128235294117647","0.47200000000000003","0.6583529411764706","0.406","0.01","0.01","1.01","0.01","0.01","0.01","0.01","0.175","0.13774193548387098","0.7847826086956522","0.060338983050847464","0.882542372881356","0.505"
"3","0.041058823529411766","0.2390588235294118","0.06823529411764706","0.918470588235294","0.01","0.01","0.01","0.01","1.01","0.01","0.01","0.175","0.13774193548387098","0.7847826086956522","0.060338983050847464","0.882542372881356","0.505"
"8","0.5574117647058824","0.743764705882353","0.26623529411764707","0.7787058823529412","0.01","0.01","0.01","0.01","1.01","0.01","0.01","0.175","0.13774193548387098","0.7847826086956522","0.060338983050847464","0.8993220338983051","0.505"
"9","0.8641176470588235","0.06435294117647058","0.2235294117647059","0.5807058823529412","0.01","0.01","0.01","0.01","0.01","0.01","1.01","0.175","0.13774193548387098","0.7847826086956522","0.060338983050847464","0.8993220338983051","0.505"
"5","1.0","0.23129411764705884","0.4292941176470588","0.9262352941176472","1.01","0.01","0.01","0.01","0.01","0.01","0.01","0.175","0.13774193548387098","0.7847826086956522","0.060338983050847464","0.8993220338983051","0.505"
"7","0.09541176470588235","0.9107058823529411","0.6234117647058823","0.7748235294117647","0.01","0.01","0.01","0.01","0.01","0.01","1.01","0.175","0.13774193548387098","0.7847826086956522","0.060338983050847464","0.8993220338983051","0.505"
"1","0.27788235294117647","0.7670588235294117","0.6428235294117647","0.5612941176470588","1.01","0.01","0.01","0.01","0.01","0.01","0.01","0.175","0.13774193548387098","0.7847826086956522","0.060338983050847464","0.9161016949152543","0.505"
"2","0.025529411764705884","0.8757647058823529","0.24682352941176472","0.5651764705882353","0.01","1.01","0.01","0.01","0.01","0.01","0.01","0.175","0.13774193548387098","0.7847826086956522","0.060338983050847464","0.9161016949152543","0.505"
"1","0.07211764705882352","0.47200000000000003","0.4758823529411765","0.4409411764705882","0.01","0.01","1.01","0.01","0.01","0.01","0.01","0.175","0.13774193548387098","0.7847826086956522","0.060338983050847464","0.9161016949152543","0.505"
"7","1.0","0.743764705882353","0.041058823529411766","0.21188235294117647","0.01","0.01","0.01","1.01","0.01","0.01","0.01","0.175","0.13774193548387098","0.7847826086956522","0.060338983050847464","0.9161016949152543","0.505"
"6","0.736","0.6234117647058823","0.4370588235294118","0.9767058823529412","0.01","1.01","0.01","0.01","0.01","0.01","0.01","0.175","0.13774193548387098","0.7847826086956522","0.060338983050847464","0.9161016949152543","0.505"
"5","0.15364705882352944","0.8563529411764705","0.1575294117647059","0.7049411764705882","0.01","1.01","0.01","0.01","0.01","0.01","0.01","0.175","0.13774193548387098","0.7847826086956522","0.060338983050847464","0.9161016949152543","0.505"
"0","0.3749411764705883","0.39435294117647063","0.7010588235294117","0.8214117647058823","0.01","1.01","0.01","0.01","0.01","0.01","0.01","0.175","0.13774193548387098","0.7847826086956522","0.060338983050847464","0.9328813559322033","0.505"
"1","0.48364705882352943","0.20800000000000002","0.7204705882352941","0.25458823529411767","0.01","0.01","0.01","0.01","1.01","0.01","0.01","0.175","0.13774193548387098","0.7847826086956522","0.060338983050847464","0.9328813559322033","0.505"
"1","0.8369411764705883","0.7670588235294117","0.3128235294117647","0.4331764705882353","0.01","1.01","0.01","0.01","0.01","0.01","0.01","0.175","0.13774193548387098","0.7847826086956522","0.060338983050847464","0.9328813559322033","0.505"
"5","0.5496470588235294","0.3710588235294118","0.6467058823529412","0.7903529411764706","0.01","0.01","1.01","0.01","0.01","0.01","0.01","0.175","0.13774193548387098","0.7847826086956522","0.060338983050847464","0.9328813559322033","0.505"
"7","0.7476470588235294","0.076","0.7127058823529412","0.860235294117647","1.01","0.01","0.01","0.01","0.01","0.01","0.01","0.175","0.13774193548387098","0.7847826086956522","0.060338983050847464","0.9328813559322033","0.505"
"0","0.9883529411764707","0.8485882352941176","0.41764705882352937","0.5147058823529411","0.01","0.01","0.01","0.01","0.01","1.01","0.01","0.175","0.13774193548387098","0.7847826086956522","0.060338983050847464","0.9496610169491526","0.505"
"2","0.04882352941176471","0.39435294117647063","0.13811764705882354","0.5729411764705882","1.01","0.01","0.01","0.01","0.01","0.01","0.01","0.175","0.13774193548387098","0.7847826086956522","0.060338983050847464","0.9496610169491526","0.505"
"0","0.2584705882352941","0.3361176470588235","0.7631764705882352","0.6971764705882353","1.01","0.01","0.01","0.01","0.01","0.01","0.01","0.175","0.13774193548387098","0.7847826086956522","0.060338983050847464","0.9496610169491526","0.505"
"8","0.5574117647058824","0.6583529411764706","0.25070588235294117","0.7243529411764705","0.01","0.01","0.01","0.01","0.01","1.01","0.01","0.175","0.13774193548387098","0.7847826086956522","0.060338983050847464","0.9496610169491526","0.505"
"4","0.0371764705882353","0.347764705882353","0.9107058823529411","0.09541176470588235","0.01","0.01","0.01","0.01","1.01","0.01","0.01","0.175","0.13774193548387098","0.7847826086956522","0.060338983050847464","0.9496610169491526","0.505"
"4","0.21964705882352942","0.9767058823529412","0.6738823529411764","0.2701176470588236","0.01","0.01","0.01","0.01","1.01","0.01","0.01","0.175","0.13774193548387098","0.7847826086956522","0.060338983050847464","0.9496610169491526","0.505"
"8","0.35552941176470587","0.5147058823529411","0.347764705882353","0.041058823529411766","0.01","0.01","0.01","0.01","1.01","0.01","0.01","0.175","0.13774193548387098","0.7847826086956522","0.060338983050847464","0.9664406779661017","0.505"
"8","0.5185882352941176","0.406","0.06435294117647058","0.06823529411764706","0.01","1.01","0.01","0.01","0.01","0.01","0.01","0.175","0.13774193548387098","0.7847826086956522","0.060338983050847464","0.9664406779661017","0.505"
"3","0.9107058823529411","0.09152941176470587","0.934","0.2856470588235294","0.01","1.01","0.01","0.01","0.01","0.01","0.01","0.175","0.13774193548387098","0.7847826086956522","0.060338983050847464","0.9664406779661017","0.505"
"1","0.3361176470588235","0.3089411764705882","0.868","0.6699999999999999","0.01","1.01","0.01","0.01","0.01","0.01","0.01","0.175","0.13774193548387098","0.7847826086956522","0.060338983050847464","0.9664406779661017","0.505"
"6","0.22741176470588237","0.1963529411764706","0.041058823529411766","0.09152941176470587","0.01","0.01","0.01","1.01","0.01","0.01","0.01","0.175","0.13774193548387098","0.7847826086956522","0.060338983050847464","0.9664406779661017","0.505"
"2","0.8835294117647059","0.7010588235294117","0.17694117647058824","0.868","0.01","0.01","0.01","0.01","1.01","0.01","0.01","0.175","0.13774193548387098","0.7847826086956522","0.060338983050847464","0.983220338983051","0.505"
"4","0.45647058823529413","0.42152941176470593","0.5341176470588236","0.9145882352941176","0.01","0.01","0.01","0.01","0.01","1.01","0.01","0.175","0.13774193548387098","0.7847826086956522","0.060338983050847464","0.983220338983051","0.505"
"4","0.14200000000000002","0.6583529411764706","0.25458823529411767","0.7398823529411765","1.01","0.01","0.01","0.01","0.01","0.01","0.01","0.175","0.13774193548387098","0.7847826086956522","0.060338983050847464","0.983220338983051","0.505"
"9","0.347764705882353","0.8058823529411765","0.7476470588235294","0.8175294117647058","0.01","0.01","0.01","0.01","0.01","1.01","0.01","0.175","0.13774193548387098","0.7847826086956522","0.060338983050847464","0.983220338983051","0.505"
"4","0.2856470588235294","0.7864705882352941","0.15364705882352944","0.5884705882352942","0.01","0.01","0.01","0.01","1.01","0.01","0.01","0.175","0.13774193548387098","0.7847826086956522","0.060338983050847464","0.983220338983051","0.505"
"4","0.48364705882352943","0.941764705882353","0.7981176470588235","0.5768235294117646","1.01","0.01","0.01","0.01","0.01","0.01","0.01","0.175","0.13774193548387098","0.7847826086956522","0.060338983050847464","0.983220338983051","0.505"
"4","0.5884705882352942","0.10317647058823529","0.7049411764705882","0.02164705882352941","0.01","1.01","0.01","0.01","0.01","0.01","0.01","0.175","0.13774193548387098","0.7847826086956522","0.060338983050847464","1.0","0.505"
"1","0.4098823529411765","0.7282352941176471","0.3322352941176471","0.7825882352941177","0.01","0.01","0.01","1.01","0.01","0.01","0.01","0.175","0.13774193548387098","0.7847826086956522","0.060338983050847464","1.0","0.505"
"0","0.23129411764705884","0.01","0.6078823529411764","0.6505882352941177","0.01","0.01","0.01","0.01","0.01","0.01","1.01","0.175","0.13774193548387098","0.7847826086956522","0.060338983050847464","1.0","0.505"
"0","0.6894117647058824","0.15364705882352944","0.07988235294117646","0.7631764705882352","0.01","0.01","0.01","1.01","0.01","0.01","0.01","0.175","0.13774193548387098","0.7847826086956522","0.060338983050847464","1.0","0.505"
"8","0.4254117647058824","1.0","0.743764705882353","0.5263529411764706","0.01","0.01","0.01","0.01","0.01","1.01","0.01","0.175","0.13774193548387098","0.7847826086956522","0.060338983050847464","1.0","0.505"
"5","0.7787058823529412","0.7049411764705882","0.274","0.5651764705882353","0.01","0.01","0.01","0.01","1.01","0.01","0.01","0.175","0.13774193548387098","0.7847826086956522","0.0771186440677966","0.01","0.505"
"8","0.28952941176470587","0.6738823529411764","0.5651764705882353","0.3322352941176471","0.01","0.01","0.01","0.01","0.01","1.01","0.01","0.175","0.13774193548387098","0.7847826086956522","0.0771186440677966","0.01","0.505"
"4","0.4914117647058823","0.6156470588235294","0.2351764705882353","0.6350588235294118","0.01","0.01","0.01","0.01","0.01","1.01","0.01","0.175","0.13774193548387098","0.7847826086956522","0.0771186440677966","0.01","0.505"
"7","0.7010588235294117","0.20023529411764707","0.6001176470588235","0.5496470588235294","0.01","0.01","0.01","0.01","0.01","1.01","0.01","0.175","0.13774193548387098","0.7847826086956522","0.0771186440677966","0.01","0.505"
"1","0.5690588235294117","0.14976470588235294","0.934","0.662235294117647","0.01","0.01","1.01","0.01","0.01","0.01","0.01","0.175","0.13774193548387098","0.7847826086956522","0.0771186440677966","0.01","0.505"
"5","0.36717647058823527","0.5690588235294117","0.041058823529411766","0.9223529411764705","0.01","0.01","0.01","1.01","0.01","0.01","0.01","0.175","0.13774193548387098","0.7847826086956522","0.0771186440677966","0.01","0.505"
"9","0.802","0.01","0.7864705882352941","0.24294117647058824","0.01","0.01","1.01","0.01","0.01","0.01","0.01","0.175","0.13774193548387098","0.7847826086956522","0.0771186440677966","0.026779661016949154","0.505"
"2","0.5612941176470588","0.076","0.6467058823529412","0.3438823529411765","0.01","1.01","0.01","0.01","0.01","0.01","0.01","0.175","0.13774193548387098","0.7847826086956522","0.0771186440677966","0.026779661016949154","0.505"
"1","0.3244705882352941","0.2856470588235294","0.6001176470588235","0.060470588235294116","0.01","0.01","0.01","1.01","0.01","0.01","0.01","0.175","0.13774193548387098","0.7847826086956522","0.0771186440677966","0.026779661016949154","0.505"
"3","0.4370588235294118","0.6583529411764706","0.8641176470588235","0.4370588235294118","0.01","1.01","0.01","0.01","0.01","0.01","0.01","0.175","0.13774193548387098","0.7847826086956522","0.0771186440677966","0.026779661016949154","0.505"
"2","0.35552941176470587","0.4603529411764706","0.3361176470588235","0.8447058823529412","0.01","0.01","0.01","0.01","0.01","0.01","1.01","0.175","0.13774193548387098","0.7847826086956522","0.0771186440677966","0.026779661016949154","0.505"
"4","0.9650588235294117","0.1264705882352941","0.7748235294117647","0.4254117647058824","1.01","0.01","0.01","0.01","0.01","0.01","0.01","0.175","0.13774193548387098","0.7847826086956522","0.0771186440677966","0.043559322033898305","0.505"
"2","0.8796470588235294","0.02164705882352941","0.7631764705882352","0.1847058823529412","0.01","0.01","0.01","0.01","0.01","1.01","0.01","0.175","0.13774193548387098","0.7847826086956522","0.0771186440677966","0.043559322033898305","0.505"
"0","0.6117647058823529","0.9767058823529412","0.7981176470588235","0.7748235294117647","0.01","0.01","0.01","0.01","1.01","0.01","0.01","0.175","0.13774193548387098","0.7847826086956522","0.0771186440677966","0.043559322033898305","0.505"
"3","0.23129411764705884","0.5341176470588236","0.08764705882352941","0.868","0.01","1.01","0.01","0.01","0.01","0.01","0.01","0.175","0.13774193548387098","0.7847826086956522","0.0771186440677966","0.043559322033898305","0.505"
"7","0.10317647058823529","0.041058823529411766","0.794235294117647","0.7282352941176471","0.01","0.01","0.01","0.01","1.01","0.01","0.01","0.175","0.13774193548387098","0.7847826086956522","0.0771186440677966","0.043559322033898305","0.505"
"4","0.42152941176470593","0.3089411764705882","0.7127058823529412","0.8408235294117647","0.01","0.01","0.01","1.01","0.01","0.01","0.01","0.175","0.13774193548387098","0.7847826086956522","0.0771186440677966","0.060338983050847464","0.505"
"8","0.6350588235294118","0.20023529411764707","0.5535294117647059","1.0","0.01","1.01","0.01","0.01","0.01","0.01","0.01","0.175","0.13774193548387098","0.7847826086956522","0.0771186440677966","0.060338983050847464","0.505"
"8","0.3089411764705882","0.8058823529411765","0.19247058823529414","0.49917647058823533","0.01","0.01","1.01","0.01","0.01","0.01","0.01","0.175","0.13774193548387098","0.7847826086956522","0.0771186440677966","0.060338983050847464","0.505"
"0","0.8369411764705883","0.19247058823529414","0.26623529411764707","0.18082352941176472","0.01","0.01","1.01","0.01","0.01","0.01","0.01","0.175","0.13774193548387098","0.7847826086956522","0.0771186440677966","0.060338983050847464","0.505"
"7","0.274","0.8097647058823529","0.23129411764705884","0.5263529411764706","0.01","0.01","0.01","1.01","0.01","0.01","0.01","0.175","0.13774193548387098","0.7847826086956522","0.0771186440677966","0.060338983050847464","0.505"
"4","0.9145882352941176","0.6156470588235294","0.1264705882352941","0.3438823529411765","1.01","0.01","0.01","0.01","0.01","0.01","0.01","0.175","0.13774193548387098","0.7847826086956522","0.0771186440677966","0.0771186440677966","0.505"
"6","0.6932941176470588","0.7631764705882352","0.23129411764705884","0.18082352941176472","0.01","0.01","0.01","0.01","0.01","0.01","1.01","0.175","0.13774193548387098","0.7847826086956522","0.0771186440677966","0.0771186440677966","0.505"
"4","0.8757647058823529","0.281764705882353","0.47200000000000003","0.10317647058823529","0.01","0.01","0.01","0.01","0.01","0.01","1.01","0.175","0.13774193548387098","0.7847826086956522","0.0771186440677966","0.0771186440677966","0.505"
"4","0.3982352941176471","0.23129411764705884","0.7631764705882352","0.7321176470588235","0.01","0.01","0.01","0.01","0.01","0.01","1.01","0.175","0.13774193548387098","0.7847826086956522","0.0771186440677966","0.0771186440677966","0.505"
"8","0.25458823529411767","0.5651764705882353","0.860235294117647","0.3594117647058824","0.01","0.01","0.01","0.01","0.01","1.01","0.01","0.175","0.13774193548387098","0.7847826086956522","0.0771186440677966","0.0771186440677966","0.505"
"6","0.6894117647058824","0.24294117647058824","0.5535294117647059","0.1575294117647059","0.01","1.01","0.01","0.01","0.01","0.01","0.01","0.175","0.13774193548387098","0.7847826086956522","0.0771186440677966","0.09389830508474575","0.505"
"3","0.21188235294117647","0.6272941176470588","0.9145882352941176","0.8408235294117647","0.01","0.01","1.01","0.01","0.01","0.01","0.01","0.175","0.13774193548387098","0.7847826086956522","0.0771186440677966","0.09389830508474575","0.505"
"8","0.406","0.7282352941176471","0.7127058823529412","0.41764705882352937","1.01","0.01","0.01","0.01","0.01","0.01","0.01","0.175","0.13774193548387098","0.7847826086956522","0.0771186440677966","0.09389830508474575","0.505"
"9","0.03329411764705882","0.45647058823529413","0.7010588235294117","0.9805882352941176","0.01","0.01","0.01","0.01","0.01","1.01","0.01","0.175","0.13774193548387098","0.7847826086956522","0.0771186440677966","0.09389830508474575","0.505"
"6","0.3594117647058824","0.3283529411764706","0.09152941176470587","0.45647058823529413","0.01","1.01","0.01","0.01","0.01","0.01","0.01","0.175","0.13774193548387098","0.7847826086956522","0.0771186440677966","0.09389830508474575","0.505"
"7","0.5923529411764706","0.05270588235294118","0.8252941176470587","0.8874117647058823","0.01","0.01","0.01","0.01","1.01","0.01","0.01","0.175","0.13774193548387098","0.7847826086956522","0.0771186440677966","0.11067796610169492","0.505"
"1","0.17694117647058824","0.9728235294117646","0.8796470588235294","0.3710588235294118","0.01","1.01","0.01","0.01","0.01","0.01","0.01","0.175","0.13774193548387098","0.7847826086956522","0.0771186440677966","0.11067796610169492","0.505"
"3","0.08764705882352941","0.3904705882352941","0.794235294117647","0.5069411764705882","0.01","0.01","0.01","0.01","0.01","1.01","0.01","0.175","0.13774193548387098","0.7847826086956522","0.0771186440677966","0.11067796610169492","0.505"
"1","0.23129411764705884","0.6544705882352941","0.42152941176470593","0.7670588235294117","0.01","0.01","0.01","0.01","0.01","0.01","1.01","0.175","0.13774193548387098","0.7847826086956522","0.0771186440677966","0.11067796610169492","0.505"
"5","0.08764705882352941","0.662235294117647","0.5418823529411765","0.3710588235294118","1.01","0.01","0.01","0.01","0.01","0.01","0.01","0.175","0.13774193548387098","0.7847826086956522","0.0771186440677966","0.11067796610169492","0.505"
"8","1.0","0.274","0.281764705882353","0.23129411764705884","0.01","0.01","0.01","0.01","1.01","0.01","0.01","0.175","0.13774193548387098","0.7847826086956522","0.0771186440677966","0.11067796610169492","0.505"
"1","0.27788235294117647","0.5884705882352942","0.7282352941176471","0.11870588235294117","0.01","0.01","0.01","0.01","1.01","0.01","0.01","0.175","0.13774193548387098","0.7847826086956522","0.0771186440677966","0.12745762711864408","0.505"
"8","0.8136470588235294","0.6428235294117647","0.7864705882352941","0.5496470588235294","0.01","0.01","0.01","0.01","0.01","1.01","0.01","0.175","0.13774193548387098","0.7847826086956522","0.0771186440677966","0.12745762711864408","0.505"
"2","0.3011764705882353","0.6583529411764706","0.4370588235294118","0.25458823529411767","0.01","0.01","0.01","1.01","0.01","0.01","0.01","0.175","0.13774193548387098","0.7847826086956522","0.0771186440677966","0.12745762711864408","0.505"
"5","0.8214117647058823","0.20411764705882354","0.8796470588235294","0.1847058823529412","0.01","1.01","0.01","0.01","0.01","0.01","0.01","0.175","0.13774193548387098","0.7847826086956522","0.0771186440677966","0.12745762711864408","0.505"
"9","0.918470588235294","0.8796470588235294","0.9262352941176472","0.0371764705882353","0.01","0.01","0.01","0.01","1.01","0.01","0.01","0.175","0.13774193548387098","0.7847826086956522","0.0771186440677966","0.12745762711864408","0.505"
"2","0.5807058823529412","0.2934117647058823","0.9223529411764705","0.9029411764705882","0.01","0.01","0.01","0.01","1.01","0.01","0.01","0.175","0.13774193548387098","0.7847826086956522","0.0771186440677966","0.14423728813559322","0.505"
"8","0.9767058823529412","0.05270588235294118","0.281764705882353","0.2701176470588236","0.01","0.01","0.01","1.01","0.01","0.01","0.01","0.175","0.13774193548387098","0.7847826086956522","0.0771186440677966","0.14423728813559322","0.505"
"3","0.35552941176470587","0.09541176470588235","0.1963529411764706","0.33999999999999997","0.01","0.01","0.01","1.01","0.01","0.01","0.01","0.175","0.13774193548387098","0.7847826086956522","0.0771186440677966","0.14423728813559322","0.505"
"5","0.7476470588235294","0.5690588235294117","0.6583529411764706","0.28952941176470587","1.01","0.01","0.01","0.01","0.01","0.01","0.01","0.175","0.13774193548387098","0.7847826086956522","0.0771186440677966","0.14423728813559322","0.505"
"7","0.7127058823529412","0.4875294117647059","0.35552941176470587","0.9767058823529412","1.01","0.01","0.01","0.01","0.01","0.01","0.01","0.175","0.13774193548387098","0.7847826086956522","0.0771186440677966","0.1610169491525424","0.505"
"2","0.16917647058823532","0.01","0.743764705882353","0.802","0.01","0.01","0.01","0.01","0.01","0.01","1.01","0.175","0.13774193548387098","0.7847826086956522","0.0771186440677966","0.1610169491525424","0.505"
"3","0.9068235294117647","0.7864705882352941","0.25070588235294117","0.11094117647058822","1.01","0.01","0.01","0.01","0.01","0.01","0.01","0.175","0.13774193548387098","0.7847826086956522","0.0771186440677966","0.1610169491525424","0.505"
"4","0.6428235294117647","0.6699999999999999","0.5030588235294118","0.7204705882352941","0.01","0.01","1.01","0.01","0.01","0.01","0.01","0.175","0.13774193548387098","0.7847826086956522","0.0771186440677966","0.1610169491525424","0.505"
"2","0.2235294117647059","0.7165882352941176","0.49529411764705883","0.5884705882352942","0.01","0.01","0.01","1.01","0.01","0.01","0.01","0.175","0.13774193548387098","0.7847826086956522","0.0771186440677966","0.1610169491525424","0.505"
"0","0.21576470588235297","0.7631764705882352","0.01776470588235294","0.5807058823529412","0.01","0.01","0.01","1.01","0.01","0.01","0.01","0.175","0.13774193548387098","0.7847826086956522","0.0771186440677966","0.17779661016949153","0.505"
"6","0.9767058823529412","0.5884705882352942","0.41764705882352937","0.5845882352941177","0.01","0.01","0.01","1.01","0.01","0.01","0.01","0.175","0.13774193548387098","0.7847826086956522","0.0771186440677966","0.17779661016949153","0.505"
"3","0.868","0.4254117647058824","0.07211764705882352","0.5768235294117646","0.01","0.01","0.01","0.01","1.01","0.01","0.01","0.175","0.13774193548387098","0.7847826086956522","0.0771186440677966","0.17779661016949153","0.505"
"8","0.6001176470588235","0.3128235294117647","0.5884705882352942","0.7165882352941176","0.01","0.01","0.01","0.01","0.01","0.01","1.01","0.175","0.13774193548387098","0.7847826086956522","0.0771186440677966","0.17779661016949153","0.505"
"9","0.7049411764705882","0.9689411764705882","0.5612941176470588","0.6661176470588235","0.01","0.01","0.01","0.01","1.01","0.01","0.01","0.175","0.13774193548387098","0.7847826086956522","0.0771186440677966","0.17779661016949153","0.505"
"6","0.2235294117647059","0.5768235294117646","0.8214117647058823","0.8563529411764705","0.01","1.01","0.01","0.01","0.01","0.01","0.01","0.175","0.13774193548387098","0.7847826086956522","0.0771186440677966","0.17779661016949153","0.505"
"3","0.09541176470588235","0.8718823529411764","0.9572941176470589","0.2934117647058823","0.01","1.01","0.01","0.01","0.01","0.01","0.01","0.175","0.13774193548387098","0.7847826086956522","0.0771186440677966","0.1945762711864407","0.505"
"3","0.7554117647058823","0.5302352941176471","0.7554117647058823","0.4254117647058824","0.01","1.01","0.01","0.01","0.01","0.01","0.01","0.175","0.13774193548387098","0.7847826086956522","0.0771186440677966","0.1945762711864407","0.505"
"0","0.06435294117647058","0.39435294117647063","0.076","0.6544705882352941","0.01","0.01","0.01","0.01","1.01","0.01","0.01","0.175","0.13774193548387098","0.7847826086956522","0.0771186440677966","0.1945762711864407","0.505"
"1","0.9922352941176471","0.9650588235294117","0.6661176470588235","0.8990588235294118","0.01","0.01","0.01","0.01","0.01","1.01","0.01","0.175","0.13774193548387098","0.7847826086956522","0.0771186440677966","0.1945762711864407","0.505"
"9","0.1458823529411765","0.28952941176470587","0.8912941176470588","0.5224705882352941","0.01","0.01","0.01","0.01","0.01","1.01","0.01","0.175","0.13774193548387098","0.7847826086956522","0.0771186440677966","0.1945762711864407","0.505"
"0","0.12258823529411764","0.6467058823529412","0.5729411764705882","0.941764705882353","0.01","0.01","0.01","0.01","1.01","0.01","0.01","0.175","0.13774193548387098","0.7847826086956522","0.0771186440677966","0.21135593220338986","0.505"
"9","0.0371764705882353","0.6195294117647059","0.26235294117647057","0.6001176470588235","0.01","0.01","0.01","0.01","0.01","0.01","1.01","0.175","0.13774193548387098","0.7847826086956522","0.0771186440677966","0.21135593220338986","0.505"
"0","0.16141176470588237","0.8058823529411765","0.9805882352941176","0.5069411764705882","0.01","0.01","0.01","0.01","0.01","0.01","1.01","0.175","0.13774193548387098","0.7847826086956522","0.0771186440677966","0.21135593220338986","0.505"
"4","0.347764705882353","0.27788235294117647","0.09152941176470587","0.7204705882352941","0.01","0.01","0.01","0.01","0.01","1.01","0.01","0.175","0.13774193548387098","0.7847826086956522","0.0771186440677966","0.21135593220338986","0.505"
"9","0.076","0.662235294117647","0.3594117647058824","0.0371764705882353","0.01","0.01","1.01","0.01","0.01","0.01","0.01","0.175","0.13774193548387098","0.7847826086956522","0.0771186440677966","0.21135593220338986","0.505"
"4","0.5612941176470588","0.7903529411764706","0.21576470588235297","0.9805882352941176","0.01","0.01","0.01","0.01","0.01","0.01","1.01","0.175","0.13774193548387098","0.7847826086956522","0.0771186440677966","0.228135593220339","0.505"
"1","0.06435294117647058","0.48364705882352943","0.03329411764705882","0.20411764705882354","0.01","0.01","0.01","0.01","0.01","1.01","0.01","0.175","0.13774193548387098","0.7847826086956522","0.0771186440677966","0.228135593220339","0.505"
"0","0.39435294117647063","0.9029411764705882","0.6699999999999999","0.18082352941176472","0.01","0.01","0.01","0.01","0.01","0.01","1.01","0.175","0.13774193548387098","0.7847826086956522","0.0771186440677966","0.228135593220339","0.505"
"6","0.6661176470588235","0.7864705882352941","0.9883529411764707","0.7864705882352941","0.01","1.01","0.01","0.01","0.01","0.01","0.01","0.175","0.13774193548387098","0.7847826086956522","0.0771186440677966","0.228135593220339","0.505"
"2","0.10705882352941176","0.7321176470588235","0.538","0.604","0.01","1.01","0.01","0.01","0.01","0.01","0.01","0.175","0.13774193548387098","0.7847826086956522","0.0771186440677966","0.228135593220339","0.505"
"5","0.06823529411764706","0.6894117647058824","0.45647058823529413","0.2390588235294118","0.01","0.01","0.01","0.01","0.01","1.01","0.01","0.175","0.13774193548387098","0.7847826086956522","0.0771186440677966","0.228135593220339","0.505"
"3","0.4021176470588235","1.0","0.6195294117647059","0.4021176470588235","0.01","0.01","0.01","0.01","1.01","0.01","0.01","0.175","0.13774193548387098","0.7847826086956522","0.0771186440677966","0.24491525423728816","0.505"
"5","0.9689411764705882","0.8563529411764705","0.14976470588235294","0.538","0.01","1.01","0.01","0.01","0.01","0.01","0.01","0.175","0.13774193548387098","0.7847826086956522","0.0771186440677966","0.24491525423728816","0.505"
"5","0.6272941176470588","0.662235294117647","0.5845882352941177","0.4603529411764706","1.01","0.01","0.01","0.01","0.01","0.01","0.01","0.175","0.13774193548387098","0.7847826086956522","0.0771186440677966","0.24491525423728816","0.505"
"5","0.7631764705882352","0.347764705882353","0.04882352941176471","0.41764705882352937","0.01","0.01","1.01","0.01","0.01","0.01","0.01","0.175","0.13774193548387098","0.7847826086956522","0.0771186440677966","0.24491525423728816","0.505"
"4","0.3205882352941177","0.8330588235294119","0.3089411764705882","0.24682352941176472","1.01","0.01","0.01","0.01","0.01","0.01","0.01","0.175","0.13774193548387098","0.7847826086956522","0.0771186440677966","0.24491525423728816","0.505"
"4","0.31670588235294117","0.08376470588235294","0.1963529411764706","0.45647058823529413","0.01","0.01","0.01","1.01","0.01","0.01","0.01","0.175","0.13774193548387098","0.7847826086956522","0.0771186440677966","0.26169491525423727","0.505"
"3","0.47200000000000003","0.9068235294117647","0.3865882352941176","0.36717647058823527","1.01","0.01","0.01","0.01","0.01","0.01","0.01","0.175","0.13774193548387098","0.7847826086956522","0.0771186440677966","0.26169491525423727","0.505"
"9","0.31670588235294117","0.5147058823529411","0.2390588235294118","0.7515294117647059","0.01","1.01","0.01","0.01","0.01","0.01","0.01","0.175","0.13774193548387098","0.7847826086956522","0.0771186440677966","0.26169491525423727","0.505"
"5","0.5845882352941177","0.7476470588235294","0.941764705882353","0.3865882352941176","1.01","0.01","0.01","0.01","0.01","0.01","0.01","0.175","0.13774193548387098","0.7847826086956522","0.0771186440677966","0.26169491525423727","0.505"
"5","0.5574117647058824","0.2934117647058823","0.9961176470588236","0.11870588235294117","0.01","0.01","1.01","0.01","0.01","0.01","0.01","0.175","0.13774193548387098","0.7847826086956522","0.0771186440677966","0.26169491525423727","0.505"
"6","1.0","0.19247058823529414","0.4875294117647059","0.3982352941176471","0.01","0.01","1.01","0.01","0.01","0.01","0.01","0.175","0.13774193548387098","0.7847826086956522","0.0771186440677966","0.26169491525423727","0.505"
"5","0.21964705882352942","0.22741176470588237","0.49529411764705883","0.05658823529411765","0.01","0.01","0.01","0.01","0.01","1.01","0.01","0.175","0.13774193548387098","0.7847826086956522","0.0771186440677966","0.27847457627118644","0.505"
"8","0.8330588235294119","0.8563529411764705","0.47200000000000003","0.5069411764705882","0.01","0.01","0.01","0.01","1.01","0.01","0.01","0.175","0.13774193548387098","0.7847826086956522","0.0771186440677966","0.27847457627118644","0.505"
"6","0.8757647058823529","0.8718823529411764","0.5069411764705882","0.1458823529411765","0.01","0.01","0.01","1.01","0.01","0.01","0.01","0.175","0.13774193548387098","0.7847826086956522","0.0771186440677966","0.27847457627118644","0.505"
"0","0.9145882352941176","0.10705882352941176","0.7282352941176471","0.20411764705882354","1.01","0.01","0.01","0.01","0.01","0.01","0.01","0.175","0.13774193548387098","0.7847826086956522","0.0771186440677966","0.27847457627118644","0.505"
"9","0.6428235294117647","0.6894117647058824","0.2972941176470589","0.941764705882353","0.01","0.01","0.01","1.01","0.01","0.01","0.01","0.175","0.13774193548387098","0.7847826086956522","0.0771186440677966","0.27847457627118644","0.505"
"0","0.26235294117647057","0.9378823529411765","0.49917647058823533","0.9611764705882353","0.01","1.01","0.01","0.01","0.01","0.01","0.01","0.175","0.13774193548387098","0.7847826086956522","0.0771186440677966","0.2952542372881356","0.505"
"6","0.06823529411764706","0.9301176470588236","0.20411764705882354","0.6699999999999999","0.01","0.01","0.01","0.01","0.01","1.01","0.01","0.175","0.13774193548387098","0.7847826086956522","0.0771186440677966","0.2952542372881356","0.505"
"2","0.8058823529411765","0.6738823529411764","0.9145882352941176","0.20023529411764707","0.01","1.01","0.01","0.01","0.01","0.01","0.01","0.175","0.13774193548387098","0.7847826086956522","0.0771186440677966","0.2952542372881356","0.505"
"0","0.5845882352941177","0.8641176470588235","0.2351764705882353","0.4758823529411765","0.01","0.01","0.01","0.01","1.01","0.01","0.01","0.175","0.13774193548387098","0.7847826086956522","0.0771186440677966","0.2952542372881356","0.505"
"4","0.4797647058823529","0.7204705882352941","0.4875294117647059","0.060470588235294116","0.01","0.01","0.01","0.01","0.01","1.01","0.01","0.175","0.13774193548387098","0.7847826086956522","0.0771186440677966","0.2952542372881356","0.505"
"5","0.10317647058823529","0.9456470588235294","0.060470588235294116","0.12258823529411764","0.01","0.01","0.01","0.01","0.01","1.01","0.01","0.175","0.13774193548387098","0.7847826086956522","0.0771186440677966","0.31203389830508477","0.505"
"2","0.22741176470588237","0.347764705882353","0.28952941176470587","0.18082352941176472","0.01","1.01","0.01","0.01","0.01","0.01","0.01","0.175","0.13774193548387098","0.7847826086956522","0.0771186440677966","0.31203389830508477","0.505"
"2","0.9107058823529411","0.3011764705882353","0.5845882352941177","0.4525882352941177","0.01","0.01","1.01","0.01","0.01","0.01","0.01","0.175","0.13774193548387098","0.7847826086956522","0.0771186440677966","0.31203389830508477","0.505"
"0","0.23129411764705884","0.9961176470588236","0.7631764705882352","0.9378823529411765","0.01","0.01","0.01","1.01","0.01","0.01","0.01","0.175","0.13774193548387098","0.7847826086956522","0.0771186440677966","0.31203389830508477","0.505"
"2","0.9572941176470589","0.4603529411764706","0.7476470588235294","0.5612941176470588","0.01","0.01","0.01","0.01","1.01","0.01","0.01","0.175","0.13774193548387098","0.7847826086956522","0.0771186440677966","0.31203389830508477","0.505"
"4","0.736","0.4098823529411765","0.538","0.18858823529411764","0.01","0.01","1.01","0.01","0.01","0.01","0.01","0.175","0.13774193548387098","0.7847826086956522","0.0771186440677966","0.3288135593220339","0.505"
"6","0.02164705882352941","0.060470588235294116","0.9767058823529412","0.18858823529411764","0.01","0.01","0.01","1.01","0.01","0.01","0.01","0.175","0.13774193548387098","0.7847826086956522","0.0771186440677966","0.3288135593220339","0.505"
"3","0.8097647058823529","0.8369411764705883","0.274","0.7476470588235294","0.01","0.01","0.01","0.01","0.01","0.01","1.01","0.175","0.13774193548387098","0.7847826086956522","0.0771186440677966","0.3288135593220339","0.505"
"5","0.5729411764705882","0.25070588235294117","0.076","0.39435294117647063","0.01","0.01","0.01","1.01","0.01","0.01","0.01","0.175","0.13774193548387098","0.7847826086956522","0.0771186440677966","0.3288135593220339","0.505"
"1","0.01388235294117647","0.662235294117647","0.6816470588235295","0.3438823529411765","0.01","0.01","0.01","0.01","0.01","1.01","0.01","0.175","0.13774193548387098","0.7847826086956522","0.0771186440677966","0.3288135593220339","0.505"
"2","0.3827058823529412","0.4875294117647059","0.6816470588235295","0.4331764705882353","0.01","0.01","0.01","0.01","0.01","0.01","1.01","0.175","0.13774193548387098","0.7847826086956522","0.0771186440677966","0.3288135593220339","0.505"
"3","0.18082352941176472","0.05270588235294118","0.11870588235294117","0.6738823529411764","0.01","0.01","0.01","0.01","1.01","0.01","0.01","0.175","0.13774193548387098","0.7847826086956522","0.0771186440677966","0.34559322033898304","0.505"
"4","0.8369411764705883","0.3011764705882353","0.18858823529411764","0.941764705882353","0.01","0.01","0.01","0.01","0.01","0.01","1.01","0.175","0.13774193548387098","0.7847826086956522","0.0771186440677966","0.34559322033898304","0.505"
"7","0.21576470588235297","0.41764705882352937","0.6699999999999999","0.7165882352941176","0.01","0.01","0.01","0.01","1.01","0.01","0.01","0.175","0.13774193548387098","0.7847826086956522","0.0771186440677966","0.34559322033898304","0.505"
"8","0.9883529411764707","0.4758823529411765","0.1148235294117647","0.464235294117647","0.01","0.01","0.01","0.01","0.01","0.01","1.01","0.175","0.13774193548387098","0.7847826086956522","0.0771186440677966","0.34559322033898304","0.505"
"0","0.16141176470588237","0.1575294117647059","0.4758823529411765","0.19247058823529414","1.01","0.01","0.01","0.01","0.01","0.01","0.01","0.175","0.13774193548387098","0.7847826086956522","0.0771186440677966","0.34559322033898304","0.505"
"7","0.39435294117647063","0.20411764705882354","0.9767058823529412","0.2584705882352941","0.01","1.01","0.01","0.01","0.01","0.01","0.01","0.175","0.13774193548387098","0.7847826086956522","0.0771186440677966","0.3623728813559322","0.505"
"6","0.538","0.3128235294117647","0.16917647058823532","0.31670588235294117","0.01","0.01","0.01","0.01","1.01","0.01","0.01","0.175","0.13774193548387098","0.7847826086956522","0.0771186440677966","0.3623728813559322","0.505"
"8","0.8369411764705883","0.7321176470588235","0.7049411764705882","0.9301176470588236","0.01","0.01","0.01","0.01","0.01","0.01","1.01","0.175","0.13774193548387098","0.7847826086956522","0.0771186440677966","0.3623728813559322","0.505"
"7","0.044941176470588234","0.3438823529411765","0.49917647058823533","0.4137647058823529","1.01","0.01","0.01","0.01","0.01","0.01","0.01","0.175","0.13774193548387098","0.7847826086956522","0.0771186440677966","0.3623728813559322","0.505"
"7","0.10705882352941176","0.21964705882352942","0.5574117647058824","0.662235294117647","0.01","0.01","0.01","0.01","0.01","0.01","1.01","0.175","0.13774193548387098","0.7847826086956522","0.0771186440677966","0.3623728813559322","0.505"
"0","0.9805882352941176","0.2584705882352941","0.8835294117647059","0.18082352941176472","0.01","0.01","0.01","0.01","0.01","1.01","0.01","0.175","0.13774193548387098","0.7847826086956522","0.0771186440677966","0.3791525423728814","0.505"
"1","0.9883529411764707","0.8718823529411764","0.1575294117647059","0.5651764705882353","0.01","0.01","0.01","0.01","0.01","1.01","0.01","0.175","0.13774193548387098","0.7847826086956522","0.0771186440677966","0.3791525423728814","0.505"
"2","0.9107058823529411","0.7165882352941176","0.02164705882352941","0.31670588235294117","1.01","0.01","0.01","0.01","0.01","0.01","0.01","0.175","0.13774193548387098","0.7847826086956522","0.0771186440677966","0.3791525423728814","0.505"
"3","0.12258823529411764","0.03329411764705882","0.6855294117647059","0.21188235294117647","0.01","0.01","0.01","0.01","0.01","1.01","0.01","0.175","0.13774193548387098","0.7847826086956522","0.0771186440677966","0.3791525423728814","0.505"
"6","0.15364705882352944","0.7903529411764706","0.27788235294117647","0.6544705882352941","0.01","0.01","0.01","1.01","0.01","0.01","0.01","0.175","0.13774193548387098","0.7847826086956522","0.0771186440677966","0.3791525423728814","0.505"
"8","0.5108235294117647","0.6311764705882353","0.5612941176470588","0.4331764705882353","0.01","0.01","0.01","1.01","0.01","0.01","0.01","0.175","0.13774193548387098","0.7847826086956522","0.0771186440677966","0.39593220338983054","0.505"
"4","0.7476470588235294","0.860235294117647","0.7631764705882352","0.4021176470588235","1.01","0.01","0.01","0.01","0.01","0.01","0.01","0.175","0.13774193548387098","0.7847826086956522","0.0771186440677966","0.39593220338983054","0.505"
"6","0.2972941176470589","0.6311764705882353","0.13811764705882354","0.7243529411764705","0.01","0.01","0.01","1.01","0.01","0.01","0.01","0.175","0.13774193548387098","0.7847826086956522","0.0771186440677966","0.39593220338983054","0.505"
"3","0.8175294117647058","0.0371764705882353","0.6272941176470588","0.9844705882352941","0.01","0.01","0.01","0.01","1.01","0.01","0.01","0.175","0.13774193548387098","0.7847826086956522","0.0771186440677966","0.39593220338983054","0.505"
"9","0.6428235294117647","0.8408235294117647","0.934","0.6428235294117647","0.01","0.01","0.01","0.01","0.01","1.01","0.01","0.175","0.13774193548387098","0.7847826086956522","0.0771186440677966","0.39593220338983054","0.505"
"8","0.1264705882352941","0.09152941176470587","0.05658823529411765","0.13423529411764706","0.01","1.01","0.01","0.01","0.01","0.01","0.01","0.175","0.13774193548387098","0.7847826086956522","0.0771186440677966","0.4127118644067797","0.505"
"4","0.8369411764705883","0.3438823529411765","0.05270588235294118","0.6777647058823529","0.01","0.01","1.01","0.01","0.01","0.01","0.01","0.175","0.13774193548387098","0.7847826086956522","0.0771186440677966","0.4127118644067797","0.505"
"2","0.45647058823529413","0.736","0.7049411764705882","0.8214117647058823","0.01","1.01","0.01","0.01","0.01","0.01","0.01","0.175","0.13774193548387098","0.7847826086956522","0.0771186440677966","0.4127118644067797","0.505"
"8","0.8369411764705883","0.6932941176470588","0.05658823529411765","0.860235294117647","0.01","0.01","1.01","0.01","0.01","0.01","0.01","0.175","0.13774193548387098","0.7847826086956522","0.0771186440677966","0.4127118644067797","0.505"
"2","0.9068235294117647","0.6583529411764706","0.8835294117647059","0.5030588235294118","0.01","0.01","0.01","0.01","0.01","1.01","0.01","0.175","0.13774193548387098","0.7847826086956522","0.0771186440677966","0.4127118644067797","0.505"
"2","0.8214117647058823","0.2934117647058823","0.5224705882352941","0.3827058823529412","1.01","0.01","0.01","0.01","0.01","0.01","0.01","0.175","0.13774193548387098","0.7847826086956522","0.0771186440677966","0.4294915254237288","0.505"
"1","0.41764705882352937","0.11870588235294117","0.45647058823529413","0.3128235294117647","0.01","1.01","0.01","0.01","0.01","0.01","0.01","0.175","0.13774193548387098","0.7847826086956522","0.0771186440677966","0.7483050847457627","0.505"
"6","0.9728235294117646","0.6894117647058824","0.8447058823529412","0.1458823529411765","0.01","0.01","0.01","0.01","0.01","0.01","1.01","0.175","0.13774193548387098","0.7847826086956522","0.0771186440677966","0.7483050847457627","0.505"
"1","0.1847058823529412","0.9922352941176471","0.41764705882352937","0.4137647058823529","0.01","0.01","0.01","1.01","0.01","0.01","0.01","0.175","0.13774193548387098","0.7847826086956522","0.0771186440677966","0.7483050847457627","0.505"
"6","0.6932941176470588","0.21188235294117647","0.7476470588235294","0.5147058823529411","0.01","0.01","0.01","0.01","0.01","0.01","1.01","0.175","0.13774193548387098","0.7847826086956522","0.0771186440677966","0.7483050847457627","0.505"
"5","0.6738823529411764","0.5030588235294118","0.7592941176470588","0.8641176470588235","1.01","0.01","0.01","0.01","0.01","0.01","0.01","0.175","0.13774193548387098","0.7847826086956522","0.0771186440677966","0.7650847457627118","0.505"
"4","0.1264705882352941","0.22741176470588237","0.060470588235294116","0.5302352941176471","1.01","0.01","0.01","0.01","0.01","0.01","0.01","0.175","0.13774193548387098","0.7847826086956522","0.0771186440677966","0.7650847457627118","0.505"
"0","0.7476470588235294","0.1963529411764706","0.21188235294117647","0.2934117647058823","0.01","0.01","0.01","0.01","1.01","0.01","0.01","0.175","0.13774193548387098","0.7847826086956522","0.0771186440677966","0.7650847457627118","0.505"
"4","0.6234117647058823","0.802","0.23129411764705884","0.7088235294117647","0.01","0.01","0.01","1.01","0.01","0.01","0.01","0.175","0.13774193548387098","0.7847826086956522","0.0771186440677966","0.7650847457627118","0.505"
"5","0.7204705882352941","0.9495294117647058","0.5612941176470588","0.6350588235294118","0.01","0.01","0.01","0.01","0.01","0.01","1.01","0.175","0.13774193548387098","0.7847826086956522","0.0771186440677966","0.7650847457627118","0.505"
"6","0.604","0.464235294117647","0.6738823529411764","0.28952941176470587","0.01","1.01","0.01","0.01","0.01","0.01","0.01","0.175","0.13774193548387098","0.7847826086956522","0.0771186440677966","0.7818644067796611","0.505"
"0","0.9883529411764707","0.3788235294117647","0.25070588235294117","0.16141176470588237","0.01","1.01","0.01","0.01","0.01","0.01","0.01","0.175","0.13774193548387098","0.7847826086956522","0.0771186440677966","0.7818644067796611","0.505"
"2","0.8291764705882353","0.21188235294117647","0.2351764705882353","0.794235294117647","0.01","1.01","0.01","0.01","0.01","0.01","0.01","0.175","0.13774193548387098","0.7847826086956522","0.09389830508474575","0.5469491525423729","0.505"
"4","0.21188235294117647","0.42152941176470593","0.4758823529411765","0.05658823529411765","0.01","0.01","1.01","0.01","0.01","0.01","0.01","0.175","0.13774193548387098","0.7847826086956522","0.09389830508474575","0.5972881355932204","0.505"
"6","0.26623529411764707","0.5651764705882353","0.743764705882353","0.5884705882352942","0.01","0.01","0.01","1.01","0.01","0.01","0.01","0.175","0.13774193548387098","0.7847826086956522","0.09389830508474575","0.6476271186440677","0.505"
"0","0.4292941176470588","0.18858823529411764","0.4875294117647059","0.7515294117647059","0.01","0.01","0.01","1.01","0.01","0.01","0.01","0.175","0.13774193548387098","0.7847826086956522","0.09389830508474575","0.6979661016949152","0.505"
"0","0.3011764705882353","0.060470588235294116","0.3710588235294118","0.029411764705882353","1.01","0.01","0.01","0.01","0.01","0.01","0.01","0.175","0.13774193548387098","0.7847826086956522","0.09389830508474575","0.7483050847457627","0.505"
"0","0.6001176470588235","0.44482352941176473","0.8447058823529412","0.1847058823529412","0.01","0.01","0.01","1.01","0.01","0.01","0.01","0.175","0.13774193548387098","0.7847826086956522","0.09389830508474575","0.7986440677966101","0.505"
"5","0.21188235294117647","0.9029411764705882","0.1303529411764706","0.36717647058823527","0.01","1.01","0.01","0.01","0.01","0.01","0.01","0.175","0.13774193548387098","0.7847826086956522","0.09389830508474575","0.8489830508474576","0.505"
"6","0.16141176470588237","0.6117647058823529","0.47200000000000003","0.5185882352941176","0.01","1.01","0.01","0.01","0.01","0.01","0.01","0.175","0.13774193548387098","0.7847826086956522","0.11067796610169492","0.228135593220339","0.505"
"4","0.4603529411764706","0.041058823529411766","0.8175294117647058","0.6583529411764706","0.01","0.01","0.01","1.01","0.01","0.01","0.01","0.175","0.13774193548387098","0.7847826086956522","0.11067796610169492","0.27847457627118644","0.505"
"6","0.5069411764705882","0.11870588235294117","0.9301176470588236","0.7903529411764706","0.01","0.01","1.01","0.01","0.01","0.01","0.01","0.175","0.13774193548387098","0.7847826086956522","0.11067796610169492","0.3288135593220339","0.505"
"2","0.662235294117647","0.6272941176470588","0.9145882352941176","0.4487058823529412","0.01","0.01","0.01","0.01","1.01","0.01","0.01","0.175","0.13774193548387098","0.7847826086956522","0.11067796610169492","0.3791525423728814","0.505"
"6","0.16141176470588237","0.1847058823529412","0.48364705882352943","0.860235294117647","0.01","0.01","1.01","0.01","0.01","0.01","0.01","0.175","0.13774193548387098","0.7847826086956522","0.11067796610169492","0.4127118644067797","0.505"
"6","0.9378823529411765","0.8291764705882353","0.743764705882353","0.5341176470588236","0.01","0.01","0.01","1.01","0.01","0.01","0.01","0.175","0.13774193548387098","0.7847826086956522","0.11067796610169492","0.46305084745762715","0.505"
"0","0.49917647058823533","0.47200000000000003","0.31670588235294117","0.10705882352941176","0.01","0.01","1.01","0.01","0.01","0.01","0.01","0.175","0.13774193548387098","0.7847826086956522","0.11067796610169492","0.5133898305084745","0.505"
"5","0.2856470588235294","0.1963529411764706","0.4137647058823529","0.16529411764705884","1.01","0.01","0.01","0.01","0.01","0.01","0.01","0.175","0.13774193548387098","0.7847826086956522","0.11067796610169492","0.563728813559322","0.505"
"0","0.45647058823529413","0.17694117647058824","0.662235294117647","0.7282352941176471","0.01","0.01","0.01","0.01","1.01","0.01","0.01","0.175","0.13774193548387098","0.7847826086956522","0.11067796610169492","0.6140677966101695","0.505"
"4","0.4914117647058823","0.5224705882352941","0.4758823529411765","0.49529411764705883","0.01","0.01","0.01","0.01","1.01","0.01","0.01","0.175","0.13774193548387098","0.7847826086956522","0.11067796610169492","0.664406779661017","0.505"
"0","0.30505882352941177","0.4603529411764706","0.7088235294117647","0.08764705882352941","0.01","0.01","0.01","1.01","0.01","0.01","0.01","0.175","0.13774193548387098","0.7847826086956522","0.11067796610169492","0.7147457627118644","0.505"
"2","0.7010588235294117","0.7787058823529412","0.5845882352941177","0.8641176470588235","0.01","0.01","0.01","1.01","0.01","0.01","0.01","0.175","0.13774193548387098","0.7847826086956522","0.11067796610169492","0.7483050847457627","0.505"
"5","0.5651764705882353","0.918470588235294","0.4875294117647059","0.802","0.01","0.01","0.01","1.01","0.01","0.01","0.01","0.175","0.13774193548387098","0.7847826086956522","0.11067796610169492","0.7986440677966101","0.505"
"4","0.4370588235294118","0.5302352941176471","0.3982352941176471","0.06823529411764706","1.01","0.01","0.01","0.01","0.01","0.01","0.01","0.175","0.13774193548387098","0.7847826086956522","0.11067796610169492","0.8489830508474576","0.505"
"0","0.941764705882353","0.5574117647058824","0.14976470588235294","0.8252941176470587","0.01","1.01","0.01","0.01","0.01","0.01","0.01","0.175","0.13774193548387098","0.7847826086956522","0.1610169491525424","0.5972881355932204","0.505"
"7","0.13811764705882354","0.6738823529411764","0.6894117647058824","0.1847058823529412","0.01","0.01","1.01","0.01","0.01","0.01","0.01","0.175","0.13774193548387098","0.7847826086956522","0.1610169491525424","0.6476271186440677","0.505"
"1","0.941764705882353","0.7592941176470588","0.5069411764705882","0.2351764705882353","0.01","1.01","0.01","0.01","0.01","0.01","0.01","0.175","0.13774193548387098","0.7847826086956522","0.1610169491525424","0.6476271186440677","0.505"
"4","0.4487058823529412","0.4370588235294118","0.4370588235294118","0.7243529411764705","1.01","0.01","0.01","0.01","0.01","0.01","0.01","0.175","0.13774193548387098","0.7847826086956522","0.1610169491525424","0.6476271186440677","0.505"
"8","0.07211764705882352","0.16141176470588237","0.4254117647058824","0.4098823529411765","0.01","0.01","0.01","0.01","0.01","1.01","0.01","0.175","0.13774193548387098","0.7847826086956522","0.1610169491525424","0.6476271186440677","0.505"
"7","0.6311764705882353","0.15364705882352944","0.7787058823529412","0.6777647058823529","0.01","0.01","0.01","0.01","0.01","0.01","1.01","0.175","0.13774193548387098","0.7847826086956522","0.1610169491525424","0.6476271186440677","0.505"
"5","0.3244705882352941","0.08376470588235294","0.09929411764705881","0.06823529411764706","0.01","0.01","0.01","0.01","0.01","0.01","1.01","0.175","0.13774193548387098","0.7847826086956522","0.1610169491525424","0.664406779661017","0.505"
"9","0.5574117647058824","0.8058823529411765","0.5224705882352941","0.23129411764705884","0.01","0.01","0.01","1.01","0.01","0.01","0.01","0.175","0.13774193548387098","0.7847826086956522","0.1610169491525424","0.664406779661017","0.505"
"9","0.9534117647058823","0.060470588235294116","0.9378823529411765","0.5651764705882353","0.01","0.01","0.01","0.01","0.01","0.01","1.01","0.175","0.13774193548387098","0.7847826086956522","0.1610169491525424","0.664406779661017","0.505"
"6","0.20411764705882354","0.5263529411764706","0.8757647058823529","0.8097647058823529","0.01","0.01","0.01","1.01","0.01","0.01","0.01","0.175","0.13774193548387098","0.7847826086956522","0.1610169491525424","0.664406779661017","0.505"
"9","0.8951764705882354","0.5069411764705882","0.6234117647058823","0.13811764705882354","1.01","0.01","0.01","0.01","0.01","0.01","0.01","0.175","0.13774193548387098","0.7847826086956522","0.1610169491525424","0.6811864406779661","0.505"
"6","0.9767058823529412","0.8990588235294118","0.3904705882352941","0.10317647058823529","0.01","0.01","0.01","0.01","1.01","0.01","0.01","0.175","0.13774193548387098","0.7847826086956522","0.1610169491525424","0.6811864406779661","0.505"
"6","0.8097647058823529","0.8097647058823529","0.5457647058823529","0.7515294117647059","0.01","0.01","0.01","0.01","0.01","1.01","0.01","0.175","0.13774193548387098","0.7847826086956522","0.1610169491525424","0.6811864406779661","0.505"
"9","0.3710588235294118","0.8641176470588235","0.8408235294117647","0.6932941176470588","0.01","0.01","0.01","1.01","0.01","0.01","0.01","0.175","0.13774193548387098","0.7847826086956522","0.1610169491525424","0.6811864406779661","0.505"
"5","0.5185882352941176","0.9767058823529412","0.9378823529411765","0.17694117647058824","0.01","0.01","0.01","0.01","0.01","0.01","1.01","0.175","0.13774193548387098","0.7847826086956522","0.1610169491525424","0.6811864406779661","0.505"
"5","0.31670588235294117","0.7088235294117647","0.406","0.03329411764705882","0.01","0.01","0.01","1.01","0.01","0.01","0.01","0.175","0.13774193548387098","0.7847826086956522","0.1610169491525424","0.6979661016949152","0.505"
"2","0.8641176470588235","0.5729411764705882","0.1575294117647059","0.3904705882352941","0.01","0.01","0.01","1.01","0.01","0.01","0.01","0.175","0.13774193548387098","0.7847826086956522","0.1610169491525424","0.6979661016949152","0.505"
"7","0.4292941176470588","0.5418823529411765","0.17305882352941176","0.07211764705882352","0.01","0.01","1.01","0.01","0.01","0.01","0.01","0.175","0.13774193548387098","0.7847826086956522","0.1610169491525424","0.6979661016949152","0.505"
"7","0.14976470588235294","0.868","0.464235294117647","0.860235294117647","0.01","0.01","0.01","0.01","0.01","1.01","0.01","0.175","0.13774193548387098","0.7847826086956522","0.1610169491525424","0.6979661016949152","0.505"
"2","0.28952941176470587","0.5651764705882353","0.9495294117647058","0.44482352941176473","0.01","1.01","0.01","0.01","0.01","0.01","0.01","0.175","0.13774193548387098","0.7847826086956522","0.1610169491525424","0.6979661016949152","0.505"
"3","0.6816470588235295","0.5341176470588236","0.3788235294117647","0.4292941176470588","0.01","0.01","0.01","0.01","1.01","0.01","0.01","0.175","0.13774193548387098","0.7847826086956522","0.1610169491525424","0.7147457627118644","0.505"
"2","0.6738823529411764","0.21188235294117647","0.26623529411764707","0.9650588235294117","0.01","0.01","0.01","0.01","0.01","1.01","0.01","0.175","0.13774193548387098","0.7847826086956522","0.1610169491525424","0.7147457627118644","0.505"
"6","0.8951764705882354","0.918470588235294","0.5341176470588236","0.4021176470588235","0.01","0.01","0.01","0.01","0.01","0.01","1.01","0.175","0.13774193548387098","0.7847826086956522","0.1610169491525424","0.7147457627118644","0.505"
"4","0.5729411764705882","0.7981176470588235","0.25070588235294117","0.6234117647058823","0.01","0.01","0.01","1.01","0.01","0.01","0.01","0.175","0.13774193548387098","0.7847826086956522","0.1610169491525424","0.7147457627118644","0.505"
"9","0.6117647058823529","0.5496470588235294","0.9689411764705882","0.736","0.01","1.01","0.01","0.01","0.01","0.01","0.01","0.175","0.13774193548387098","0.7847826086956522","0.1610169491525424","0.7147457627118644","0.505"
"2","0.4758823529411765","0.2701176470588236","0.9301176470588236","0.604","0.01","0.01","0.01","0.01","1.01","0.01","0.01","0.175","0.13774193548387098","0.7847826086956522","0.1610169491525424","0.7315254237288135","0.505"
"0","0.3788235294117647","0.3089411764705882","0.2972941176470589","0.5729411764705882","0.01","0.01","0.01","0.01","0.01","1.01","0.01","0.175","0.13774193548387098","0.7847826086956522","0.1610169491525424","0.7315254237288135","0.505"
"9","0.7243529411764705","0.7787058823529412","0.27788235294117647","0.6661176470588235","0.01","1.01","0.01","0.01","0.01","0.01","0.01","0.175","0.13774193548387098","0.7847826086956522","0.1610169491525424","0.7315254237288135","0.505"
"8","0.3632941176470588","0.7554117647058823","0.5845882352941177","0.47200000000000003","0.01","0.01","0.01","1.01","0.01","0.01","0.01","0.175","0.13774193548387098","0.7847826086956522","0.1610169491525424","0.7315254237288135","0.505"
"8","0.11094117647058822","0.5341176470588236","0.5341176470588236","0.4292941176470588","0.01","0.01","0.01","1.01","0.01","0.01","0.01","0.175","0.13774193548387098","0.7847826086956522","0.1610169491525424","0.7315254237288135","0.505"
"7","0.7787058823529412","0.01388235294117647","0.8563529411764705","0.9883529411764707","0.01","1.01","0.01","0.01","0.01","0.01","0.01","0.175","0.13774193548387098","0.7847826086956522","0.1610169491525424","0.7483050847457627","0.505"
"0","0.26235294117647057","0.8291764705882353","0.3865882352941176","0.6699999999999999","0.01","0.01","0.01","0.01","0.01","1.01","0.01","0.175","0.13774193548387098","0.7847826086956522","0.1610169491525424","0.7483050847457627","0.505"
"9","0.7088235294117647","0.6195294117647059","0.10705882352941176","0.4875294117647059","0.01","0.01","0.01","0.01","0.01","1.01","0.01","0.175","0.13774193548387098","0.7847826086956522","0.1610169491525424","0.7483050847457627","0.505"
"1","0.3788235294117647","0.01","0.17305882352941176","0.743764705882353","0.01","0.01","0.01","1.01","0.01","0.01","0.01","0.175","0.13774193548387098","0.7847826086956522","0.1610169491525424","0.7483050847457627","0.505"
"0","0.9378823529411765","0.3283529411764706","0.6505882352941177","0.7321176470588235","0.01","0.01","0.01","0.01","0.01","0.01","1.01","0.175","0.13774193548387098","0.7847826086956522","0.1610169491525424","0.7483050847457627","0.505"
"8","0.802","0.7476470588235294","0.5729411764705882","0.6078823529411764","0.01","0.01","0.01","0.01","0.01","0.01","1.01","0.175","0.13774193548387098","0.7847826086956522","0.1610169491525424","0.7483050847457627","0.505"
"2","0.22741176470588237","0.6117647058823529","0.6894117647058824","0.25458823529411767","0.01","0.01","0.01","1.01","0.01","0.01","0.01","0.175","0.13774193548387098","0.7847826086956522","0.1610169491525424","0.7650847457627118","0.505"
"0","0.934","0.8990588235294118","0.8058823529411765","0.26623529411764707","0.01","0.01","1.01","0.01","0.01","0.01","0.01","0.175","0.13774193548387098","0.7847826086956522","0.1610169491525424","0.7650847457627118","0.505"
"7","0.4758823529411765","0.01388235294117647","0.9301176470588236","0.23129411764705884","0.01","0.01","0.01","0.01","0.01","1.01","0.01","0.175","0.13774193548387098","0.7847826086956522","0.1610169491525424","0.7650847457627118","0.505"
"6","0.7825882352941177","0.9495294117647058","0.42152941176470593","0.7825882352941177","0.01","0.01","0.01","0.01","0.01","0.01","1.01","0.175","0.13774193548387098","0.7847826086956522","0.1610169491525424","0.7650847457627118","0.505"
"4","0.7398823529411765","0.934","0.538","0.274","0.01","0.01","0.01","1.01","0.01","0.01","0.01","0.175","0.13774193548387098","0.7847826086956522","0.1610169491525424","0.7818644067796611","0.505"
"7","0.3982352941176471","0.6738823529411764","0.7787058823529412","0.4098823529411765","0.01","0.01","0.01","1.01","0.01","0.01","0.01","0.175","0.13774193548387098","0.7847826086956522","0.1610169491525424","0.7818644067796611","0.505"
"9","0.4254117647058824","0.5884705882352942","0.06435294117647058","0.9844705882352941","0.01","1.01","0.01","0.01","0.01","0.01","0.01","0.175","0.13774193548387098","0.7847826086956522","0.1610169491525424","0.7818644067796611","0.505"
"2","0.8330588235294119","0.3089411764705882","0.6428235294117647","0.9805882352941176","0.01","0.01","0.01","0.01","0.01","0.01","1.01","0.175","0.13774193548387098","0.7847826086956522","0.1610169491525424","0.7818644067796611","0.505"
"1","0.9262352941176472","0.09929411764705881","0.743764705882353","0.24294117647058824","0.01","1.01","0.01","0.01","0.01","0.01","0.01","0.175","0.13774193548387098","0.7847826086956522","0.1610169491525424","0.7818644067796611","0.505"
"7","0.6350588235294118","0.6894117647058824","0.2972941176470589","0.029411764705882353","0.01","0.01","1.01","0.01","0.01","0.01","0.01","0.175","0.13774193548387098","0.7847826086956522","0.1610169491525424","0.7986440677966101","0.505"
"2","0.28952941176470587","0.662235294117647","0.5651764705882353","0.42152941176470593","0.01","0.01","0.01","1.01","0.01","0.01","0.01","0.175","0.13774193548387098","0.7847826086956522","0.1610169491525424","0.7986440677966101","0.505"
"7","0.03329411764705882","0.3438823529411765","0.10705882352941176","0.9029411764705882","0.01","0.01","0.01","0.01","1.01","0.01","0.01","0.175","0.13774193548387098","0.7847826086956522","0.1610169491525424","0.7986440677966101","0.505"
"6","0.03329411764705882","0.3438823529411765","0.10705882352941176","0.9029411764705882","0.01","0.01","0.01","0.01","1.01","0.01","0.01","0.175","0.13774193548387098","0.7847826086956522","0.1610169491525424","0.7986440677966101","0.505"
"6","0.7165882352941176","0.25070588235294117","0.4254117647058824","0.14976470588235294","0.01","0.01","0.01","1.01","0.01","0.01","0.01","0.175","0.13774193548387098","0.7847826086956522","0.1610169491525424","0.8154237288135594","0.505"
"5","0.20023529411764707","0.8951764705882354","0.7864705882352941","0.15364705882352944","0.01","1.01","0.01","0.01","0.01","0.01","0.01","0.175","0.13774193548387098","0.7847826086956522","0.1610169491525424","0.8154237288135594","0.505"
"7","0.9456470588235294","0.0371764705882353","0.10317647058823529","0.5496470588235294","0.01","0.01","0.01","0.01","0.01","1.01","0.01","0.175","0.13774193548387098","0.7847826086956522","0.1610169491525424","0.8154237288135594","0.505"
"0","0.7282352941176471","0.31670588235294117","0.7515294117647059","0.1458823529411765","1.01","0.01","0.01","0.01","0.01","0.01","0.01","0.175","0.13774193548387098","0.7847826086956522","0.1610169491525424","0.8154237288135594","0.505"
"2","0.6661176470588235","0.4254117647058824","0.8097647058823529","1.0","0.01","0.01","0.01","1.01","0.01","0.01","0.01","0.175","0.13774193548387098","0.7847826086956522","0.1610169491525424","0.8322033898305085","0.505"
"3","0.5341176470588236","0.9534117647058823","0.4487058823529412","0.4525882352941177","0.01","0.01","0.01","0.01","1.01","0.01","0.01","0.175","0.13774193548387098","0.7847826086956522","0.1610169491525424","0.8489830508474576","0.505"
"9","0.03329411764705882","0.1264705882352941","0.7010588235294117","0.3516470588235294","0.01","0.01","0.01","0.01","1.01","0.01","0.01","0.175","0.13774193548387098","0.7847826086956522","0.1610169491525424","0.8489830508474576","0.505"
"6","0.5690588235294117","0.4758823529411765","0.8835294117647059","0.5341176470588236","0.01","0.01","0.01","1.01","0.01","0.01","0.01","0.175","0.13774193548387098","0.7847826086956522","0.1610169491525424","0.8489830508474576","0.505"
"1","0.3904705882352941","0.8330588235294119","0.662235294117647","0.3710588235294118","0.01","0.01","0.01","0.01","0.01","0.01","1.01","0.175","0.13774193548387098","0.7847826086956522","0.1610169491525424","0.8489830508474576","0.505"
"1","0.16917647058823532","0.01","0.20023529411764707","0.04882352941176471","0.01","0.01","0.01","0.01","0.01","1.01","0.01","0.175","0.13774193548387098","0.7847826086956522","0.1610169491525424","0.8657627118644068","0.505"
"6","0.8447058823529412","0.3438823529411765","0.8214117647058823","0.5302352941176471","1.01","0.01","0.01","0.01","0.01","0.01","0.01","0.175","0.13774193548387098","0.7847826086956522","0.1610169491525424","0.8657627118644068","0.505"
"8","0.4098823529411765","0.26235294117647057","0.8912941176470588","0.5457647058823529","1.01","0.01","0.01","0.01","0.01","0.01","0.01","0.175","0.13774193548387098","0.7847826086956522","0.1610169491525424","0.8657627118644068","0.505"
"3","0.27788235294117647","0.8524705882352941","0.7670588235294117","0.9029411764705882","0.01","0.01","0.01","1.01","0.01","0.01","0.01","0.175","0.13774193548387098","0.7847826086956522","0.1610169491525424","0.8657627118644068","0.505"
"8","0.9922352941176471","0.7476470588235294","0.16529411764705884","0.9689411764705882","0.01","0.01","0.01","1.01","0.01","0.01","0.01","0.175","0.13774193548387098","0.7847826086956522","0.1610169491525424","0.8657627118644068","0.505"
"6","0.09152941176470587","0.17694117647058824","0.7515294117647059","0.4487058823529412","0.01","1.01","0.01","0.01","0.01","0.01","0.01","0.175","0.13774193548387098","0.7847826086956522","0.1610169491525424","0.882542372881356","0.505"
"7","0.6971764705882353","0.8097647058823529","0.8485882352941176","0.48364705882352943","0.01","0.01","0.01","1.01","0.01","0.01","0.01","0.175","0.13774193548387098","0.7847826086956522","0.1610169491525424","0.882542372881356","0.505"
"4","0.2235294117647059","0.7049411764705882","0.9145882352941176","0.538","0.01","0.01","0.01","0.01","0.01","0.01","1.01","0.175","0.13774193548387098","0.7847826086956522","0.1610169491525424","0.882542372881356","0.505"
"5","0.604","0.1303529411764706","0.6467058823529412","0.7243529411764705","0.01","0.01","0.01","0.01","1.01","0.01","0.01","0.175","0.13774193548387098","0.7847826086956522","0.1610169491525424","0.882542372881356","0.505"
"1","0.3904705882352941","0.1575294117647059","0.9223529411764705","0.36717647058823527","0.01","1.01","0.01","0.01","0.01","0.01","0.01","0.175","0.13774193548387098","0.7847826086956522","0.1610169491525424","0.882542372881356","0.505"
"4","0.6195294117647059","0.1148235294117647","0.274","0.26623529411764707","0.01","0.01","0.01","0.01","0.01","1.01","0.01","0.175","0.13774193548387098","0.7847826086956522","0.1610169491525424","0.8993220338983051","0.505"
"5","0.5147058823529411","0.5496470588235294","0.15364705882352944","0.24294117647058824","0.01","0.01","0.01","1.01","0.01","0.01","0.01","0.175","0.13774193548387098","0.7847826086956522","0.1610169491525424","0.8993220338983051","0.505"
"1","0.24294117647058824","0.5807058823529412","0.22741176470588237","0.7748235294117647","0.01","0.01","0.01","1.01","0.01","0.01","0.01","0.175","0.13774193548387098","0.7847826086956522","0.1610169491525424","0.8993220338983051","0.505"
"6","0.18082352941176472","0.5612941176470588","0.3827058823529412","0.662235294117647","0.01","0.01","0.01","0.01","1.01","0.01","0.01","0.175","0.13774193548387098","0.7847826086956522","0.1610169491525424","0.8993220338983051","0.505"
"0","0.7709411764705882","0.274","0.3749411764705883","0.24294117647058824","0.01","0.01","0.01","0.01","1.01","0.01","0.01","0.175","0.13774193548387098","0.7847826086956522","0.1610169491525424","0.9161016949152543","0.505"
"1","0.025529411764705884","0.5690588235294117","0.25070588235294117","0.281764705882353","0.01","0.01","0.01","0.01","0.01","1.01","0.01","0.175","0.13774193548387098","0.7847826086956522","0.1610169491525424","0.9161016949152543","0.505"
"8","0.2856470588235294","0.5768235294117646","0.11870588235294117","0.7321176470588235","1.01","0.01","0.01","0.01","0.01","0.01","0.01","0.175","0.13774193548387098","0.7847826086956522","0.1610169491525424","0.9161016949152543","0.505"
"8","0.01388235294117647","0.060470588235294116","0.15364705882352944","0.5224705882352941","1.01","0.01","0.01","0.01","0.01","0.01","0.01","0.175","0.13774193548387098","0.7847826086956522","0.1610169491525424","0.9161016949152543","0.505"
"3","0.6544705882352941","0.4021176470588235","0.16141176470588237","0.8563529411764705","0.01","0.01","0.01","0.01","0.01","0.01","1.01","0.175","0.13774193548387098","0.7847826086956522","0.1610169491525424","0.9161016949152543","0.505"
"9","0.029411764705882353","0.2856470588235294","0.7049411764705882","0.1458823529411765","1.01","0.01","0.01","0.01","0.01","0.01","0.01","0.175","0.13774193548387098","0.7847826086956522","0.1610169491525424","0.9328813559322033","0.505"
"5","0.7592941176470588","0.3128235294117647","0.8796470588235294","0.6234117647058823","0.01","0.01","0.01","0.01","0.01","1.01","0.01","0.175","0.13774193548387098","0.7847826086956522","0.1610169491525424","0.9328813559322033","0.505"
"4","0.3011764705882353","0.18082352941176472","0.7476470588235294","0.5729411764705882","0.01","0.01","1.01","0.01","0.01","0.01","0.01","0.175","0.13774193548387098","0.7847826086956522","0.1610169491525424","0.9328813559322033","0.505"
"6","0.7554117647058823","0.5302352941176471","0.08376470588235294","0.4331764705882353","0.01","0.01","0.01","1.01","0.01","0.01","0.01","0.175","0.13774193548387098","0.7847826086956522","0.1610169491525424","0.9496610169491526","0.505"
"5","0.16141176470588237","0.2934117647058823","0.11870588235294117","0.029411764705882353","0.01","0.01","0.01","0.01","0.01","1.01","0.01","0.175","0.13774193548387098","0.7847826086956522","0.1610169491525424","0.9496610169491526","0.505"
"9","0.42152941176470593","0.3322352941176471","0.8796470588235294","0.16529411764705884","0.01","1.01","0.01","0.01","0.01","0.01","0.01","0.175","0.13774193548387098","0.7847826086956522","0.1610169491525424","0.9496610169491526","0.505"
"3","0.9145882352941176","0.5069411764705882","0.7631764705882352","0.5729411764705882","0.01","1.01","0.01","0.01","0.01","0.01","0.01","0.175","0.13774193548387098","0.7847826086956522","0.1610169491525424","0.9496610169491526","0.505"
"9","0.7204705882352941","0.7010588235294117","0.6932941176470588","0.5729411764705882","0.01","0.01","0.01","1.01","0.01","0.01","0.01","0.175","0.13774193548387098","0.7847826086956522","0.1610169491525424","0.9496610169491526","0.505"
"4","0.4137647058823529","0.49917647058823533","0.7398823529411765","0.4875294117647059","0.01","0.01","0.01","0.01","0.01","1.01","0.01","0.175","0.13774193548387098","0.7847826086956522","0.1610169491525424","0.9496610169491526","0.505"
"9","0.8408235294117647","0.21576470588235297","0.9262352941176472","0.4098823529411765","0.01","0.01","1.01","0.01","0.01","0.01","0.01","0.175","0.13774193548387098","0.7847826086956522","0.1610169491525424","0.9496610169491526","0.505"
"0","0.9611764705882353","0.26235294117647057","0.17694117647058824","0.3011764705882353","0.01","0.01","0.01","0.01","0.01","0.01","1.01","0.175","0.13774193548387098","0.7847826086956522","0.1610169491525424","0.9496610169491526","0.505"
"9","0.9262352941176472","0.10705882352941176","0.39435294117647063","0.2934117647058823","0.01","0.01","0.01","0.01","0.01","1.01","0.01","0.175","0.13774193548387098","0.7847826086956522","0.1610169491525424","0.9664406779661017","0.505"
"0","0.6428235294117647","0.5962352941176471","0.08376470588235294","0.26235294117647057","0.01","0.01","0.01","0.01","0.01","1.01","0.01","0.175","0.13774193548387098","0.7847826086956522","0.1610169491525424","0.9664406779661017","0.505"
"4","0.9844705882352941","0.4603529411764706","0.08376470588235294","0.6699999999999999","0.01","0.01","0.01","1.01","0.01","0.01","0.01","0.175","0.13774193548387098","0.7847826086956522","0.1610169491525424","0.9664406779661017","0.505"
"0","0.8757647058823529","0.3361176470588235","0.5496470588235294","0.11094117647058822","1.01","0.01","0.01","0.01","0.01","0.01","0.01","0.175","0.13774193548387098","0.7847826086956522","0.1610169491525424","0.9664406779661017","0.505"
"5","0.8990588235294118","0.868","0.3865882352941176","0.9145882352941176","0.01","0.01","0.01","0.01","0.01","0.01","1.01","0.175","0.13774193548387098","0.7847826086956522","0.1610169491525424","0.9664406779661017","0.505"
"7","0.7670588235294117","0.794235294117647","0.7010588235294117","0.14976470588235294","0.01","0.01","0.01","0.01","0.01","1.01","0.01","0.175","0.13774193548387098","0.7847826086956522","0.1610169491525424","0.9664406779661017","0.505"
"4","0.3827058823529412","0.8757647058823529","0.33999999999999997","0.8330588235294119","0.01","0.01","0.01","0.01","0.01","0.01","1.01","0.175","0.13774193548387098","0.7847826086956522","0.1610169491525424","0.9664406779661017","0.505"
"7","0.8175294117647058","0.09929411764705881","0.8912941176470588","0.3244705882352941","0.01","0.01","0.01","1.01","0.01","0.01","0.01","0.175","0.13774193548387098","0.7847826086956522","0.1610169491525424","0.9664406779661017","0.505"
"8","0.9611764705882353","0.27788235294117647","0.025529411764705884","0.21964705882352942","0.01","0.01","0.01","0.01","0.01","1.01","0.01","0.175","0.13774193548387098","0.7847826086956522","0.1610169491525424","0.983220338983051","0.505"
"6","0.6855294117647059","0.7127058823529412","0.8136470588235294","0.9805882352941176","0.01","0.01","1.01","0.01","0.01","0.01","0.01","0.175","0.13774193548387098","0.7847826086956522","0.1610169491525424","0.983220338983051","0.505"
"5","0.15364705882352944","0.4875294117647059","1.0","0.3827058823529412","0.01","0.01","0.01","0.01","0.01","0.01","1.01","0.175","0.13774193548387098","0.7847826086956522","0.1610169491525424","0.983220338983051","0.505"
"5","0.1303529411764706","0.19247058823529414","0.7748235294117647","0.3438823529411765","0.01","0.01","0.01","0.01","0.01","0.01","1.01","0.175","0.13774193548387098","0.7847826086956522","0.1610169491525424","0.983220338983051","0.505"
"4","0.47200000000000003","0.45647058823529413","0.3710588235294118","0.1148235294117647","0.01","0.01","0.01","0.01","0.01","1.01","0.01","0.175","0.13774193548387098","0.7847826086956522","0.1610169491525424","0.983220338983051","0.505"
"9","0.4758823529411765","0.7903529411764706","0.8136470588235294","0.8874117647058823","0.01","0.01","0.01","1.01","0.01","0.01","0.01","0.175","0.13774193548387098","0.7847826086956522","0.1610169491525424","0.983220338983051","0.505"
"4","0.0371764705882353","0.6195294117647059","0.3516470588235294","0.9767058823529412","0.01","1.01","0.01","0.01","0.01","0.01","0.01","0.175","0.13774193548387098","0.7847826086956522","0.1610169491525424","1.0","0.505"
"9","0.5845882352941177","0.27788235294117647","0.09929411764705881","0.0371764705882353","0.01","1.01","0.01","0.01","0.01","0.01","0.01","0.175","0.13774193548387098","0.7847826086956522","0.1610169491525424","1.0","0.505"
"9","0.3710588235294118","0.7243529411764705","0.044941176470588234","0.5263529411764706","0.01","0.01","1.01","0.01","0.01","0.01","0.01","0.175","0.13774193548387098","0.7847826086956522","0.1610169491525424","1.0","0.505"
"8","0.5341176470588236","0.8447058823529412","0.35552941176470587","0.7243529411764705","0.01","0.01","0.01","1.01","0.01","0.01","0.01","0.175","0.13774193548387098","0.7847826086956522","0.1610169491525424","1.0","0.505"
"5","0.5496470588235294","0.7631764705882352","0.6389411764705882","0.6234117647058823","0.01","0.01","0.01","0.01","0.01","0.01","1.01","0.175","0.13774193548387098","0.7847826086956522","0.1610169491525424","1.0","0.505"
"3","0.3749411764705883","0.7981176470588235","0.8136470588235294","0.09541176470588235","0.01","0.01","0.01","0.01","1.01","0.01","0.01","0.175","0.13774193548387098","0.7847826086956522","0.1610169491525424","1.0","0.505"
"0","0.5807058823529412","0.19247058823529414","0.8136470588235294","0.3361176470588235","0.01","1.01","0.01","0.01","0.01","0.01","0.01","0.175","0.13774193548387098","0.7847826086956522","0.1610169491525424","1.0","0.505"
"0","0.8563529411764705","0.7243529411764705","0.347764705882353","0.04882352941176471","0.01","1.01","0.01","0.01","0.01","0.01","0.01","0.175","0.13774193548387098","0.7847826086956522","0.1610169491525424","1.0","0.505"
"8","0.7398823529411765","0.05658823529411765","0.8291764705882353","0.6816470588235295","1.01","0.01","0.01","0.01","0.01","0.01","0.01","0.175","0.13774193548387098","0.7847826086956522","0.17779661016949153","0.01","0.505"
"4","0.7282352941176471","0.3283529411764706","0.9767058823529412","0.30505882352941177","0.01","0.01","0.01","0.01","0.01","0.01","1.01","0.175","0.13774193548387098","0.7847826086956522","0.17779661016949153","0.01","0.505"
"9","0.04882352941176471","0.1575294117647059","0.18082352941176472","0.20411764705882354","0.01","0.01","0.01","1.01","0.01","0.01","0.01","0.175","0.13774193548387098","0.7847826086956522","0.17779661016949153","0.01","0.505"
"2","0.7282352941176471","0.5807058823529412","0.20411764705882354","0.9534117647058823","0.01","0.01","1.01","0.01","0.01","0.01","0.01","0.175","0.13774193548387098","0.7847826086956522","0.17779661016949153","0.01","0.505"
"7","0.22741176470588237","0.8291764705882353","0.4292941176470588","0.16529411764705884","0.01","0.01","0.01","0.01","1.01","0.01","0.01","0.175","0.13774193548387098","0.7847826086956522","0.17779661016949153","0.01","0.505"
"0","0.3904705882352941","0.281764705882353","0.3982352941176471","0.7631764705882352","0.01","0.01","0.01","0.01","1.01","0.01","0.01","0.175","0.13774193548387098","0.7847826086956522","0.17779661016949153","0.01","0.505"
"6","0.029411764705882353","0.5418823529411765","0.8563529411764705","0.918470588235294","0.01","0.01","0.01","0.01","0.01","1.01","0.01","0.175","0.13774193548387098","0.7847826086956522","0.17779661016949153","0.01","0.505"
"4","0.33999999999999997","0.6311764705882353","0.5069411764705882","0.6156470588235294","0.01","0.01","0.01","0.01","1.01","0.01","0.01","0.175","0.13774193548387098","0.7847826086956522","0.17779661016949153","0.01","0.505"
"6","0.2856470588235294","0.7204705882352941","0.7010588235294117","0.18858823529411764","0.01","0.01","1.01","0.01","0.01","0.01","0.01","0.175","0.13774193548387098","0.7847826086956522","0.17779661016949153","0.01","0.505"
"2","0.464235294117647","0.49529411764705883","0.17305882352941176","0.8214117647058823","0.01","0.01","1.01","0.01","0.01","0.01","0.01","0.175","0.13774193548387098","0.7847826086956522","0.17779661016949153","0.01","0.505"
"1","0.0371764705882353","0.11094117647058822","0.604","0.8408235294117647","0.01","0.01","0.01","1.01","0.01","0.01","0.01","0.175","0.13774193548387098","0.7847826086956522","0.17779661016949153","0.026779661016949154","0.505"
"7","0.3205882352941177","0.12258823529411764","0.4603529411764706","0.26235294117647057","0.01","1.01","0.01","0.01","0.01","0.01","0.01","0.175","0.13774193548387098","0.7847826086956522","0.17779661016949153","0.026779661016949154","0.505"
"3","0.4409411764705882","0.8485882352941176","0.274","0.1148235294117647","0.01","0.01","0.01","0.01","0.01","1.01","0.01","0.175","0.13774193548387098","0.7847826086956522","0.17779661016949153","0.026779661016949154","0.505"
"8","0.8447058823529412","0.1264705882352941","0.7787058823529412","0.10705882352941176","0.01","0.01","1.01","0.01","0.01","0.01","0.01","0.175","0.13774193548387098","0.7847826086956522","0.17779661016949153","0.026779661016949154","0.505"
"3","0.3244705882352941","0.9767058823529412","0.41764705882352937","0.25070588235294117","1.01","0.01","0.01","0.01","0.01","0.01","0.01","0.175","0.13774193548387098","0.7847826086956522","0.17779661016949153","0.026779661016949154","0.505"
"6","0.9611764705882353","0.4797647058823529","0.538","0.3632941176470588","0.01","0.01","0.01","0.01","0.01","0.01","1.01","0.175","0.13774193548387098","0.7847826086956522","0.17779661016949153","0.026779661016949154","0.505"
"0","0.4875294117647059","0.1847058823529412","0.9262352941176472","0.6234117647058823","0.01","0.01","1.01","0.01","0.01","0.01","0.01","0.175","0.13774193548387098","0.7847826086956522","0.17779661016949153","0.043559322033898305","0.505"
"9","0.941764705882353","0.8214117647058823","0.5108235294117647","0.5962352941176471","0.01","0.01","0.01","0.01","0.01","1.01","0.01","0.175","0.13774193548387098","0.7847826086956522","0.17779661016949153","0.043559322033898305","0.505"
"0","0.5574117647058824","0.918470588235294","0.7981176470588235","0.7748235294117647","0.01","0.01","0.01","0.01","1.01","0.01","0.01","0.175","0.13774193548387098","0.7847826086956522","0.17779661016949153","0.043559322033898305","0.505"
"1","0.27788235294117647","0.4525882352941177","0.9961176470588236","0.9689411764705882","1.01","0.01","0.01","0.01","0.01","0.01","0.01","0.175","0.13774193548387098","0.7847826086956522","0.17779661016949153","0.043559322033898305","0.505"
"4","0.6699999999999999","0.9805882352941176","0.4525882352941177","0.16529411764705884","1.01","0.01","0.01","0.01","0.01","0.01","0.01","0.175","0.13774193548387098","0.7847826086956522","0.17779661016949153","0.043559322033898305","0.505"
"6","0.10317647058823529","0.35552941176470587","0.8874117647058823","0.868","0.01","0.01","0.01","0.01","1.01","0.01","0.01","0.175","0.13774193548387098","0.7847826086956522","0.17779661016949153","0.043559322033898305","0.505"
"2","0.9844705882352941","0.9495294117647058","0.07211764705882352","0.39435294117647063","0.01","0.01","0.01","0.01","1.01","0.01","0.01","0.175","0.13774193548387098","0.7847826086956522","0.17779661016949153","0.043559322033898305","0.505"
"0","0.0371764705882353","0.5457647058823529","0.16141176470588237","0.7398823529411765","0.01","0.01","0.01","0.01","0.01","0.01","1.01","0.175","0.13774193548387098","0.7847826086956522","0.17779661016949153","0.043559322033898305","0.505"
"8","0.3128235294117647","0.27788235294117647","0.6389411764705882","0.3361176470588235","0.01","1.01","0.01","0.01","0.01","0.01","0.01","0.175","0.13774193548387098","0.7847826086956522","0.17779661016949153","0.043559322033898305","0.505"
"8","0.8097647058823529","0.8641176470588235","0.3283529411764706","0.26235294117647057","0.01","0.01","0.01","0.01","0.01","0.01","1.01","0.175","0.13774193548387098","0.7847826086956522","0.17779661016949153","0.043559322033898305","0.505"
"8","0.918470588235294","0.19247058823529414","0.868","0.5962352941176471","0.01","0.01","1.01","0.01","0.01","0.01","0.01","0.175","0.13774193548387098","0.7847826086956522","0.17779661016949153","0.060338983050847464","0.505"
"7","0.7321176470588235","0.6389411764705882","0.7165882352941176","0.5923529411764706","0.01","0.01","0.01","0.01","0.01","1.01","0.01","0.175","0.13774193548387098","0.7847826086956522","0.17779661016949153","0.060338983050847464","0.505"
"6","0.9650588235294117","0.8175294117647058","0.3827058823529412","0.9805882352941176","0.01","0.01","1.01","0.01","0.01","0.01","0.01","0.175","0.13774193548387098","0.7847826086956522","0.17779661016949153","0.060338983050847464","0.505"
"3","0.0371764705882353","0.7864705882352941","0.24682352941176472","0.13423529411764706","0.01","0.01","1.01","0.01","0.01","0.01","0.01","0.175","0.13774193548387098","0.7847826086956522","0.17779661016949153","0.060338983050847464","0.505"
"8","0.4487058823529412","0.860235294117647","0.27788235294117647","0.802","0.01","0.01","0.01","1.01","0.01","0.01","0.01","0.175","0.13774193548387098","0.7847826086956522","0.17779661016949153","0.060338983050847464","0.505"
"9","0.6156470588235294","0.9572941176470589","0.6816470588235295","0.2390588235294118","0.01","0.01","0.01","0.01","1.01","0.01","0.01","0.175","0.13774193548387098","0.7847826086956522","0.17779661016949153","0.060338983050847464","0.505"
"3","0.6467058823529412","0.6001176470588235","0.868","0.5807058823529412","0.01","0.01","0.01","1.01","0.01","0.01","0.01","0.175","0.13774193548387098","0.7847826086956522","0.17779661016949153","0.060338983050847464","0.505"
"6","0.11870588235294117","0.3011764705882353","0.13423529411764706","0.3089411764705882","0.01","0.01","1.01","0.01","0.01","0.01","0.01","0.175","0.13774193548387098","0.7847826086956522","0.17779661016949153","0.060338983050847464","0.505"
"2","0.7631764705882352","0.5418823529411765","0.7165882352941176","0.2934117647058823","0.01","0.01","0.01","0.01","1.01","0.01","0.01","0.175","0.13774193548387098","0.7847826086956522","0.17779661016949153","0.060338983050847464","0.505"
"0","0.3089411764705882","0.47200000000000003","0.041058823529411766","0.3011764705882353","0.01","0.01","0.01","0.01","0.01","1.01","0.01","0.175","0.13774193548387098","0.7847826086956522","0.17779661016949153","0.0771186440677966","0.505"
"3","0.8951764705882354","0.464235294117647","0.5147058823529411","0.8641176470588235","0.01","1.01","0.01","0.01","0.01","0.01","0.01","0.175","0.13774193548387098","0.7847826086956522","0.17779661016949153","0.0771186440677966","0.505"
"3","0.8641176470588235","0.1847058823529412","0.5690588235294117","0.6699999999999999","0.01","1.01","0.01","0.01","0.01","0.01","0.01","0.175","0.13774193548387098","0.7847826086956522","0.17779661016949153","0.0771186440677966","0.505"
"3","0.4487058823529412","0.7515294117647059","0.06435294117647058","0.5535294117647059","0.01","0.01","1.01","0.01","0.01","0.01","0.01","0.175","0.13774193548387098","0.7847826086956522","0.17779661016949153","0.0771186440677966","0.505"
"2","0.5341176470588236","0.26235294117647057","0.538","0.1847058823529412","1.01","0.01","0.01","0.01","0.01","0.01","0.01","0.175","0.13774193548387098","0.7847826086956522","0.17779661016949153","0.0771186440677966","0.505"
"5","0.6738823529411764","0.5807058823529412","0.5224705882352941","0.8990588235294118","0.01","0.01","0.01","0.01","0.01","0.01","1.01","0.175","0.13774193548387098","0.7847826086956522","0.17779661016949153","0.0771186440677966","0.505"
"1","0.17305882352941176","0.9029411764705882","0.16917647058823532","0.6467058823529412","0.01","0.01","0.01","0.01","0.01","1.01","0.01","0.175","0.13774193548387098","0.7847826086956522","0.17779661016949153","0.0771186440677966","0.505"
"6","0.7670588235294117","0.6234117647058823","0.3089411764705882","0.26623529411764707","0.01","1.01","0.01","0.01","0.01","0.01","0.01","0.175","0.13774193548387098","0.7847826086956522","0.17779661016949153","0.0771186440677966","0.505"
"2","0.5807058823529412","0.14976470588235294","0.1963529411764706","0.5418823529411765","0.01","0.01","0.01","0.01","0.01","1.01","0.01","0.175","0.13774193548387098","0.7847826086956522","0.17779661016949153","0.0771186440677966","0.505"
"1","0.3865882352941176","0.6816470588235295","0.8951764705882354","0.6078823529411764","1.01","0.01","0.01","0.01","0.01","0.01","0.01","0.175","0.13774193548387098","0.7847826086956522","0.17779661016949153","0.0771186440677966","0.505"
"1","0.029411764705882353","0.8718823529411764","0.19247058823529414","0.3438823529411765","1.01","0.01","0.01","0.01","0.01","0.01","0.01","0.175","0.13774193548387098","0.7847826086956522","0.17779661016949153","0.09389830508474575","0.505"
"6","0.08376470588235294","0.16529411764705884","0.8214117647058823","0.25458823529411767","0.01","0.01","0.01","0.01","0.01","1.01","0.01","0.175","0.13774193548387098","0.7847826086956522","0.17779661016949153","0.09389830508474575","0.505"
"0","0.3438823529411765","0.8330588235294119","0.6078823529411764","0.4137647058823529","0.01","0.01","1.01","0.01","0.01","0.01","0.01","0.175","0.13774193548387098","0.7847826086956522","0.17779661016949153","0.09389830508474575","0.505"
"5","0.9029411764705882","0.2856470588235294","0.04882352941176471","0.8291764705882353","0.01","0.01","0.01","0.01","1.01","0.01","0.01","0.175","0.13774193548387098","0.7847826086956522","0.17779661016949153","0.09389830508474575","0.505"
"8","0.21964705882352942","0.5845882352941177","0.406","0.5574117647058824","0.01","0.01","0.01","0.01","1.01","0.01","0.01","0.175","0.13774193548387098","0.7847826086956522","0.17779661016949153","0.09389830508474575","0.505"
"0","0.1963529411764706","0.076","0.5729411764705882","0.41764705882352937","0.01","0.01","0.01","0.01","0.01","1.01","0.01","0.175","0.13774193548387098","0.7847826086956522","0.17779661016949153","0.09389830508474575","0.505"
"9","0.2856470588235294","0.31670588235294117","0.5574117647058824","0.8485882352941176","0.01","0.01","1.01","0.01","0.01","0.01","0.01","0.175","0.13774193548387098","0.7847826086956522","0.17779661016949153","0.09389830508474575","0.505"
"5","0.8252941176470587","0.4875294117647059","0.9378823529411765","0.3128235294117647","0.01","0.01","0.01","0.01","0.01","1.01","0.01","0.175","0.13774193548387098","0.7847826086956522","0.17779661016949153","0.11067796610169492","0.505"
"7","0.9805882352941176","0.9844705882352941","0.9301176470588236","0.5341176470588236","0.01","0.01","0.01","0.01","0.01","1.01","0.01","0.175","0.13774193548387098","0.7847826086956522","0.17779661016949153","0.11067796610169492","0.505"
"4","0.36717647058823527","0.3632941176470588","0.8485882352941176","0.347764705882353","0.01","0.01","0.01","0.01","0.01","0.01","1.01","0.175","0.13774193548387098","0.7847826086956522","0.17779661016949153","0.11067796610169492","0.505"
"2","0.11870588235294117","0.17305882352941176","0.7592941176470588","0.0371764705882353","0.01","0.01","1.01","0.01","0.01","0.01","0.01","0.175","0.13774193548387098","0.7847826086956522","0.17779661016949153","0.11067796610169492","0.505"
"1","0.9262352941176472","0.45647058823529413","0.736","0.6467058823529412","0.01","0.01","0.01","0.01","0.01","1.01","0.01","0.175","0.13774193548387098","0.7847826086956522","0.17779661016949153","0.11067796610169492","0.505"
"8","0.4409411764705882","0.9883529411764707","0.5496470588235294","0.17305882352941176","0.01","0.01","1.01","0.01","0.01","0.01","0.01","0.175","0.13774193548387098","0.7847826086956522","0.17779661016949153","0.11067796610169492","0.505"
"2","0.8951764705882354","0.4487058823529412","0.8951764705882354","0.09929411764705881","0.01","0.01","1.01","0.01","0.01","0.01","0.01","0.175","0.13774193548387098","0.7847826086956522","0.17779661016949153","0.11067796610169492","0.505"
"3","0.3438823529411765","0.7282352941176471","0.17694117647058824","0.20411764705882354","0.01","0.01","0.01","1.01","0.01","0.01","0.01","0.175","0.13774193548387098","0.7847826086956522","0.17779661016949153","0.11067796610169492","0.505"
"6","0.9068235294117647","0.7321176470588235","0.3283529411764706","0.5185882352941176","1.01","0.01","0.01","0.01","0.01","0.01","0.01","0.175","0.13774193548387098","0.7847826086956522","0.17779661016949153","0.11067796610169492","0.505"
"5","0.604","0.5923529411764706","0.3749411764705883","0.3011764705882353","1.01","0.01","0.01","0.01","0.01","0.01","0.01","0.175","0.13774193548387098","0.7847826086956522","0.17779661016949153","0.11067796610169492","0.505"
"3","0.2351764705882353","0.4525882352941177","0.31670588235294117","0.5729411764705882","0.01","1.01","0.01","0.01","0.01","0.01","0.01","0.175","0.13774193548387098","0.7847826086956522","0.17779661016949153","0.12745762711864408","0.505"
"0","0.7165882352941176","0.23129411764705884","0.9844705882352941","0.6971764705882353","0.01","0.01","0.01","0.01","0.01","1.01","0.01","0.175","0.13774193548387098","0.7847826086956522","0.17779661016949153","0.12745762711864408","0.505"
"2","0.7204705882352941","0.17305882352941176","0.7127058823529412","0.8835294117647059","0.01","0.01","0.01","1.01","0.01","0.01","0.01","0.175","0.13774193548387098","0.7847826086956522","0.17779661016949153","0.12745762711864408","0.505"
"8","0.09152941176470587","0.8563529411764705","0.7864705882352941","0.49529411764705883","0.01","1.01","0.01","0.01","0.01","0.01","0.01","0.175","0.13774193548387098","0.7847826086956522","0.17779661016949153","0.12745762711864408","0.505"
"7","0.45647058823529413","0.6544705882352941","0.941764705882353","0.8252941176470587","0.01","0.01","0.01","1.01","0.01","0.01","0.01","0.175","0.13774193548387098","0.7847826086956522","0.17779661016949153","0.12745762711864408","0.505"
"9","0.1575294117647059","0.7825882352941177","0.3128235294117647","0.25070588235294117","0.01","0.01","1.01","0.01","0.01","0.01","0.01","0.175","0.13774193548387098","0.7847826086956522","0.17779661016949153","0.12745762711864408","0.505"
"4","0.6389411764705882","0.13423529411764706","0.48364705882352943","0.20411764705882354","1.01","0.01","0.01","0.01","0.01","0.01","0.01","0.175","0.13774193548387098","0.7847826086956522","0.17779661016949153","0.12745762711864408","0.505"
"0","0.4487058823529412","0.4409411764705882","0.49529411764705883","0.5108235294117647","0.01","1.01","0.01","0.01","0.01","0.01","0.01","0.175","0.13774193548387098","0.7847826086956522","0.17779661016949153","0.12745762711864408","0.505"
"7","0.6234117647058823","0.9378823529411765","0.3283529411764706","0.14976470588235294","0.01","0.01","0.01","1.01","0.01","0.01","0.01","0.175","0.13774193548387098","0.7847826086956522","0.17779661016949153","0.12745762711864408","0.505"
"7","0.8757647058823529","0.6001176470588235","0.23129411764705884","0.0371764705882353","0.01","0.01","0.01","1.01","0.01","0.01","0.01","0.175","0.13774193548387098","0.7847826086956522","0.17779661016949153","0.12745762711864408","0.505"
"6","0.05270588235294118","0.4681176470588236","0.7592941176470588","0.44482352941176473","0.01","1.01","0.01","0.01","0.01","0.01","0.01","0.175","0.13774193548387098","0.7847826086956522","0.17779661016949153","0.12745762711864408","0.505"
"7","0.17305882352941176","0.6467058823529412","0.6117647058823529","0.31670588235294117","0.01","0.01","0.01","0.01","0.01","0.01","1.01","0.175","0.13774193548387098","0.7847826086956522","0.17779661016949153","0.14423728813559322","0.505"
"8","0.09929411764705881","0.9961176470588236","0.6311764705882353","0.6001176470588235","0.01","0.01","0.01","0.01","0.01","0.01","1.01","0.175","0.13774193548387098","0.7847826086956522","0.17779661016949153","0.14423728813559322","0.505"
"4","0.8252941176470587","0.5884705882352942","0.794235294117647","0.2390588235294118","0.01","1.01","0.01","0.01","0.01","0.01","0.01","0.175","0.13774193548387098","0.7847826086956522","0.17779661016949153","0.14423728813559322","0.505"
"8","0.16917647058823532","0.6195294117647059","0.8835294117647059","0.8369411764705883","0.01","0.01","0.01","0.01","1.01","0.01","0.01","0.175","0.13774193548387098","0.7847826086956522","0.17779661016949153","0.14423728813559322","0.505"
"3","0.7321176470588235","0.13811764705882354","0.8874117647058823","0.8912941176470588","0.01","1.01","0.01","0.01","0.01","0.01","0.01","0.175","0.13774193548387098","0.7847826086956522","0.17779661016949153","0.14423728813559322","0.505"
"9","0.4021176470588235","0.5923529411764706","0.9107058823529411","0.3011764705882353","0.01","0.01","0.01","0.01","0.01","0.01","1.01","0.175","0.13774193548387098","0.7847826086956522","0.17779661016949153","0.14423728813559322","0.505"
"8","0.49529411764705883","0.8097647058823529","0.7981176470588235","0.13811764705882354","0.01","0.01","0.01","0.01","0.01","1.01","0.01","0.175","0.13774193548387098","0.7847826086956522","0.17779661016949153","0.14423728813559322","0.505"
"5","0.9650588235294117","0.6855294117647059","0.5923529411764706","0.5807058823529412","1.01","0.01","0.01","0.01","0.01","0.01","0.01","0.175","0.13774193548387098","0.7847826086956522","0.17779661016949153","0.14423728813559322","0.505"
"2","0.17305882352941176","0.27788235294117647","0.1264705882352941","0.3283529411764706","0.01","0.01","0.01","0.01","0.01","1.01","0.01","0.175","0.13774193548387098","0.7847826086956522","0.17779661016949153","0.14423728813559322","0.505"
"4","0.01388235294117647","0.19247058823529414","0.5341176470588236","0.6583529411764706","0.01","1.01","0.01","0.01","0.01","0.01","0.01","0.175","0.13774193548387098","0.7847826086956522","0.17779661016949153","0.14423728813559322","0.505"
"4","0.9922352941176471","0.4370588235294118","0.6078823529411764","0.9456470588235294","0.01","1.01","0.01","0.01","0.01","0.01","0.01","0.175","0.13774193548387098","0.7847826086956522","0.17779661016949153","0.1610169491525424","0.505"
"1","0.6661176470588235","0.49529411764705883","0.6855294117647059","0.2235294117647059","0.01","1.01","0.01","0.01","0.01","0.01","0.01","0.175","0.13774193548387098","0.7847826086956522","0.17779661016949153","0.1610169491525424","0.505"
"0","0.9223529411764705","0.6777647058823529","0.7787058823529412","0.10317647058823529","0.01","0.01","1.01","0.01","0.01","0.01","0.01","0.175","0.13774193548387098","0.7847826086956522","0.17779661016949153","0.1610169491525424","0.505"
"6","0.49917647058823533","0.4137647058823529","0.6156470588235294","0.8369411764705883","1.01","0.01","0.01","0.01","0.01","0.01","0.01","0.175","0.13774193548387098","0.7847826086956522","0.17779661016949153","0.1610169491525424","0.505"
"8","0.5612941176470588","0.02164705882352941","0.3788235294117647","0.794235294117647","0.01","0.01","1.01","0.01","0.01","0.01","0.01","0.175","0.13774193548387098","0.7847826086956522","0.17779661016949153","0.1610169491525424","0.505"
"7","0.4292941176470588","0.7981176470588235","0.47200000000000003","0.7282352941176471","0.01","0.01","0.01","0.01","1.01","0.01","0.01","0.175","0.13774193548387098","0.7847826086956522","0.17779661016949153","0.1610169491525424","0.505"
"5","0.3865882352941176","0.7398823529411765","0.42152941176470593","0.6777647058823529","1.01","0.01","0.01","0.01","0.01","0.01","0.01","0.175","0.13774193548387098","0.7847826086956522","0.17779661016949153","0.1610169491525424","0.505"
"5","0.6117647058823529","0.9689411764705882","0.8291764705882353","0.3361176470588235","0.01","0.01","0.01","0.01","0.01","1.01","0.01","0.175","0.13774193548387098","0.7847826086956522","0.17779661016949153","0.1610169491525424","0.505"
"6","0.7748235294117647","0.6117647058823529","0.49529411764705883","0.11094117647058822","0.01","0.01","0.01","0.01","1.01","0.01","0.01","0.175","0.13774193548387098","0.7847826086956522","0.17779661016949153","0.1610169491525424","0.505"
"1","0.8874117647058823","0.4914117647058823","0.3749411764705883","0.5185882352941176","1.01","0.01","0.01","0.01","0.01","0.01","0.01","0.175","0.13774193548387098","0.7847826086956522","0.17779661016949153","0.1610169491525424","0.505"
"4","0.47200000000000003","0.05270588235294118","0.5263529411764706","0.406","0.01","0.01","0.01","1.01","0.01","0.01","0.01","0.175","0.13774193548387098","0.7847826086956522","0.17779661016949153","0.17779661016949153","0.505"
"2","0.5224705882352941","0.9068235294117647","0.11870588235294117","0.8563529411764705","1.01","0.01","0.01","0.01","0.01","0.01","0.01","0.175","0.13774193548387098","0.7847826086956522","0.17779661016949153","0.17779661016949153","0.505"
"3","0.8214117647058823","0.3982352941176471","0.3827058823529412","0.3011764705882353","0.01","1.01","0.01","0.01","0.01","0.01","0.01","0.175","0.13774193548387098","0.7847826086956522","0.17779661016949153","0.17779661016949153","0.505"
"9","0.9650588235294117","0.9456470588235294","0.5962352941176471","0.47200000000000003","0.01","0.01","0.01","0.01","0.01","0.01","1.01","0.175","0.13774193548387098","0.7847826086956522","0.17779661016949153","0.17779661016949153","0.505"
"2","0.7127058823529412","0.08376470588235294","0.6389411764705882","0.4409411764705882","0.01","0.01","0.01","0.01","0.01","0.01","1.01","0.175","0.13774193548387098","0.7847826086956522","0.17779661016949153","0.17779661016949153","0.505"
"2","0.4487058823529412","0.4137647058823529","0.025529411764705884","0.7049411764705882","0.01","0.01","1.01","0.01","0.01","0.01","0.01","0.175","0.13774193548387098","0.7847826086956522","0.17779661016949153","0.17779661016949153","0.505"
"1","0.7165882352941176","0.8097647058823529","0.5612941176470588","0.9029411764705882","0.01","0.01","0.01","1.01","0.01","0.01","0.01","0.175","0.13774193548387098","0.7847826086956522","0.17779661016949153","0.17779661016949153","0.505"
"8","0.2584705882352941","0.9262352941176472","0.06823529411764706","0.1963529411764706","0.01","0.01","1.01","0.01","0.01","0.01","0.01","0.175","0.13774193548387098","0.7847826086956522","0.17779661016949153","0.17779661016949153","0.505"
"1","0.5535294117647059","0.7554117647058823","0.918470588235294","0.6117647058823529","0.01","1.01","0.01","0.01","0.01","0.01","0.01","0.175","0.13774193548387098","0.7847826086956522","0.17779661016949153","0.17779661016949153","0.505"
"7","0.1264705882352941","0.8136470588235294","0.9534117647058823","0.30505882352941177","1.01","0.01","0.01","0.01","0.01","0.01","0.01","0.175","0.13774193548387098","0.7847826086956522","0.17779661016949153","0.1945762711864407","0.505"
"8","0.21964705882352942","0.7282352941176471","0.09929411764705881","0.6156470588235294","0.01","1.01","0.01","0.01","0.01","0.01","0.01","0.175","0.13774193548387098","0.7847826086956522","0.17779661016949153","0.1945762711864407","0.505"
"9","0.33999999999999997","0.45647058823529413","0.934","0.8058823529411765","0.01","0.01","0.01","1.01","0.01","0.01","0.01","0.175","0.13774193548387098","0.7847826086956522","0.17779661016949153","0.1945762711864407","0.505"
"7","0.8563529411764705","0.1575294117647059","0.6156470588235294","0.3749411764705883","0.01","0.01","0.01","0.01","0.01","1.01","0.01","0.175","0.13774193548387098","0.7847826086956522","0.17779661016949153","0.1945762711864407","0.505"
"8","0.9572941176470589","0.3438823529411765","0.4487058823529412","0.5302352941176471","0.01","0.01","0.01","0.01","1.01","0.01","0.01","0.175","0.13774193548387098","0.7847826086956522","0.17779661016949153","0.1945762711864407","0.505"
"5","0.6234117647058823","0.5302352941176471","0.6583529411764706","0.9456470588235294","0.01","0.01","0.01","0.01","1.01","0.01","0.01","0.175","0.13774193548387098","0.7847826086956522","0.17779661016949153","0.1945762711864407","0.505"
"7","0.8524705882352941","0.9029411764705882","0.05270588235294118","0.4098823529411765","1.01","0.01","0.01","0.01","0.01","0.01","0.01","0.175","0.13774193548387098","0.7847826086956522","0.17779661016949153","0.1945762711864407","0.505"
"4","0.6855294117647059","0.5108235294117647","0.7476470588235294","0.934","1.01","0.01","0.01","0.01","0.01","0.01","0.01","0.175","0.13774193548387098","0.7847826086956522","0.17779661016949153","0.1945762711864407","0.505"
"7","0.42152941176470593","0.8058823529411765","0.24294117647058824","0.9145882352941176","0.01","0.01","0.01","0.01","1.01","0.01","0.01","0.175","0.13774193548387098","0.7847826086956522","0.17779661016949153","0.1945762711864407","0.505"
"8","0.4875294117647059","0.3632941176470588","0.7243529411764705","0.15364705882352944","1.01","0.01","0.01","0.01","0.01","0.01","0.01","0.175","0.13774193548387098","0.7847826086956522","0.17779661016949153","0.21135593220338986","0.505"
"4","0.5574117647058824","0.5302352941176471","0.5069411764705882","0.3749411764705883","0.01","0.01","0.01","1.01","0.01","0.01","0.01","0.175","0.13774193548387098","0.7847826086956522","0.17779661016949153","0.21135593220338986","0.505"
"7","0.25458823529411767","0.2972941176470589","0.5923529411764706","0.8835294117647059","0.01","0.01","0.01","0.01","0.01","0.01","1.01","0.175","0.13774193548387098","0.7847826086956522","0.17779661016949153","0.21135593220338986","0.505"
"2","0.860235294117647","0.8718823529411764","0.1264705882352941","0.8951764705882354","0.01","0.01","0.01","0.01","1.01","0.01","0.01","0.175","0.13774193548387098","0.7847826086956522","0.17779661016949153","0.21135593220338986","0.505"
"2","0.8951764705882354","0.07211764705882352","0.5185882352941176","0.9107058823529411","0.01","0.01","0.01","1.01","0.01","0.01","0.01","0.175","0.13774193548387098","0.7847826086956522","0.17779661016949153","0.21135593220338986","0.505"
"9","0.5108235294117647","0.5263529411764706","0.41764705882352937","0.5185882352941176","0.01","0.01","0.01","0.01","1.01","0.01","0.01","0.175","0.13774193548387098","0.7847826086956522","0.17779661016949153","0.21135593220338986","0.505"
"5","0.33999999999999997","0.5729411764705882","0.8835294117647059","0.28952941176470587","0.01","0.01","0.01","0.01","0.01","1.01","0.01","0.175","0.13774193548387098","0.7847826086956522","0.17779661016949153","0.21135593220338986","0.505"
"3","0.2701176470588236","0.025529411764705884","0.27788235294117647","0.6350588235294118","0.01","0.01","0.01","0.01","0.01","1.01","0.01","0.175","0.13774193548387098","0.7847826086956522","0.17779661016949153","0.21135593220338986","0.505"
"2","0.2351764705882353","0.1264705882352941","0.9922352941176471","0.9611764705882353","1.01","0.01","0.01","0.01","0.01","0.01","0.01","0.175","0.13774193548387098","0.7847826086956522","0.17779661016949153","0.228135593220339","0.505"
"2","0.42152941176470593","0.3710588235294118","0.6855294117647059","0.6156470588235294","1.01","0.01","0.01","0.01","0.01","0.01","0.01","0.175","0.13774193548387098","0.7847826086956522","0.17779661016949153","0.228135593220339","0.505"
"6","0.4409411764705882","0.8175294117647058","0.9961176470588236","0.4370588235294118","0.01","0.01","0.01","1.01","0.01","0.01","0.01","0.175","0.13774193548387098","0.7847826086956522","0.17779661016949153","0.228135593220339","0.505"
"8","0.6505882352941177","0.6117647058823529","0.281764705882353","0.06435294117647058","0.01","1.01","0.01","0.01","0.01","0.01","0.01","0.175","0.13774193548387098","0.7847826086956522","0.17779661016949153","0.228135593220339","0.505"
"9","0.13423529411764706","0.3749411764705883","0.4098823529411765","0.464235294117647","0.01","0.01","0.01","0.01","1.01","0.01","0.01","0.175","0.13774193548387098","0.7847826086956522","0.17779661016949153","0.228135593220339","0.505"
"8","0.4021176470588235","0.3632941176470588","0.01388235294117647","0.802","0.01","0.01","0.01","1.01","0.01","0.01","0.01","0.175","0.13774193548387098","0.7847826086956522","0.17779661016949153","0.228135593220339","0.505"
"6","0.7515294117647059","0.11094117647058822","0.30505882352941177","0.6389411764705882","0.01","1.01","0.01","0.01","0.01","0.01","0.01","0.175","0.13774193548387098","0.7847826086956522","0.17779661016949153","0.228135593220339","0.505"
"2","0.8641176470588235","0.9223529411764705","0.029411764705882353","0.6311764705882353","1.01","0.01","0.01","0.01","0.01","0.01","0.01","0.175","0.13774193548387098","0.7847826086956522","0.17779661016949153","0.228135593220339","0.505"
"4","0.076","0.14976470588235294","0.01","0.9844705882352941","0.01","0.01","0.01","0.01","0.01","0.01","1.01","0.175","0.13774193548387098","0.7847826086956522","0.17779661016949153","0.228135593220339","0.505"
"5","0.918470588235294","0.2701176470588236","0.6389411764705882","0.8175294117647058","0.01","0.01","0.01","0.01","1.01","0.01","0.01","0.175","0.13774193548387098","0.7847826086956522","0.17779661016949153","0.228135593220339","0.505"
"4","0.9495294117647058","0.14976470588235294","0.662235294117647","0.8058823529411765","1.01","0.01","0.01","0.01","0.01","0.01","0.01","0.175","0.13774193548387098","0.7847826086956522","0.17779661016949153","0.228135593220339","0.505"
"8","0.26623529411764707","0.5185882352941176","0.5496470588235294","0.7903529411764706","0.01","0.01","0.01","1.01","0.01","0.01","0.01","0.175","0.13774193548387098","0.7847826086956522","0.17779661016949153","0.228135593220339","0.505"
"0","0.8757647058823529","0.7864705882352941","0.6738823529411764","0.6738823529411764","0.01","1.01","0.01","0.01","0.01","0.01","0.01","0.175","0.13774193548387098","0.7847826086956522","0.17779661016949153","0.24491525423728816","0.505"
"2","0.3594117647058824","0.22741176470588237","0.3011764705882353","0.21188235294117647","0.01","1.01","0.01","0.01","0.01","0.01","0.01","0.175","0.13774193548387098","0.7847826086956522","0.17779661016949153","0.24491525423728816","0.505"
"9","0.6855294117647059","0.42152941176470593","0.9805882352941176","0.4487058823529412","0.01","0.01","0.01","0.01","0.01","1.01","0.01","0.175","0.13774193548387098","0.7847826086956522","0.17779661016949153","0.24491525423728816","0.505"
"1","0.8912941176470588","0.6467058823529412","0.406","0.7864705882352941","0.01","0.01","0.01","0.01","0.01","0.01","1.01","0.175","0.13774193548387098","0.7847826086956522","0.17779661016949153","0.24491525423728816","0.505"
"8","0.7709411764705882","0.8524705882352941","0.23129411764705884","0.8990588235294118","0.01","0.01","1.01","0.01","0.01","0.01","0.01","0.175","0.13774193548387098","0.7847826086956522","0.17779661016949153","0.24491525423728816","0.505"
"9","0.16529411764705884","0.7165882352941176","0.5768235294117646","0.12258823529411764","0.01","0.01","0.01","1.01","0.01","0.01","0.01","0.175","0.13774193548387098","0.7847826086956522","0.17779661016949153","0.24491525423728816","0.505"
"3","0.029411764705882353","0.17694117647058824","0.9145882352941176","0.7398823529411765","0.01","0.01","0.01","0.01","1.01","0.01","0.01","0.175","0.13774193548387098","0.7847826086956522","0.17779661016949153","0.24491525423728816","0.505"
"1","0.1458823529411765","0.464235294117647","0.274","0.6001176470588235","0.01","0.01","0.01","1.01","0.01","0.01","0.01","0.175","0.13774193548387098","0.7847826086956522","0.17779661016949153","0.24491525423728816","0.505"
"4","0.6428235294117647","0.4875294117647059","0.6272941176470588","0.918470588235294","1.01","0.01","0.01","0.01","0.01","0.01","0.01","0.175","0.13774193548387098","0.7847826086956522","0.17779661016949153","0.24491525423728816","0.505"
"8","0.8408235294117647","0.9844705882352941","0.4875294117647059","0.5147058823529411","0.01","0.01","0.01","0.01","0.01","0.01","1.01","0.175","0.13774193548387098","0.7847826086956522","0.17779661016949153","0.24491525423728816","0.505"
"8","0.22741176470588237","0.8447058823529412","0.9301176470588236","0.4370588235294118","0.01","0.01","1.01","0.01","0.01","0.01","0.01","0.175","0.13774193548387098","0.7847826086956522","0.17779661016949153","0.26169491525423727","0.505"
"4","0.05658823529411765","0.4914117647058823","0.20800000000000002","0.9145882352941176","0.01","1.01","0.01","0.01","0.01","0.01","0.01","0.175","0.13774193548387098","0.7847826086956522","0.17779661016949153","0.26169491525423727","0.505"
"2","0.9805882352941176","0.5768235294117646","0.5457647058823529","0.029411764705882353","0.01","1.01","0.01","0.01","0.01","0.01","0.01","0.175","0.13774193548387098","0.7847826086956522","0.17779661016949153","0.26169491525423727","0.505"
"3","0.36717647058823527","0.14976470588235294","0.6894117647058824","0.39435294117647063","1.01","0.01","0.01","0.01","0.01","0.01","0.01","0.175","0.13774193548387098","0.7847826086956522","0.17779661016949153","0.26169491525423727","0.505"
"4","0.6350588235294118","0.3594117647058824","0.662235294117647","0.8718823529411764","0.01","0.01","1.01","0.01","0.01","0.01","0.01","0.175","0.13774193548387098","0.7847826086956522","0.17779661016949153","0.26169491525423727","0.505"
"9","0.281764705882353","0.2934117647058823","0.6195294117647059","0.01388235294117647","0.01","0.01","0.01","0.01","0.01","0.01","1.01","0.175","0.13774193548387098","0.7847826086956522","0.17779661016949153","0.26169491525423727","0.505"
"9","0.4914117647058823","0.41764705882352937","0.2856470588235294","0.26235294117647057","0.01","1.01","0.01","0.01","0.01","0.01","0.01","0.175","0.13774193548387098","0.7847826086956522","0.17779661016949153","0.26169491525423727","0.505"
"3","0.9767058823529412","0.8951764705882354","0.802","0.21188235294117647","0.01","0.01","0.01","0.01","0.01","0.01","1.01","0.175","0.13774193548387098","0.7847826086956522","0.17779661016949153","0.26169491525423727","0.505"
"6","0.11870588235294117","0.41764705882352937","0.18858823529411764","0.06435294117647058","0.01","0.01","0.01","1.01","0.01","0.01","0.01","0.175","0.13774193548387098","0.7847826086956522","0.17779661016949153","0.26169491525423727","0.505"
"9","0.5574117647058824","0.802","0.860235294117647","0.1575294117647059","0.01","0.01","0.01","0.01","0.01","0.01","1.01","0.175","0.13774193548387098","0.7847826086956522","0.17779661016949153","0.26169491525423727","0.505"
"7","0.8097647058823529","0.4797647058823529","0.5923529411764706","0.44482352941176473","0.01","0.01","0.01","0.01","0.01","0.01","1.01","0.175","0.13774193548387098","0.7847826086956522","0.17779661016949153","0.27847457627118644","0.505"
"6","0.8136470588235294","0.7825882352941177","0.5069411764705882","0.3361176470588235","0.01","0.01","0.01","0.01","0.01","0.01","1.01","0.175","0.13774193548387098","0.7847826086956522","0.17779661016949153","0.27847457627118644","0.505"
"0","0.24682352941176472","0.2972941176470589","0.20800000000000002","0.464235294117647","0.01","0.01","1.01","0.01","0.01","0.01","0.01","0.175","0.13774193548387098","0.7847826086956522","0.17779661016949153","0.27847457627118644","0.505"
"8","0.5807058823529412","0.6428235294117647","0.03329411764705882","0.6078823529411764","1.01","0.01","0.01","0.01","0.01","0.01","0.01","0.175","0.13774193548387098","0.7847826086956522","0.17779661016949153","0.27847457627118644","0.505"
"6","0.6311764705882353","0.8252941176470587","0.3904705882352941","0.15364705882352944","0.01","0.01","0.01","0.01","0.01","0.01","1.01","0.175","0.13774193548387098","0.7847826086956522","0.17779661016949153","0.27847457627118644","0.505"
"2","0.6971764705882353","0.7592941176470588","0.5418823529411765","0.5147058823529411","0.01","0.01","0.01","0.01","0.01","1.01","0.01","0.175","0.13774193548387098","0.7847826086956522","0.17779661016949153","0.27847457627118644","0.505"
"0","0.42152941176470593","0.5069411764705882","0.1575294117647059","0.3205882352941177","0.01","0.01","0.01","0.01","0.01","0.01","1.01","0.175","0.13774193548387098","0.7847826086956522","0.17779661016949153","0.27847457627118644","0.505"
"8","0.3982352941176471","0.5108235294117647","0.4331764705882353","0.05270588235294118","0.01","0.01","0.01","0.01","1.01","0.01","0.01","0.175","0.13774193548387098","0.7847826086956522","0.17779661016949153","0.27847457627118644","0.505"
"2","0.24294117647058824","0.4603529411764706","0.3982352941176471","0.9029411764705882","1.01","0.01","0.01","0.01","0.01","0.01","0.01","0.175","0.13774193548387098","0.7847826086956522","0.17779661016949153","0.27847457627118644","0.505"
"9","0.7010588235294117","0.5962352941176471","0.7010588235294117","0.6544705882352941","0.01","1.01","0.01","0.01","0.01","0.01","0.01","0.175","0.13774193548387098","0.7847826086956522","0.17779661016949153","0.27847457627118644","0.505"
"1","0.6117647058823529","1.0","0.26235294117647057","0.868","1.01","0.01","0.01","0.01","0.01","0.01","0.01","0.175","0.13774193548387098","0.7847826086956522","0.17779661016949153","0.2952542372881356","0.505"
"3","0.5962352941176471","0.2235294117647059","0.4875294117647059","0.04882352941176471","1.01","0.01","0.01","0.01","0.01","0.01","0.01","0.175","0.13774193548387098","0.7847826086956522","0.17779661016949153","0.2952542372881356","0.505"
"9","0.3205882352941177","0.9145882352941176","0.7981176470588235","0.868","0.01","0.01","0.01","0.01","1.01","0.01","0.01","0.175","0.13774193548387098","0.7847826086956522","0.17779661016949153","0.2952542372881356","0.505"
"4","0.6467058823529412","0.860235294117647","0.8912941176470588","0.3205882352941177","0.01","1.01","0.01","0.01","0.01","0.01","0.01","0.175","0.13774193548387098","0.7847826086956522","0.17779661016949153","0.2952542372881356","0.505"
"3","0.8175294117647058","0.6156470588235294","0.4487058823529412","0.6583529411764706","0.01","0.01","0.01","0.01","0.01","1.01","0.01","0.175","0.13774193548387098","0.7847826086956522","0.17779661016949153","0.2952542372881356","0.505"
"0","0.8097647058823529","0.4487058823529412","0.1458823529411765","0.09152941176470587","0.01","0.01","0.01","0.01","1.01","0.01","0.01","0.175","0.13774193548387098","0.7847826086956522","0.17779661016949153","0.2952542372881356","0.505"
"0","0.7088235294117647","0.7088235294117647","0.9223529411764705","0.1963529411764706","0.01","0.01","0.01","0.01","0.01","1.01","0.01","0.175","0.13774193548387098","0.7847826086956522","0.17779661016949153","0.2952542372881356","0.505"
"0","0.6117647058823529","0.8951764705882354","0.9068235294117647","0.26623529411764707","0.01","0.01","0.01","0.01","0.01","1.01","0.01","0.175","0.13774193548387098","0.7847826086956522","0.17779661016949153","0.2952542372881356","0.505"
"7","0.9107058823529411","0.538","0.6894117647058824","0.9495294117647058","0.01","0.01","1.01","0.01","0.01","0.01","0.01","0.175","0.13774193548387098","0.7847826086956522","0.17779661016949153","0.2952542372881356","0.505"
"8","0.26623529411764707","0.5457647058823529","0.9728235294117646","0.5457647058823529","1.01","0.01","0.01","0.01","0.01","0.01","0.01","0.175","0.13774193548387098","0.7847826086956522","0.17779661016949153","0.2952542372881356","0.505"
"2","0.281764705882353","0.3089411764705882","0.06435294117647058","0.49529411764705883","0.01","0.01","0.01","0.01","0.01","1.01","0.01","0.175","0.13774193548387098","0.7847826086956522","0.17779661016949153","0.31203389830508477","0.505"
"4","0.7321176470588235","0.4758823529411765","0.5108235294117647","0.9495294117647058","0.01","0.01","0.01","0.01","0.01","0.01","1.01","0.175","0.13774193548387098","0.7847826086956522","0.17779661016949153","0.31203389830508477","0.505"
"5","0.5690588235294117","0.1264705882352941","0.8369411764705883","0.49917647058823533","1.01","0.01","0.01","0.01","0.01","0.01","0.01","0.175","0.13774193548387098","0.7847826086956522","0.17779661016949153","0.31203389830508477","0.505"
"7","0.06435294117647058","0.9068235294117647","0.01","0.01","0.01","0.01","0.01","0.01","0.01","0.01","1.01","0.175","0.13774193548387098","0.7847826086956522","0.17779661016949153","0.31203389830508477","0.505"
"6","0.6467058823529412","0.06823529411764706","0.406","0.4487058823529412","1.01","0.01","0.01","0.01","0.01","0.01","0.01","0.175","0.13774193548387098","0.7847826086956522","0.17779661016949153","0.31203389830508477","0.505"
"6","0.6001176470588235","0.7631764705882352","0.1847058823529412","0.7127058823529412","0.01","1.01","0.01","0.01","0.01","0.01","0.01","0.175","0.13774193548387098","0.7847826086956522","0.17779661016949153","0.31203389830508477","0.505"
"0","0.941764705882353","0.9029411764705882","0.5807058823529412","0.4681176470588236","0.01","0.01","0.01","0.01","0.01","1.01","0.01","0.175","0.13774193548387098","0.7847826086956522","0.17779661016949153","0.31203389830508477","0.505"
"3","0.3827058823529412","0.5302352941176471","0.3089411764705882","0.347764705882353","0.01","0.01","1.01","0.01","0.01","0.01","0.01","0.175","0.13774193548387098","0.7847826086956522","0.17779661016949153","0.31203389830508477","0.505"
"4","0.4409411764705882","0.12258823529411764","0.6428235294117647","0.5807058823529412","0.01","1.01","0.01","0.01","0.01","0.01","0.01","0.175","0.13774193548387098","0.7847826086956522","0.17779661016949153","0.31203389830508477","0.505"
"1","0.3516470588235294","0.02164705882352941","0.01","0.736","0.01","0.01","0.01","0.01","1.01","0.01","0.01","0.175","0.13774193548387098","0.7847826086956522","0.17779661016949153","0.31203389830508477","0.505"
"6","0.9728235294117646","0.9301176470588236","0.49529411764705883","0.20411764705882354","0.01","1.01","0.01","0.01","0.01","0.01","0.01","0.175","0.13774193548387098","0.7847826086956522","0.17779661016949153","0.31203389830508477","0.505"
"6","0.20411764705882354","0.2235294117647059","0.7864705882352941","0.8408235294117647","0.01","0.01","1.01","0.01","0.01","0.01","0.01","0.175","0.13774193548387098","0.7847826086956522","0.17779661016949153","0.3288135593220339","0.505"
"7","0.23129411764705884","0.4098823529411765","0.5690588235294117","0.03329411764705882","0.01","0.01","0.01","0.01","0.01","0.01","1.01","0.175","0.13774193548387098","0.7847826086956522","0.17779661016949153","0.3288135593220339","0.505"
"0","0.4370588235294118","0.9223529411764705","0.1148235294117647","0.9611764705882353","0.01","0.01","0.01","1.01","0.01","0.01","0.01","0.175","0.13774193548387098","0.7847826086956522","0.17779661016949153","0.3288135593220339","0.505"
"4","0.9495294117647058","0.7321176470588235","0.7282352941176471","0.7049411764705882","0.01","0.01","1.01","0.01","0.01","0.01","0.01","0.175","0.13774193548387098","0.7847826086956522","0.17779661016949153","0.3288135593220339","0.505"
"2","0.6078823529411764","0.5962352941176471","0.3904705882352941","0.9767058823529412","0.01","0.01","0.01","0.01","1.01","0.01","0.01","0.175","0.13774193548387098","0.7847826086956522","0.17779661016949153","0.3288135593220339","0.505"
"3","0.6777647058823529","0.9961176470588236","0.15364705882352944","0.25458823529411767","1.01","0.01","0.01","0.01","0.01","0.01","0.01","0.175","0.13774193548387098","0.7847826086956522","0.17779661016949153","0.3288135593220339","0.505"
"0","0.3283529411764706","0.45647058823529413","0.27788235294117647","0.3749411764705883","0.01","1.01","0.01","0.01","0.01","0.01","0.01","0.175","0.13774193548387098","0.7847826086956522","0.17779661016949153","0.3288135593220339","0.505"
"3","0.3089411764705882","0.9767058823529412","0.3244705882352941","0.281764705882353","1.01","0.01","0.01","0.01","0.01","0.01","0.01","0.175","0.13774193548387098","0.7847826086956522","0.17779661016949153","0.3288135593220339","0.505"
"1","0.8990588235294118","0.5768235294117646","0.6272941176470588","0.4603529411764706","0.01","0.01","1.01","0.01","0.01","0.01","0.01","0.175","0.13774193548387098","0.7847826086956522","0.17779661016949153","0.3288135593220339","0.505"
"0","0.281764705882353","0.27788235294117647","0.9805882352941176","0.5457647058823529","1.01","0.01","0.01","0.01","0.01","0.01","0.01","0.175","0.13774193548387098","0.7847826086956522","0.17779661016949153","0.3288135593220339","0.505"
"3","0.14200000000000002","0.8447058823529412","0.6932941176470588","0.41764705882352937","0.01","1.01","0.01","0.01","0.01","0.01","0.01","0.175","0.13774193548387098","0.7847826086956522","0.17779661016949153","0.3288135593220339","0.505"
"2","0.7787058823529412","0.9728235294117646","0.8874117647058823","0.3283529411764706","0.01","0.01","0.01","0.01","0.01","0.01","1.01","0.175","0.13774193548387098","0.7847826086956522","0.17779661016949153","0.3288135593220339","0.505"
"4","0.02164705882352941","0.5690588235294117","0.1458823529411765","0.3361176470588235","0.01","0.01","0.01","0.01","1.01","0.01","0.01","0.175","0.13774193548387098","0.7847826086956522","0.17779661016949153","0.34559322033898304","0.505"
"3","0.9572941176470589","0.6661176470588235","0.09929411764705881","0.05658823529411765","0.01","1.01","0.01","0.01","0.01","0.01","0.01","0.175","0.13774193548387098","0.7847826086956522","0.17779661016949153","0.34559322033898304","0.505"
"0","0.7825882352941177","0.9611764705882353","0.7282352941176471","0.060470588235294116","0.01","1.01","0.01","0.01","0.01","0.01","0.01","0.175","0.13774193548387098","0.7847826086956522","0.17779661016949153","0.34559322033898304","0.505"
"4","0.09152941176470587","0.7476470588235294","0.16141176470588237","0.2856470588235294","0.01","0.01","0.01","0.01","0.01","1.01","0.01","0.175","0.13774193548387098","0.7847826086956522","0.17779661016949153","0.34559322033898304","0.505"
"7","0.08376470588235294","0.47200000000000003","0.8058823529411765","0.1575294117647059","0.01","0.01","0.01","0.01","1.01","0.01","0.01","0.175","0.13774193548387098","0.7847826086956522","0.17779661016949153","0.34559322033898304","0.505"
"7","0.4603529411764706","0.06435294117647058","0.8990588235294118","0.4525882352941177","0.01","0.01","0.01","0.01","0.01","0.01","1.01","0.175","0.13774193548387098","0.7847826086956522","0.17779661016949153","0.34559322033898304","0.505"
"2","0.743764705882353","0.6894117647058824","0.2390588235294118","0.06435294117647058","0.01","0.01","0.01","0.01","1.01","0.01","0.01","0.175","0.13774193548387098","0.7847826086956522","0.17779661016949153","0.34559322033898304","0.505"
"2","0.9378823529411765","0.45647058823529413","0.3865882352941176","0.18858823529411764","0.01","0.01","0.01","0.01","0.01","0.01","1.01","0.175","0.13774193548387098","0.7847826086956522","0.17779661016949153","0.34559322033898304","0.505"
"1","0.4021176470588235","0.6738823529411764","0.12258823529411764","0.8291764705882353","0.01","0.01","0.01","0.01","1.01","0.01","0.01","0.175","0.13774193548387098","0.7847826086956522","0.17779661016949153","0.34559322033898304","0.505"
"0","1.0","0.1264705882352941","0.025529411764705884","0.8447058823529412","0.01","0.01","0.01","0.01","1.01","0.01","0.01","0.175","0.13774193548387098","0.7847826086956522","0.17779661016949153","0.34559322033898304","0.505"
"2","0.3283529411764706","0.7631764705882352","0.6661176470588235","0.7321176470588235","1.01","0.01","0.01","0.01","0.01","0.01","0.01","0.175","0.13774193548387098","0.7847826086956522","0.17779661016949153","0.3623728813559322","0.505"
"6","0.9145882352941176","0.09929411764705881","0.5418823529411765","0.9495294117647058","0.01","0.01","0.01","0.01","0.01","0.01","1.01","0.175","0.13774193548387098","0.7847826086956522","0.17779661016949153","0.3623728813559322","0.505"
"0","0.06823529411764706","0.662235294117647","0.9378823529411765","0.5807058823529412","0.01","0.01","0.01","0.01","0.01","0.01","1.01","0.175","0.13774193548387098","0.7847826086956522","0.17779661016949153","0.3623728813559322","0.505"
"3","0.5690588235294117","0.7748235294117647","0.7515294117647059","0.6195294117647059","1.01","0.01","0.01","0.01","0.01","0.01","0.01","0.175","0.13774193548387098","0.7847826086956522","0.17779661016949153","0.3623728813559322","0.505"
"3","0.9611764705882353","0.802","0.5341176470588236","0.736","0.01","1.01","0.01","0.01","0.01","0.01","0.01","0.175","0.13774193548387098","0.7847826086956522","0.17779661016949153","0.3623728813559322","0.505"
"4","0.3283529411764706","0.45647058823529413","0.3749411764705883","0.6894117647058824","0.01","0.01","1.01","0.01","0.01","0.01","0.01","0.175","0.13774193548387098","0.7847826086956522","0.17779661016949153","0.3623728813559322","0.505"
"6","0.3904705882352941","0.076","0.05658823529411765","0.8485882352941176","1.01","0.01","0.01","0.01","0.01","0.01","0.01","0.175","0.13774193548387098","0.7847826086956522","0.17779661016949153","0.3623728813559322","0.505"
"7","0.5224705882352941","0.538","0.41764705882352937","0.7282352941176471","0.01","0.01","0.01","0.01","1.01","0.01","0.01","0.175","0.13774193548387098","0.7847826086956522","0.17779661016949153","0.3623728813559322","0.505"
"9","0.10705882352941176","0.13423529411764706","0.6272941176470588","0.8641176470588235","0.01","0.01","0.01","1.01","0.01","0.01","0.01","0.175","0.13774193548387098","0.7847826086956522","0.17779661016949153","0.3623728813559322","0.505"
"0","0.8563529411764705","0.10317647058823529","0.39435294117647063","0.794235294117647","0.01","0.01","1.01","0.01","0.01","0.01","0.01","0.175","0.13774193548387098","0.7847826086956522","0.17779661016949153","0.3623728813559322","0.505"
"8","0.9068235294117647","0.7787058823529412","0.0371764705882353","0.8757647058823529","0.01","1.01","0.01","0.01","0.01","0.01","0.01","0.175","0.13774193548387098","0.7847826086956522","0.17779661016949153","0.3623728813559322","0.505"
"1","0.02164705882352941","0.03329411764705882","0.860235294117647","0.6272941176470588","0.01","0.01","0.01","0.01","0.01","0.01","1.01","0.175","0.13774193548387098","0.7847826086956522","0.17779661016949153","0.3791525423728814","0.505"
"4","0.7398823529411765","0.3438823529411765","0.029411764705882353","0.6428235294117647","0.01","0.01","0.01","0.01","0.01","1.01","0.01","0.175","0.13774193548387098","0.7847826086956522","0.17779661016949153","0.3791525423728814","0.505"
"2","0.4797647058823529","0.6389411764705882","0.6971764705882353","0.604","0.01","0.01","0.01","0.01","1.01","0.01","0.01","0.175","0.13774193548387098","0.7847826086956522","0.17779661016949153","0.3791525423728814","0.505"
"4","0.3632941176470588","0.26235294117647057","0.5690588235294117","0.08376470588235294","0.01","0.01","0.01","0.01","0.01","1.01","0.01","0.175","0.13774193548387098","0.7847826086956522","0.17779661016949153","0.3791525423728814","0.505"
"0","0.30505882352941177","0.9767058823529412","0.6932941176470588","0.16529411764705884","0.01","0.01","0.01","0.01","0.01","1.01","0.01","0.175","0.13774193548387098","0.7847826086956522","0.17779661016949153","0.3791525423728814","0.505"
"1","0.2972941176470589","0.26235294117647057","0.7670588235294117","0.8641176470588235","0.01","0.01","0.01","1.01","0.01","0.01","0.01","0.175","0.13774193548387098","0.7847826086956522","0.17779661016949153","0.3791525423728814","0.505"
"6","0.9456470588235294","0.8796470588235294","0.8136470588235294","0.08376470588235294","0.01","0.01","0.01","0.01","0.01","1.01","0.01","0.175","0.13774193548387098","0.7847826086956522","0.17779661016949153","0.3791525423728814","0.505"
"7","0.2972941176470589","0.47200000000000003","0.20023529411764707","0.025529411764705884","0.01","0.01","0.01","0.01","1.01","0.01","0.01","0.175","0.13774193548387098","0.7847826086956522","0.17779661016949153","0.3791525423728814","0.505"
"6","0.8563529411764705","0.041058823529411766","0.24682352941176472","0.7088235294117647","1.01","0.01","0.01","0.01","0.01","0.01","0.01","0.175","0.13774193548387098","0.7847826086956522","0.17779661016949153","0.3791525423728814","0.505"
"8","0.6738823529411764","0.09929411764705881","0.7787058823529412","0.6894117647058824","0.01","1.01","0.01","0.01","0.01","0.01","0.01","0.175","0.13774193548387098","0.7847826086956522","0.17779661016949153","0.3791525423728814","0.505"
"5","0.16141176470588237","0.4525882352941177","0.3011764705882353","0.18858823529411764","0.01","0.01","0.01","0.01","1.01","0.01","0.01","0.175","0.13774193548387098","0.7847826086956522","0.17779661016949153","0.3791525423728814","0.505"
"8","0.5574117647058824","0.7554117647058823","0.5418823529411765","0.5535294117647059","0.01","0.01","0.01","0.01","1.01","0.01","0.01","0.175","0.13774193548387098","0.7847826086956522","0.17779661016949153","0.39593220338983054","0.505"
"3","0.9029411764705882","0.2351764705882353","0.26623529411764707","0.4875294117647059","0.01","0.01","0.01","0.01","1.01","0.01","0.01","0.175","0.13774193548387098","0.7847826086956522","0.17779661016949153","0.39593220338983054","0.505"
"0","0.3244705882352941","0.7903529411764706","0.10317647058823529","0.4331764705882353","0.01","0.01","0.01","1.01","0.01","0.01","0.01","0.175","0.13774193548387098","0.7847826086956522","0.17779661016949153","0.39593220338983054","0.505"
"8","0.8214117647058823","0.15364705882352944","0.2972941176470589","0.5612941176470588","0.01","0.01","1.01","0.01","0.01","0.01","0.01","0.175","0.13774193548387098","0.7847826086956522","0.17779661016949153","0.39593220338983054","0.505"
"4","0.24682352941176472","0.9767058823529412","0.6272941176470588","0.18082352941176472","0.01","0.01","0.01","1.01","0.01","0.01","0.01","0.175","0.13774193548387098","0.7847826086956522","0.17779661016949153","0.39593220338983054","0.505"
"6","0.01","0.6932941176470588","0.9223529411764705","0.13423529411764706","0.01","0.01","0.01","0.01","0.01","1.01","0.01","0.175","0.13774193548387098","0.7847826086956522","0.17779661016949153","0.39593220338983054","0.505"
"9","0.14976470588235294","0.0371764705882353","0.6816470588235295","0.7981176470588235","0.01","0.01","0.01","1.01","0.01","0.01","0.01","0.175","0.13774193548387098","0.7847826086956522","0.17779661016949153","0.39593220338983054","0.505"
"0","0.24682352941176472","0.464235294117647","0.9961176470588236","0.11094117647058822","1.01","0.01","0.01","0.01","0.01","0.01","0.01","0.175","0.13774193548387098","0.7847826086956522","0.17779661016949153","0.39593220338983054","0.505"
"6","0.14200000000000002","0.5612941176470588","0.8757647058823529","0.860235294117647","0.01","0.01","0.01","1.01","0.01","0.01","0.01","0.175","0.13774193548387098","0.7847826086956522","0.17779661016949153","0.39593220338983054","0.505"
"0","0.6272941176470588","0.4797647058823529","0.9805882352941176","0.20411764705882354","0.01","0.01","0.01","0.01","0.01","0.01","1.01","0.175","0.13774193548387098","0.7847826086956522","0.17779661016949153","0.39593220338983054","0.505"
"9","0.6505882352941177","0.10317647058823529","0.2351764705882353","0.3128235294117647","0.01","0.01","0.01","1.01","0.01","0.01","0.01","0.175","0.13774193548387098","0.7847826086956522","0.17779661016949153","0.39593220338983054","0.505"
"5","0.02164705882352941","0.5690588235294117","0.8641176470588235","0.7825882352941177","0.01","0.01","0.01","1.01","0.01","0.01","0.01","0.175","0.13774193548387098","0.7847826086956522","0.17779661016949153","0.4127118644067797","0.505"
"0","0.5302352941176471","0.8641176470588235","0.7010588235294117","0.8291764705882353","1.01","0.01","0.01","0.01","0.01","0.01","0.01","0.175","0.13774193548387098","0.7847826086956522","0.17779661016949153","0.4127118644067797","0.505"
"2","0.18858823529411764","0.6001176470588235","0.9534117647058823","0.8330588235294119","0.01","0.01","0.01","0.01","0.01","1.01","0.01","0.175","0.13774193548387098","0.7847826086956522","0.17779661016949153","0.4127118644067797","0.505"
"2","0.9844705882352941","0.7127058823529412","0.21964705882352942","0.868","0.01","0.01","0.01","0.01","0.01","1.01","0.01","0.175","0.13774193548387098","0.7847826086956522","0.17779661016949153","0.4127118644067797","0.505"
"0","0.8175294117647058","0.4681176470588236","0.48364705882352943","0.24294117647058824","0.01","1.01","0.01","0.01","0.01","0.01","0.01","0.175","0.13774193548387098","0.7847826086956522","0.17779661016949153","0.4127118644067797","0.505"
"9","0.36717647058823527","0.1303529411764706","0.9728235294117646","0.8097647058823529","0.01","0.01","0.01","0.01","1.01","0.01","0.01","0.175","0.13774193548387098","0.7847826086956522","0.17779661016949153","0.4127118644067797","0.505"
"3","0.7476470588235294","0.347764705882353","0.2701176470588236","0.44482352941176473","1.01","0.01","0.01","0.01","0.01","0.01","0.01","0.175","0.13774193548387098","0.7847826086956522","0.17779661016949153","0.4127118644067797","0.505"
"8","0.8175294117647058","0.01","0.8912941176470588","0.4292941176470588","0.01","0.01","0.01","0.01","0.01","1.01","0.01","0.175","0.13774193548387098","0.7847826086956522","0.17779661016949153","0.4127118644067797","0.505"
"0","0.3904705882352941","0.8136470588235294","0.17305882352941176","0.8641176470588235","0.01","1.01","0.01","0.01","0.01","0.01","0.01","0.175","0.13774193548387098","0.7847826086956522","0.17779661016949153","0.4127118644067797","0.505"
"0","0.25070588235294117","0.743764705882353","0.28952941176470587","0.3904705882352941","0.01","0.01","0.01","0.01","0.01","0.01","1.01","0.175","0.13774193548387098","0.7847826086956522","0.17779661016949153","0.4127118644067797","0.505"
"5","0.30505882352941177","0.16529411764705884","0.3361176470588235","0.8718823529411764","0.01","0.01","0.01","0.01","1.01","0.01","0.01","0.175","0.13774193548387098","0.7847826086956522","0.17779661016949153","0.4127118644067797","0.505"
"3","0.6894117647058824","0.4487058823529412","0.7981176470588235","0.8097647058823529","1.01","0.01","0.01","0.01","0.01","0.01","0.01","0.175","0.13774193548387098","0.7847826086956522","0.17779661016949153","0.4294915254237288","0.505"
"9","0.7127058823529412","0.8369411764705883","0.604","0.868","1.01","0.01","0.01","0.01","0.01","0.01","0.01","0.175","0.13774193548387098","0.7847826086956522","0.17779661016949153","0.4294915254237288","0.505"
"1","0.7592941176470588","0.3361176470588235","0.2235294117647059","0.1847058823529412","0.01","0.01","0.01","0.01","0.01","1.01","0.01","0.175","0.13774193548387098","0.7847826086956522","0.17779661016949153","0.4294915254237288","0.505"
"6","0.10705882352941176","0.4098823529411765","0.3244705882352941","0.42152941176470593","0.01","0.01","0.01","0.01","0.01","0.01","1.01","0.175","0.13774193548387098","0.7847826086956522","0.17779661016949153","0.4294915254237288","0.505"
"5","0.5690588235294117","0.8252941176470587","0.13811764705882354","0.27788235294117647","0.01","1.01","0.01","0.01","0.01","0.01","0.01","0.175","0.13774193548387098","0.7847826086956522","0.17779661016949153","0.4294915254237288","0.505"
"5","0.2856470588235294","0.8252941176470587","0.09541176470588235","0.39435294117647063","0.01","1.01","0.01","0.01","0.01","0.01","0.01","0.175","0.13774193548387098","0.7847826086956522","0.17779661016949153","0.4294915254237288","0.505"
"8","0.4758823529411765","0.26623529411764707","0.9883529411764707","0.07988235294117646","0.01","0.01","0.01","0.01","0.01","1.01","0.01","0.175","0.13774193548387098","0.7847826086956522","0.17779661016949153","0.4294915254237288","0.505"
"9","0.17694117647058824","0.5457647058823529","0.7748235294117647","0.7631764705882352","1.01","0.01","0.01","0.01","0.01","0.01","0.01","0.175","0.13774193548387098","0.7847826086956522","0.17779661016949153","0.4294915254237288","0.505"
"4","0.7903529411764706","0.3516470588235294","0.934","0.47200000000000003","0.01","0.01","0.01","0.01","0.01","1.01","0.01","0.175","0.13774193548387098","0.7847826086956522","0.17779661016949153","0.4294915254237288","0.505"
"7","0.8330588235294119","0.8485882352941176","0.2351764705882353","0.5147058823529411","0.01","0.01","0.01","0.01","0.01","0.01","1.01","0.175","0.13774193548387098","0.7847826086956522","0.17779661016949153","0.4294915254237288","0.505"
"8","0.7476470588235294","0.21964705882352942","0.07211764705882352","0.7981176470588235","0.01","0.01","1.01","0.01","0.01","0.01","0.01","0.175","0.13774193548387098","0.7847826086956522","0.17779661016949153","0.4294915254237288","0.505"
"6","0.7592941176470588","0.07988235294117646","0.6311764705882353","0.5574117647058824","0.01","0.01","1.01","0.01","0.01","0.01","0.01","0.175","0.13774193548387098","0.7847826086956522","0.17779661016949153","0.446271186440678","0.505"
"6","0.8757647058823529","0.604","0.16529411764705884","0.9378823529411765","0.01","0.01","0.01","1.01","0.01","0.01","0.01","0.175","0.13774193548387098","0.7847826086956522","0.17779661016949153","0.446271186440678","0.505"
"5","0.21576470588235297","0.4292941176470588","0.21576470588235297","0.5263529411764706","0.01","0.01","0.01","1.01","0.01","0.01","0.01","0.175","0.13774193548387098","0.7847826086956522","0.17779661016949153","0.446271186440678","0.505"
"0","0.49529411764705883","0.6505882352941177","0.8912941176470588","0.28952941176470587","0.01","0.01","0.01","0.01","0.01","1.01","0.01","0.175","0.13774193548387098","0.7847826086956522","0.17779661016949153","0.446271186440678","0.505"
"5","0.9611764705882353","0.5302352941176471","0.06823529411764706","0.10705882352941176","0.01","1.01","0.01","0.01","0.01","0.01","0.01","0.175","0.13774193548387098","0.7847826086956522","0.17779661016949153","0.446271186440678","0.505"
"6","0.25458823529411767","0.6272941176470588","0.7282352941176471","0.11870588235294117","0.01","0.01","0.01","0.01","0.01","0.01","1.01","0.175","0.13774193548387098","0.7847826086956522","0.17779661016949153","0.446271186440678","0.505"
"5","0.044941176470588234","0.6855294117647059","0.9495294117647058","0.9883529411764707","0.01","0.01","1.01","0.01","0.01","0.01","0.01","0.175","0.13774193548387098","0.7847826086956522","0.17779661016949153","0.446271186440678","0.505"
"0","0.33999999999999997","0.2701176470588236","0.3128235294117647","0.7825882352941177","0.01","0.01","0.01","0.01","1.01","0.01","0.01","0.175","0.13774193548387098","0.7847826086956522","0.17779661016949153","0.446271186440678","0.505"
"4","0.9495294117647058","0.8408235294117647","0.3322352941176471","0.08376470588235294","0.01","0.01","0.01","1.01","0.01","0.01","0.01","0.175","0.13774193548387098","0.7847826086956522","0.17779661016949153","0.446271186440678","0.505"
"9","0.16917647058823532","0.9029411764705882","0.6738823529411764","0.4254117647058824","1.01","0.01","0.01","0.01","0.01","0.01","0.01","0.175","0.13774193548387098","0.7847826086956522","0.17779661016949153","0.446271186440678","0.505"
"3","0.8912941176470588","0.10705882352941176","0.17694117647058824","0.2235294117647059","0.01","1.01","0.01","0.01","0.01","0.01","0.01","0.175","0.13774193548387098","0.7847826086956522","0.17779661016949153","0.446271186440678","0.505"
"8","0.7515294117647059","0.7476470588235294","0.3516470588235294","0.4137647058823529","0.01","0.01","0.01","0.01","0.01","0.01","1.01","0.175","0.13774193548387098","0.7847826086956522","0.17779661016949153","0.46305084745762715","0.505"
"6","0.3283529411764706","0.5302352941176471","0.30505882352941177","0.39435294117647063","1.01","0.01","0.01","0.01","0.01","0.01","0.01","0.175","0.13774193548387098","0.7847826086956522","0.17779661016949153","0.46305084745762715","0.505"
"1","0.19247058823529414","0.44482352941176473","0.5845882352941177","0.9805882352941176","1.01","0.01","0.01","0.01","0.01","0.01","0.01","0.175","0.13774193548387098","0.7847826086956522","0.17779661016949153","0.46305084745762715","0.505"
"6","0.07211764705882352","0.8912941176470588","0.18082352941176472","0.6661176470588235","0.01","0.01","0.01","0.01","1.01","0.01","0.01","0.175","0.13774193548387098","0.7847826086956522","0.17779661016949153","0.46305084745762715","0.505"
"3","0.941764705882353","0.6156470588235294","0.2934117647058823","0.36717647058823527","0.01","0.01","0.01","0.01","1.01","0.01","0.01","0.175","0.13774193548387098","0.7847826086956522","0.17779661016949153","0.46305084745762715","0.505"
"8","0.029411764705882353","0.9262352941176472","0.5224705882352941","0.04882352941176471","0.01","0.01","1.01","0.01","0.01","0.01","0.01","0.175","0.13774193548387098","0.7847826086956522","0.17779661016949153","0.46305084745762715","0.505"
"9","0.8796470588235294","0.16917647058823532","0.6738823529411764","0.3361176470588235","0.01","0.01","0.01","0.01","0.01","0.01","1.01","0.175","0.13774193548387098","0.7847826086956522","0.17779661016949153","0.46305084745762715","0.505"
"4","0.3904705882352941","0.19247058823529414","0.6350588235294118","0.8874117647058823","0.01","0.01","0.01","1.01","0.01","0.01","0.01","0.175","0.13774193548387098","0.7847826086956522","0.17779661016949153","0.46305084745762715","0.505"
"3","0.9534117647058823","0.8757647058823529","0.7010588235294117","0.5574117647058824","0.01","0.01","0.01","1.01","0.01","0.01","0.01","0.175","0.13774193548387098","0.7847826086956522","0.17779661016949153","0.46305084745762715","0.505"
"6","0.743764705882353","0.31670588235294117","0.6117647058823529","0.9456470588235294","0.01","0.01","0.01","1.01","0.01","0.01","0.01","0.175","0.13774193548387098","0.7847826086956522","0.17779661016949153","0.46305084745762715","0.505"
"4","0.14200000000000002","0.06435294117647058","0.5574117647058824","0.05658823529411765","0.01","1.01","0.01","0.01","0.01","0.01","0.01","0.175","0.13774193548387098","0.7847826086956522","0.17779661016949153","0.46305084745762715","0.505"
"9","0.11870588235294117","0.3710588235294118","0.5729411764705882","0.6738823529411764","0.01","0.01","1.01","0.01","0.01","0.01","0.01","0.175","0.13774193548387098","0.7847826086956522","0.17779661016949153","0.4798305084745763","0.505"
"2","0.21188235294117647","0.5651764705882353","0.2390588235294118","0.8524705882352941","0.01","0.01","0.01","1.01","0.01","0.01","0.01","0.175","0.13774193548387098","0.7847826086956522","0.17779661016949153","0.4798305084745763","0.505"
"0","0.029411764705882353","0.464235294117647","0.3322352941176471","0.4254117647058824","1.01","0.01","0.01","0.01","0.01","0.01","0.01","0.175","0.13774193548387098","0.7847826086956522","0.17779661016949153","0.4798305084745763","0.505"
"3","0.9145882352941176","0.01388235294117647","0.8369411764705883","0.5962352941176471","0.01","0.01","0.01","0.01","1.01","0.01","0.01","0.175","0.13774193548387098","0.7847826086956522","0.17779661016949153","0.4798305084745763","0.505"
"4","0.7554117647058823","0.7631764705882352","0.48364705882352943","0.3128235294117647","0.01","1.01","0.01","0.01","0.01","0.01","0.01","0.175","0.13774193548387098","0.7847826086956522","0.17779661016949153","0.4798305084745763","0.505"
"4","0.6855294117647059","0.029411764705882353","0.6894117647058824","0.9301176470588236","0.01","0.01","1.01","0.01","0.01","0.01","0.01","0.175","0.13774193548387098","0.7847826086956522","0.17779661016949153","0.4798305084745763","0.505"
"5","0.7903529411764706","0.7204705882352941","0.7554117647058823","0.1963529411764706","0.01","0.01","0.01","0.01","0.01","1.01","0.01","0.175","0.13774193548387098","0.7847826086956522","0.17779661016949153","0.4798305084745763","0.505"
"9","0.39435294117647063","0.8369411764705883","0.281764705882353","0.7049411764705882","0.01","0.01","0.01","0.01","0.01","0.01","1.01","0.175","0.13774193548387098","0.7847826086956522","0.17779661016949153","0.4798305084745763","0.505"
"7","0.7243529411764705","0.21964705882352942","0.6234117647058823","0.18858823529411764","0.01","0.01","1.01","0.01","0.01","0.01","0.01","0.175","0.13774193548387098","0.7847826086956522","0.17779661016949153","0.4798305084745763","0.505"
"4","0.3982352941176471","0.2701176470588236","0.8485882352941176","0.6389411764705882","0.01","0.01","0.01","0.01","1.01","0.01","0.01","0.175","0.13774193548387098","0.7847826086956522","0.17779661016949153","0.4798305084745763","0.505"
"4","0.794235294117647","0.25070588235294117","0.8641176470588235","0.3516470588235294","0.01","1.01","0.01","0.01","0.01","0.01","0.01","0.175","0.13774193548387098","0.7847826086956522","0.17779661016949153","0.4966101694915255","0.505"
"3","0.26235294117647057","0.9650588235294117","0.604","0.6467058823529412","0.01","0.01","0.01","0.01","1.01","0.01","0.01","0.175","0.13774193548387098","0.7847826086956522","0.17779661016949153","0.4966101694915255","0.505"
"4","0.13423529411764706","0.27788235294117647","0.406","0.7903529411764706","0.01","1.01","0.01","0.01","0.01","0.01","0.01","0.175","0.13774193548387098","0.7847826086956522","0.17779661016949153","0.4966101694915255","0.505"
"4","0.1148235294117647","0.0371764705882353","0.3089411764705882","0.4603529411764706","0.01","0.01","0.01","0.01","0.01","0.01","1.01","0.175","0.13774193548387098","0.7847826086956522","0.17779661016949153","0.4966101694915255","0.505"
"8","0.19247058823529414","0.794235294117647","0.6894117647058824","0.7476470588235294","0.01","0.01","0.01","0.01","1.01","0.01","0.01","0.175","0.13774193548387098","0.7847826086956522","0.17779661016949153","0.4966101694915255","0.505"
"0","0.4021176470588235","0.06823529411764706","0.5651764705882353","0.22741176470588237","0.01","0.01","0.01","1.01","0.01","0.01","0.01","0.175","0.13774193548387098","0.7847826086956522","0.17779661016949153","0.4966101694915255","0.505"
"0","0.8912941176470588","0.4603529411764706","0.9262352941176472","0.6777647058823529","0.01","0.01","0.01","0.01","0.01","0.01","1.01","0.175","0.13774193548387098","0.7847826086956522","0.17779661016949153","0.4966101694915255","0.505"
"6","0.7670588235294117","0.5651764705882353","0.6467058823529412","0.044941176470588234","0.01","1.01","0.01","0.01","0.01","0.01","0.01","0.175","0.13774193548387098","0.7847826086956522","0.17779661016949153","0.4966101694915255","0.505"
"1","0.794235294117647","0.5030588235294118","0.21576470588235297","0.8718823529411764","0.01","0.01","0.01","0.01","0.01","1.01","0.01","0.175","0.13774193548387098","0.7847826086956522","0.17779661016949153","0.4966101694915255","0.505"
"1","0.9883529411764707","0.5651764705882353","0.2351764705882353","0.9262352941176472","0.01","0.01","0.01","1.01","0.01","0.01","0.01","0.175","0.13774193548387098","0.7847826086956522","0.17779661016949153","0.4966101694915255","0.505"
"9","0.3594117647058824","0.4409411764705882","0.8175294117647058","0.5069411764705882","0.01","0.01","0.01","1.01","0.01","0.01","0.01","0.175","0.13774193548387098","0.7847826086956522","0.17779661016949153","0.4966101694915255","0.505"
"0","0.9029411764705882","0.22741176470588237","0.2856470588235294","0.7282352941176471","0.01","0.01","0.01","0.01","1.01","0.01","0.01","0.175","0.13774193548387098","0.7847826086956522","0.17779661016949153","0.4966101694915255","0.505"
"2","0.16917647058823532","0.6777647058823529","0.31670588235294117","0.3516470588235294","0.01","0.01","0.01","0.01","0.01","1.01","0.01","0.175","0.13774193548387098","0.7847826086956522","0.17779661016949153","0.4966101694915255","0.505"
"5","0.6428235294117647","0.5612941176470588","0.2972941176470589","0.17694117647058824","1.01","0.01","0.01","0.01","0.01","0.01","0.01","0.175","0.13774193548387098","0.7847826086956522","0.17779661016949153","0.5133898305084745","0.505"
"1","0.33999999999999997","0.7476470588235294","0.7554117647058823","0.4331764705882353","0.01","0.01","0.01","0.01","1.01","0.01","0.01","0.175","0.13774193548387098","0.7847826086956522","0.17779661016949153","0.5133898305084745","0.505"
"4","0.8291764705882353","0.9534117647058823","0.6816470588235295","0.9223529411764705","1.01","0.01","0.01","0.01","0.01","0.01","0.01","0.175","0.13774193548387098","0.7847826086956522","0.17779661016949153","0.5133898305084745","0.505"
"8","0.3788235294117647","0.406","0.743764705882353","0.5418823529411765","0.01","0.01","0.01","1.01","0.01","0.01","0.01","0.175","0.13774193548387098","0.7847826086956522","0.17779661016949153","0.5133898305084745","0.505"
"1","0.4098823529411765","0.4137647058823529","0.3594117647058824","0.4098823529411765","0.01","0.01","0.01","1.01","0.01","0.01","0.01","0.175","0.13774193548387098","0.7847826086956522","0.17779661016949153","0.5133898305084745","0.505"
"9","0.9844705882352941","0.4758823529411765","0.8214117647058823","0.5845882352941177","0.01","0.01","0.01","0.01","0.01","0.01","1.01","0.175","0.13774193548387098","0.7847826086956522","0.17779661016949153","0.5133898305084745","0.505"
"7","0.6078823529411764","0.44482352941176473","0.8874117647058823","0.7398823529411765","0.01","0.01","0.01","0.01","0.01","0.01","1.01","0.175","0.13774193548387098","0.7847826086956522","0.17779661016949153","0.5133898305084745","0.505"
"3","0.6001176470588235","0.06823529411764706","0.9922352941176471","0.10317647058823529","0.01","0.01","0.01","1.01","0.01","0.01","0.01","0.175","0.13774193548387098","0.7847826086956522","0.17779661016949153","0.5133898305084745","0.505"
"5","0.5263529411764706","0.06823529411764706","0.4797647058823529","0.2856470588235294","0.01","0.01","0.01","0.01","0.01","1.01","0.01","0.175","0.13774193548387098","0.7847826086956522","0.17779661016949153","0.5133898305084745","0.505"
"7","0.060470588235294116","0.7903529411764706","0.3438823529411765","0.21576470588235297","0.01","0.01","0.01","0.01","0.01","1.01","0.01","0.175","0.13774193548387098","0.7847826086956522","0.17779661016949153","0.5133898305084745","0.505"
"8","0.18082352941176472","0.6156470588235294","0.5224705882352941","0.01388235294117647","0.01","0.01","0.01","0.01","0.01","1.01","0.01","0.175","0.13774193548387098","0.7847826086956522","0.17779661016949153","0.5133898305084745","0.505"
"7","0.2390588235294118","0.8718823529411764","0.9689411764705882","0.3283529411764706","0.01","0.01","0.01","0.01","1.01","0.01","0.01","0.175","0.13774193548387098","0.7847826086956522","0.17779661016949153","0.5301694915254238","0.505"
"8","0.13811764705882354","0.8796470588235294","0.8097647058823529","0.09929411764705881","0.01","0.01","0.01","1.01","0.01","0.01","0.01","0.175","0.13774193548387098","0.7847826086956522","0.17779661016949153","0.5301694915254238","0.505"
"8","0.9029411764705882","0.6311764705882353","0.794235294117647","0.5962352941176471","0.01","0.01","0.01","0.01","1.01","0.01","0.01","0.175","0.13774193548387098","0.7847826086956522","0.17779661016949153","0.5301694915254238","0.505"
"0","0.8757647058823529","0.9689411764705882","0.4758823529411765","0.2390588235294118","0.01","0.01","0.01","0.01","0.01","1.01","0.01","0.175","0.13774193548387098","0.7847826086956522","0.17779661016949153","0.5301694915254238","0.505"
"9","0.39435294117647063","0.6001176470588235","0.1575294117647059","0.5108235294117647","0.01","0.01","0.01","1.01","0.01","0.01","0.01","0.175","0.13774193548387098","0.7847826086956522","0.17779661016949153","0.5301694915254238","0.505"
"8","0.7088235294117647","0.5574117647058824","0.1148235294117647","0.6311764705882353","0.01","0.01","1.01","0.01","0.01","0.01","0.01","0.175","0.13774193548387098","0.7847826086956522","0.17779661016949153","0.5301694915254238","0.505"
"4","0.7282352941176471","0.6467058823529412","0.347764705882353","0.24682352941176472","1.01","0.01","0.01","0.01","0.01","0.01","0.01","0.175","0.13774193548387098","0.7847826086956522","0.17779661016949153","0.5301694915254238","0.505"
"2","0.23129411764705884","0.9611764705882353","0.041058823529411766","0.6078823529411764","0.01","0.01","0.01","1.01","0.01","0.01","0.01","0.175","0.13774193548387098","0.7847826086956522","0.17779661016949153","0.5301694915254238","0.505"
"6","0.9456470588235294","0.7165882352941176","0.7398823529411765","0.14200000000000002","0.01","0.01","0.01","0.01","0.01","0.01","1.01","0.175","0.13774193548387098","0.7847826086956522","0.17779661016949153","0.5301694915254238","0.505"
"1","0.8951764705882354","0.36717647058823527","0.5729411764705882","0.7321176470588235","0.01","0.01","0.01","0.01","0.01","0.01","1.01","0.175","0.13774193548387098","0.7847826086956522","0.17779661016949153","0.5301694915254238","0.505"
"7","0.42152941176470593","0.4254117647058824","0.8175294117647058","0.7748235294117647","0.01","0.01","0.01","1.01","0.01","0.01","0.01","0.175","0.13774193548387098","0.7847826086956522","0.17779661016949153","0.5301694915254238","0.505"
"1","0.14200000000000002","0.060470588235294116","0.7243529411764705","0.2584705882352941","0.01","1.01","0.01","0.01","0.01","0.01","0.01","0.175","0.13774193548387098","0.7847826086956522","0.17779661016949153","0.5301694915254238","0.505"
"6","0.7787058823529412","0.4603529411764706","0.5147058823529411","0.6777647058823529","1.01","0.01","0.01","0.01","0.01","0.01","0.01","0.175","0.13774193548387098","0.7847826086956522","0.17779661016949153","0.5469491525423729","0.505"
"7","0.3516470588235294","0.860235294117647","0.3827058823529412","0.49529411764705883","0.01","0.01","0.01","1.01","0.01","0.01","0.01","0.175","0.13774193548387098","0.7847826086956522","0.17779661016949153","0.5469491525423729","0.505"
"6","0.6699999999999999","0.20411764705882354","0.2390588235294118","0.9068235294117647","0.01","0.01","0.01","0.01","0.01","1.01","0.01","0.175","0.13774193548387098","0.7847826086956522","0.17779661016949153","0.5469491525423729","0.505"
"8","0.2584705882352941","0.13423529411764706","0.4331764705882353","0.21576470588235297","0.01","1.01","0.01","0.01","0.01","0.01","0.01","0.175","0.13774193548387098","0.7847826086956522","0.17779661016949153","0.5469491525423729","0.505"
"3","0.7476470588235294","0.01","0.06823529411764706","0.7243529411764705","0.01","0.01","0.01","0.01","1.01","0.01","0.01","0.175","0.13774193548387098","0.7847826086956522","0.17779661016949153","0.5469491525423729","0.505"
"2","0.35552941176470587","0.49529411764705883","0.19247058823529414","0.9689411764705882","1.01","0.01","0.01","0.01","0.01","0.01","0.01","0.175","0.13774193548387098","0.7847826086956522","0.17779661016949153","0.5469491525423729","0.505"
"7","0.25458823529411767","0.9611764705882353","0.07988235294117646","0.26235294117647057","0.01","0.01","0.01","0.01","1.01","0.01","0.01","0.175","0.13774193548387098","0.7847826086956522","0.17779661016949153","0.5469491525423729","0.505"
"6","0.9728235294117646","0.918470588235294","0.5302352941176471","0.06823529411764706","0.01","0.01","0.01","0.01","1.01","0.01","0.01","0.175","0.13774193548387098","0.7847826086956522","0.17779661016949153","0.5469491525423729","0.505"
"6","0.01776470588235294","0.7592941176470588","0.5030588235294118","0.4603529411764706","0.01","0.01","1.01","0.01","0.01","0.01","0.01","0.175","0.13774193548387098","0.7847826086956522","0.17779661016949153","0.5469491525423729","0.505"
"9","0.743764705882353","0.9456470588235294","0.3128235294117647","0.5768235294117646","0.01","0.01","1.01","0.01","0.01","0.01","0.01","0.175","0.13774193548387098","0.7847826086956522","0.17779661016949153","0.5469491525423729","0.505"
"2","0.8524705882352941","0.2235294117647059","0.0371764705882353","0.1148235294117647","0.01","0.01","0.01","1.01","0.01","0.01","0.01","0.175","0.13774193548387098","0.7847826086956522","0.17779661016949153","0.5469491525423729","0.505"
"3","0.1847058823529412","0.6544705882352941","0.8485882352941176","0.6894117647058824","0.01","0.01","0.01","0.01","1.01","0.01","0.01","0.175","0.13774193548387098","0.7847826086956522","0.17779661016949153","0.5469491525423729","0.505"
"0","0.6078823529411764","0.5651764705882353","0.4292941176470588","0.9456470588235294","0.01","1.01","0.01","0.01","0.01","0.01","0.01","0.175","0.13774193548387098","0.7847826086956522","0.17779661016949153","0.563728813559322","0.505"
"2","0.5108235294117647","0.8485882352941176","0.9262352941176472","0.19247058823529414","0.01","0.01","0.01","0.01","0.01","1.01","0.01","0.175","0.13774193548387098","0.7847826086956522","0.17779661016949153","0.563728813559322","0.505"
"3","0.3244705882352941","0.20800000000000002","0.060470588235294116","0.41764705882352937","0.01","0.01","1.01","0.01","0.01","0.01","0.01","0.175","0.13774193548387098","0.7847826086956522","0.17779661016949153","0.563728813559322","0.505"
"2","0.36717647058823527","0.31670588235294117","0.7631764705882352","0.21576470588235297","0.01","0.01","0.01","0.01","1.01","0.01","0.01","0.175","0.13774193548387098","0.7847826086956522","0.17779661016949153","0.563728813559322","0.505"
"4","0.1148235294117647","0.802","0.11870588235294117","0.06435294117647058","0.01","0.01","0.01","0.01","1.01","0.01","0.01","0.175","0.13774193548387098","0.7847826086956522","0.17779661016949153","0.563728813559322","0.505"
"1","0.5651764705882353","0.12258823529411764","0.7670588235294117","0.7903529411764706","0.01","0.01","0.01","0.01","0.01","1.01","0.01","0.175","0.13774193548387098","0.7847826086956522","0.17779661016949153","0.563728813559322","0.505"
"5","0.1264705882352941","0.274","0.1148235294117647","0.01","0.01","0.01","1.01","0.01","0.01","0.01","0.01","0.175","0.13774193548387098","0.7847826086956522","0.17779661016949153","0.563728813559322","0.505"
"4","0.7631764705882352","0.5496470588235294","0.07211764705882352","0.9805882352941176","0.01","0.01","1.01","0.01","0.01","0.01","0.01","0.175","0.13774193548387098","0.7847826086956522","0.17779661016949153","0.563728813559322","0.505"
"6","0.9961176470588236","0.8718823529411764","0.7670588235294117","0.802","0.01","0.01","0.01","0.01","0.01","1.01","0.01","0.175","0.13774193548387098","0.7847826086956522","0.17779661016949153","0.563728813559322","0.505"
"6","0.6156470588235294","0.3089411764705882","0.23129411764705884","0.48364705882352943","0.01","0.01","0.01","0.01","0.01","0.01","1.01","0.175","0.13774193548387098","0.7847826086956522","0.17779661016949153","0.563728813559322","0.505"
"2","0.941764705882353","0.8097647058823529","0.44482352941176473","0.06435294117647058","0.01","1.01","0.01","0.01","0.01","0.01","0.01","0.175","0.13774193548387098","0.7847826086956522","0.17779661016949153","0.563728813559322","0.505"
"8","0.5923529411764706","0.8408235294117647","0.4292941176470588","0.45647058823529413","0.01","0.01","0.01","1.01","0.01","0.01","0.01","0.175","0.13774193548387098","0.7847826086956522","0.17779661016949153","0.563728813559322","0.505"
"6","0.076","0.2235294117647059","0.5108235294117647","0.35552941176470587","0.01","0.01","0.01","0.01","1.01","0.01","0.01","0.175","0.13774193548387098","0.7847826086956522","0.17779661016949153","0.5805084745762712","0.505"
"0","0.9029411764705882","0.4681176470588236","0.406","0.7631764705882352","0.01","0.01","1.01","0.01","0.01","0.01","0.01","0.175","0.13774193548387098","0.7847826086956522","0.17779661016949153","0.5805084745762712","0.505"
"1","0.8874117647058823","0.21576470588235297","0.8485882352941176","0.5729411764705882","0.01","0.01","0.01","0.01","1.01","0.01","0.01","0.175","0.13774193548387098","0.7847826086956522","0.17779661016949153","0.5805084745762712","0.505"
"0","0.2390588235294118","0.4137647058823529","0.6777647058823529","0.42152941176470593","1.01","0.01","0.01","0.01","0.01","0.01","0.01","0.175","0.13774193548387098","0.7847826086956522","0.17779661016949153","0.5805084745762712","0.505"
"8","0.33999999999999997","0.22741176470588237","0.3322352941176471","0.4797647058823529","0.01","0.01","0.01","0.01","0.01","0.01","1.01","0.175","0.13774193548387098","0.7847826086956522","0.17779661016949153","0.5805084745762712","0.505"
"9","0.6234117647058823","0.10705882352941176","0.7903529411764706","0.9378823529411765","0.01","0.01","0.01","0.01","0.01","1.01","0.01","0.175","0.13774193548387098","0.7847826086956522","0.17779661016949153","0.5805084745762712","0.505"
"6","0.6971764705882353","0.8563529411764705","0.0371764705882353","0.01776470588235294","0.01","0.01","0.01","0.01","0.01","1.01","0.01","0.175","0.13774193548387098","0.7847826086956522","0.17779661016949153","0.5805084745762712","0.505"
"1","0.6389411764705882","0.060470588235294116","0.7204705882352941","0.3361176470588235","0.01","0.01","1.01","0.01","0.01","0.01","0.01","0.175","0.13774193548387098","0.7847826086956522","0.17779661016949153","0.5805084745762712","0.505"
"1","0.44482352941176473","0.3827058823529412","0.4914117647058823","0.4098823529411765","1.01","0.01","0.01","0.01","0.01","0.01","0.01","0.175","0.13774193548387098","0.7847826086956522","0.17779661016949153","0.5805084745762712","0.505"
"0","0.7631764705882352","0.10317647058823529","0.7398823529411765","0.7709411764705882","0.01","0.01","0.01","0.01","0.01","1.01","0.01","0.175","0.13774193548387098","0.7847826086956522","0.17779661016949153","0.5805084745762712","0.505"
"7","0.45647058823529413","0.0371764705882353","0.5612941176470588","0.6661176470588235","0.01","0.01","1.01","0.01","0.01","0.01","0.01","0.175","0.13774193548387098","0.7847826086956522","0.17779661016949153","0.5805084745762712","0.505"
"8","0.12258823529411764","0.6699999999999999","0.9961176470588236","0.5030588235294118","0.01","0.01","1.01","0.01","0.01","0.01","0.01","0.175","0.13774193548387098","0.7847826086956522","0.17779661016949153","0.5805084745762712","0.505"
"1","0.11870588235294117","0.7165882352941176","0.6117647058823529","0.1148235294117647","0.01","0.01","0.01","0.01","0.01","0.01","1.01","0.175","0.13774193548387098","0.7847826086956522","0.17779661016949153","0.5972881355932204","0.505"
"1","0.4681176470588236","0.5069411764705882","0.3904705882352941","0.9611764705882353","0.01","0.01","0.01","0.01","0.01","0.01","1.01","0.175","0.13774193548387098","0.7847826086956522","0.17779661016949153","0.5972881355932204","0.505"
"1","0.6661176470588235","0.8524705882352941","0.8641176470588235","0.7554117647058823","0.01","0.01","0.01","0.01","0.01","0.01","1.01","0.175","0.13774193548387098","0.7847826086956522","0.17779661016949153","0.5972881355932204","0.505"
"0","0.2856470588235294","0.3322352941176471","0.9378823529411765","0.3128235294117647","0.01","0.01","0.01","1.01","0.01","0.01","0.01","0.175","0.13774193548387098","0.7847826086956522","0.17779661016949153","0.5972881355932204","0.505"
"2","0.802","0.21188235294117647","0.07211764705882352","0.10317647058823529","0.01","0.01","0.01","0.01","0.01","1.01","0.01","0.175","0.13774193548387098","0.7847826086956522","0.17779661016949153","0.5972881355932204","0.505"
"5","0.7049411764705882","0.7903529411764706","0.9844705882352941","0.7592941176470588","0.01","0.01","0.01","0.01","0.01","0.01","1.01","0.175","0.13774193548387098","0.7847826086956522","0.17779661016949153","0.5972881355932204","0.505"
"8","0.4137647058823529","0.16141176470588237","0.4875294117647059","0.9650588235294117","1.01","0.01","0.01","0.01","0.01","0.01","0.01","0.175","0.13774193548387098","0.7847826086956522","0.17779661016949153","0.5972881355932204","0.505"
"4","0.4525882352941177","0.1148235294117647","0.041058823529411766","0.21576470588235297","0.01","1.01","0.01","0.01","0.01","0.01","0.01","0.175","0.13774193548387098","0.7847826086956522","0.17779661016949153","0.5972881355932204","0.505"
"3","0.17305882352941176","0.7748235294117647","0.736","0.20800000000000002","1.01","0.01","0.01","0.01","0.01","0.01","0.01","0.175","0.13774193548387098","0.7847826086956522","0.17779661016949153","0.5972881355932204","0.505"
"0","0.281764705882353","0.49529411764705883","0.1575294117647059","0.9728235294117646","0.01","1.01","0.01","0.01","0.01","0.01","0.01","0.175","0.13774193548387098","0.7847826086956522","0.17779661016949153","0.6140677966101695","0.505"
"2","0.05658823529411765","0.9728235294117646","0.7010588235294117","0.9145882352941176","1.01","0.01","0.01","0.01","0.01","0.01","0.01","0.175","0.13774193548387098","0.7847826086956522","0.17779661016949153","0.6140677966101695","0.505"
"3","0.5845882352941177","0.20800000000000002","0.6389411764705882","0.13811764705882354","0.01","0.01","0.01","0.01","0.01","1.01","0.01","0.175","0.13774193548387098","0.7847826086956522","0.17779661016949153","0.6140677966101695","0.505"
"0","0.7554117647058823","0.30505882352941177","0.15364705882352944","0.9650588235294117","0.01","0.01","0.01","1.01","0.01","0.01","0.01","0.175","0.13774193548387098","0.7847826086956522","0.17779661016949153","0.6140677966101695","0.505"
"8","0.4254117647058824","0.8136470588235294","0.19247058823529414","0.6738823529411764","0.01","0.01","1.01","0.01","0.01","0.01","0.01","0.175","0.13774193548387098","0.7847826086956522","0.17779661016949153","0.6140677966101695","0.505"
"4","0.743764705882353","0.1847058823529412","0.14200000000000002","0.9223529411764705","0.01","0.01","1.01","0.01","0.01","0.01","0.01","0.175","0.13774193548387098","0.7847826086956522","0.17779661016949153","0.6140677966101695","0.505"
"1","0.33999999999999997","0.6272941176470588","0.7864705882352941","0.347764705882353","0.01","1.01","0.01","0.01","0.01","0.01","0.01","0.175","0.13774193548387098","0.7847826086956522","0.17779661016949153","0.6140677966101695","0.505"
"2","0.8214117647058823","0.3710588235294118","0.3594117647058824","0.15364705882352944","0.01","0.01","0.01","0.01","1.01","0.01","0.01","0.175","0.13774193548387098","0.7847826086956522","0.17779661016949153","0.6140677966101695","0.505"
"5","0.7515294117647059","0.8058823529411765","0.1264705882352941","0.662235294117647","0.01","0.01","0.01","0.01","0.01","0.01","1.01","0.175","0.13774193548387098","0.7847826086956522","0.17779661016949153","0.6140677966101695","0.505"
"9","0.3205882352941177","0.47200000000000003","0.7204705882352941","0.7981176470588235","0.01","0.01","0.01","0.01","0.01","0.01","1.01","0.175","0.13774193548387098","0.7847826086956522","0.17779661016949153","0.6140677966101695","0.505"
"5","0.5030588235294118","0.8136470588235294","0.14976470588235294","0.07988235294117646","0.01","0.01","0.01","0.01","0.01","1.01","0.01","0.175","0.13774193548387098","0.7847826086956522","0.17779661016949153","0.6140677966101695","0.505"
"0","0.21964705882352942","0.20411764705882354","0.941764705882353","0.941764705882353","0.01","0.01","0.01","1.01","0.01","0.01","0.01","0.175","0.13774193548387098","0.7847826086956522","0.17779661016949153","0.6308474576271187","0.505"
"7","0.09929411764705881","0.8718823529411764","0.44482352941176473","0.9883529411764707","0.01","0.01","0.01","0.01","0.01","0.01","1.01","0.175","0.13774193548387098","0.7847826086956522","0.17779661016949153","0.6308474576271187","0.505"
"7","0.6855294117647059","0.4487058823529412","0.7243529411764705","0.8951764705882354","0.01","1.01","0.01","0.01","0.01","0.01","0.01","0.175","0.13774193548387098","0.7847826086956522","0.17779661016949153","0.6308474576271187","0.505"
"8","0.2856470588235294","0.4487058823529412","0.860235294117647","0.662235294117647","0.01","0.01","0.01","0.01","0.01","1.01","0.01","0.175","0.13774193548387098","0.7847826086956522","0.17779661016949153","0.6308474576271187","0.505"
"1","0.9107058823529411","0.5108235294117647","0.17694117647058824","0.07211764705882352","0.01","1.01","0.01","0.01","0.01","0.01","0.01","0.175","0.13774193548387098","0.7847826086956522","0.17779661016949153","0.6308474576271187","0.505"
"8","0.4758823529411765","0.4525882352941177","0.9029411764705882","0.7049411764705882","0.01","0.01","1.01","0.01","0.01","0.01","0.01","0.175","0.13774193548387098","0.7847826086956522","0.17779661016949153","0.6308474576271187","0.505"
"9","0.5651764705882353","0.6699999999999999","0.3710588235294118","0.9689411764705882","0.01","0.01","1.01","0.01","0.01","0.01","0.01","0.175","0.13774193548387098","0.7847826086956522","0.17779661016949153","0.6308474576271187","0.505"
"8","0.5884705882352942","0.03329411764705882","0.9767058823529412","0.7398823529411765","0.01","0.01","0.01","0.01","0.01","0.01","1.01","0.175","0.13774193548387098","0.7847826086956522","0.17779661016949153","0.6308474576271187","0.505"
"2","0.941764705882353","0.3361176470588235","0.2351764705882353","0.05270588235294118","0.01","0.01","1.01","0.01","0.01","0.01","0.01","0.175","0.13774193548387098","0.7847826086956522","0.17779661016949153","0.6308474576271187","0.505"
"2","0.5768235294117646","0.01776470588235294","0.10317647058823529","0.9495294117647058","0.01","0.01","0.01","0.01","0.01","0.01","1.01","0.175","0.13774193548387098","0.7847826086956522","0.17779661016949153","0.6308474576271187","0.505"
"3","0.14976470588235294","0.10705882352941176","0.5418823529411765","0.4875294117647059","0.01","0.01","0.01","0.01","0.01","0.01","1.01","0.175","0.13774193548387098","0.7847826086956522","0.17779661016949153","0.6308474576271187","0.505"
"6","0.802","0.10705882352941176","0.7321176470588235","0.9805882352941176","0.01","1.01","0.01","0.01","0.01","0.01","0.01","0.175","0.13774193548387098","0.7847826086956522","0.17779661016949153","0.6308474576271187","0.505"
"4","0.3904705882352941","0.3632941176470588","0.4875294117647059","0.5108235294117647","0.01","1.01","0.01","0.01","0.01","0.01","0.01","0.175","0.13774193548387098","0.7847826086956522","0.17779661016949153","0.6476271186440677","0.505"
"4","0.02164705882352941","0.28952941176470587","0.3710588235294118","0.9262352941176472","0.01","0.01","0.01","1.01","0.01","0.01","0.01","0.175","0.13774193548387098","0.7847826086956522","0.17779661016949153","0.6476271186440677","0.505"
"2","0.19247058823529414","0.6661176470588235","0.3865882352941176","0.7709411764705882","1.01","0.01","0.01","0.01","0.01","0.01","0.01","0.175","0.13774193548387098","0.7847826086956522","0.17779661016949153","0.6476271186440677","0.505"
"4","0.6156470588235294","0.5418823529411765","0.4021176470588235","1.0","0.01","0.01","0.01","1.01","0.01","0.01","0.01","0.175","0.13774193548387098","0.7847826086956522","0.17779661016949153","0.6476271186440677","0.505"
"7","0.6971764705882353","0.5962352941176471","0.8097647058823529","0.2934117647058823","0.01","0.01","0.01","0.01","0.01","1.01","0.01","0.175","0.13774193548387098","0.7847826086956522","0.17779661016949153","0.6476271186440677","0.505"
"4","0.5535294117647059","0.8058823529411765","0.3089411764705882","0.8912941176470588","1.01","0.01","0.01","0.01","0.01","0.01","0.01","0.175","0.13774193548387098","0.7847826086956522","0.17779661016949153","0.6476271186440677","0.505"
"2","0.16917647058823532","0.01388235294117647","0.2856470588235294","0.7321176470588235","0.01","0.01","0.01","1.01","0.01","0.01","0.01","0.175","0.13774193548387098","0.7847826086956522","0.17779661016949153","0.6476271186440677","0.505"
"3","0.025529411764705884","0.406","0.5108235294117647","0.11094117647058822","0.01","0.01","0.01","1.01","0.01","0.01","0.01","0.175","0.13774193548387098","0.7847826086956522","0.17779661016949153","0.6476271186440677","0.505"
"7","0.9262352941176472","0.7204705882352941","0.2701176470588236","0.3244705882352941","0.01","0.01","0.01","0.01","0.01","0.01","1.01","0.175","0.13774193548387098","0.7847826086956522","0.17779661016949153","0.6476271186440677","0.505"
"9","0.7515294117647059","0.8097647058823529","0.25070588235294117","0.9534117647058823","1.01","0.01","0.01","0.01","0.01","0.01","0.01","0.175","0.13774193548387098","0.7847826086956522","0.17779661016949153","0.6476271186440677","0.505"
"9","0.06823529411764706","0.9107058823529411","0.2972941176470589","0.6699999999999999","0.01","0.01","0.01","0.01","1.01","0.01","0.01","0.175","0.13774193548387098","0.7847826086956522","0.17779661016949153","0.664406779661017","0.505"
"3","0.14200000000000002","1.0","0.31670588235294117","0.9844705882352941","0.01","0.01","0.01","1.01","0.01","0.01","0.01","0.175","0.13774193548387098","0.7847826086956522","0.17779661016949153","0.664406779661017","0.505"
"1","0.15364705882352944","0.7088235294117647","0.48364705882352943","0.7981176470588235","0.01","0.01","0.01","0.01","0.01","0.01","1.01","0.175","0.13774193548387098","0.7847826086956522","0.17779661016949153","0.664406779661017","0.505"
"5","0.6661176470588235","0.3982352941176471","0.6234117647058823","0.8408235294117647","1.01","0.01","0.01","0.01","0.01","0.01","0.01","0.175","0.13774193548387098","0.7847826086956522","0.17779661016949153","0.664406779661017","0.505"
"2","0.4525882352941177","0.6699999999999999","0.6971764705882353","0.8058823529411765","0.01","0.01","0.01","0.01","0.01","1.01","0.01","0.175","0.13774193548387098","0.7847826086956522","0.17779661016949153","0.664406779661017","0.505"
"6","0.6272941176470588","0.47200000000000003","0.9728235294117646","0.7049411764705882","1.01","0.01","0.01","0.01","0.01","0.01","0.01","0.175","0.13774193548387098","0.7847826086956522","0.17779661016949153","0.664406779661017","0.505"
"4","0.6467058823529412","0.10705882352941176","0.5807058823529412","0.3710588235294118","0.01","0.01","1.01","0.01","0.01","0.01","0.01","0.175","0.13774193548387098","0.7847826086956522","0.17779661016949153","0.664406779661017","0.505"
"8","0.5535294117647059","0.10705882352941176","0.2701176470588236","0.9767058823529412","0.01","0.01","0.01","0.01","0.01","0.01","1.01","0.175","0.13774193548387098","0.7847826086956522","0.17779661016949153","0.664406779661017","0.505"
"4","0.8641176470588235","0.06435294117647058","0.794235294117647","0.9145882352941176","0.01","0.01","0.01","0.01","0.01","0.01","1.01","0.175","0.13774193548387098","0.7847826086956522","0.17779661016949153","0.664406779661017","0.505"
"9","0.7631764705882352","0.21188235294117647","0.11094117647058822","0.16917647058823532","0.01","0.01","0.01","1.01","0.01","0.01","0.01","0.175","0.13774193548387098","0.7847826086956522","0.17779661016949153","0.664406779661017","0.505"
"5","0.4409411764705882","0.7321176470588235","0.8408235294117647","0.7670588235294117","0.01","1.01","0.01","0.01","0.01","0.01","0.01","0.175","0.13774193548387098","0.7847826086956522","0.17779661016949153","0.6811864406779661","0.505"
"1","0.6078823529411764","0.3788235294117647","0.6661176470588235","0.5185882352941176","0.01","1.01","0.01","0.01","0.01","0.01","0.01","0.175","0.13774193548387098","0.7847826086956522","0.17779661016949153","0.6811864406779661","0.505"
"3","0.5574117647058824","0.21964705882352942","0.19247058823529414","0.16917647058823532","0.01","0.01","0.01","1.01","0.01","0.01","0.01","0.175","0.13774193548387098","0.7847826086956522","0.17779661016949153","0.6811864406779661","0.505"
"5","0.7825882352941177","0.35552941176470587","0.9068235294117647","0.6195294117647059","0.01","0.01","0.01","0.01","0.01","0.01","1.01","0.175","0.13774193548387098","0.7847826086956522","0.17779661016949153","0.6811864406779661","0.505"
"3","1.0","0.9883529411764707","0.08764705882352941","0.7515294117647059","0.01","1.01","0.01","0.01","0.01","0.01","0.01","0.175","0.13774193548387098","0.7847826086956522","0.17779661016949153","0.6811864406779661","0.505"
"6","0.4370588235294118","0.6117647058823529","0.49529411764705883","0.45647058823529413","0.01","1.01","0.01","0.01","0.01","0.01","0.01","0.175","0.13774193548387098","0.7847826086956522","0.17779661016949153","0.6811864406779661","0.505"
"2","0.28952941176470587","0.2390588235294118","0.8757647058823529","0.2701176470588236","0.01","0.01","1.01","0.01","0.01","0.01","0.01","0.175","0.13774193548387098","0.7847826086956522","0.17779661016949153","0.6811864406779661","0.505"
"3","0.5457647058823529","0.4681176470588236","0.44482352941176473","0.5496470588235294","0.01","1.01","0.01","0.01","0.01","0.01","0.01","0.175","0.13774193548387098","0.7847826086956522","0.17779661016949153","0.6811864406779661","0.505"
"6","0.7748235294117647","0.8524705882352941","0.7864705882352941","0.6971764705882353","1.01","0.01","0.01","0.01","0.01","0.01","0.01","0.175","0.13774193548387098","0.7847826086956522","0.17779661016949153","0.6811864406779661","0.505"
"1","0.49917647058823533","0.6078823529411764","0.5729411764705882","0.3361176470588235","0.01","0.01","0.01","1.01","0.01","0.01","0.01","0.175","0.13774193548387098","0.7847826086956522","0.17779661016949153","0.6811864406779661","0.505"
"9","0.48364705882352943","0.12258823529411764","0.9145882352941176","0.9029411764705882","0.01","0.01","0.01","0.01","0.01","1.01","0.01","0.175","0.13774193548387098","0.7847826086956522","0.17779661016949153","0.6811864406779661","0.505"
"9","0.9572941176470589","0.6855294117647059","0.9145882352941176","0.3438823529411765","0.01","0.01","1.01","0.01","0.01","0.01","0.01","0.175","0.13774193548387098","0.7847826086956522","0.17779661016949153","0.6979661016949152","0.505"
"2","0.1303529411764706","0.20023529411764707","0.4137647058823529","0.6389411764705882","0.01","0.01","0.01","0.01","1.01","0.01","0.01","0.175","0.13774193548387098","0.7847826086956522","0.17779661016949153","0.6979661016949152","0.505"
"1","0.24294117647058824","0.15364705882352944","0.8058823529411765","0.04882352941176471","0.01","0.01","0.01","0.01","0.01","1.01","0.01","0.175","0.13774193548387098","0.7847826086956522","0.17779661016949153","0.6979661016949152","0.505"
"1","0.2351764705882353","0.4409411764705882","0.13423529411764706","0.2584705882352941","0.01","0.01","0.01","0.01","1.01","0.01","0.01","0.175","0.13774193548387098","0.7847826086956522","0.17779661016949153","0.6979661016949152","0.505"
"3","0.5923529411764706","0.41764705882352937","0.5263529411764706","0.09152941176470587","0.01","0.01","0.01","0.01","1.01","0.01","0.01","0.175","0.13774193548387098","0.7847826086956522","0.17779661016949153","0.6979661016949152","0.505"
"6","0.3283529411764706","0.19247058823529414","0.9844705882352941","0.5224705882352941","0.01","0.01","0.01","0.01","0.01","1.01","0.01","0.175","0.13774193548387098","0.7847826086956522","0.17779661016949153","0.6979661016949152","0.505"
"3","0.21576470588235297","0.21576470588235297","0.45647058823529413","0.27788235294117647","1.01","0.01","0.01","0.01","0.01","0.01","0.01","0.175","0.13774193548387098","0.7847826086956522","0.17779661016949153","0.6979661016949152","0.505"
"7","0.44482352941176473","0.1575294117647059","0.7088235294117647","0.5651764705882353","0.01","0.01","0.01","1.01","0.01","0.01","0.01","0.175","0.13774193548387098","0.7847826086956522","0.17779661016949153","0.6979661016949152","0.505"
"4","0.6505882352941177","0.21964705882352942","0.7165882352941176","0.08376470588235294","1.01","0.01","0.01","0.01","0.01","0.01","0.01","0.175","0.13774193548387098","0.7847826086956522","0.17779661016949153","0.6979661016949152","0.505"
"1","0.918470588235294","0.9262352941176472","0.47200000000000003","0.19247058823529414","0.01","1.01","0.01","0.01","0.01","0.01","0.01","0.175","0.13774193548387098","0.7847826086956522","0.17779661016949153","0.7147457627118644","0.505"
"8","0.08764705882352941","0.27788235294117647","0.8563529411764705","0.18858823529411764","1.01","0.01","0.01","0.01","0.01","0.01","0.01","0.175","0.13774193548387098","0.7847826086956522","0.17779661016949153","0.7147457627118644","0.505"
"0","0.41764705882352937","0.7787058823529412","0.06435294117647058","0.31670588235294117","0.01","1.01","0.01","0.01","0.01","0.01","0.01","0.175","0.13774193548387098","0.7847826086956522","0.17779661016949153","0.7147457627118644","0.505"
"6","0.406","0.3089411764705882","0.8796470588235294","0.1148235294117647","0.01","0.01","0.01","0.01","0.01","1.01","0.01","0.175","0.13774193548387098","0.7847826086956522","0.17779661016949153","0.7147457627118644","0.505"
"7","0.08376470588235294","0.15364705882352944","0.6777647058823529","0.3594117647058824","0.01","0.01","1.01","0.01","0.01","0.01","0.01","0.175","0.13774193548387098","0.7847826086956522","0.17779661016949153","0.7147457627118644","0.505"
"9","0.6195294117647059","0.934","0.8485882352941176","0.7127058823529412","0.01","0.01","0.01","0.01","0.01","0.01","1.01","0.175","0.13774193548387098","0.7847826086956522","0.17779661016949153","0.7147457627118644","0.505"
"3","0.0371764705882353","0.9689411764705882","0.029411764705882353","0.6544705882352941","0.01","1.01","0.01","0.01","0.01","0.01","0.01","0.175","0.13774193548387098","0.7847826086956522","0.17779661016949153","0.7147457627118644","0.505"
"8","0.3011764705882353","0.7010588235294117","0.4681176470588236","0.8718823529411764","0.01","0.01","1.01","0.01","0.01","0.01","0.01","0.175","0.13774193548387098","0.7847826086956522","0.17779661016949153","0.7147457627118644","0.505"
"5","0.45647058823529413","0.743764705882353","0.9495294117647058","0.5341176470588236","0.01","0.01","1.01","0.01","0.01","0.01","0.01","0.175","0.13774193548387098","0.7847826086956522","0.17779661016949153","0.7147457627118644","0.505"
"2","0.3128235294117647","0.044941176470588234","0.3205882352941177","0.1148235294117647","1.01","0.01","0.01","0.01","0.01","0.01","0.01","0.175","0.13774193548387098","0.7847826086956522","0.17779661016949153","0.7147457627118644","0.505"
"9","0.2934117647058823","0.9029411764705882","0.6234117647058823","0.20800000000000002","1.01","0.01","0.01","0.01","0.01","0.01","0.01","0.175","0.13774193548387098","0.7847826086956522","0.17779661016949153","0.7147457627118644","0.505"
"0","0.5457647058823529","0.9378823529411765","0.9844705882352941","0.25458823529411767","0.01","0.01","1.01","0.01","0.01","0.01","0.01","0.175","0.13774193548387098","0.7847826086956522","0.17779661016949153","0.7315254237288135","0.505"
"1","0.48364705882352943","0.3322352941176471","0.21964705882352942","0.01","0.01","0.01","0.01","0.01","1.01","0.01","0.01","0.175","0.13774193548387098","0.7847826086956522","0.17779661016949153","0.7315254237288135","0.505"
"6","0.5108235294117647","0.5807058823529412","0.044941176470588234","0.05270588235294118","0.01","0.01","1.01","0.01","0.01","0.01","0.01","0.175","0.13774193548387098","0.7847826086956522","0.17779661016949153","0.7315254237288135","0.505"
"0","0.25458823529411767","0.18082352941176472","0.2351764705882353","0.11094117647058822","1.01","0.01","0.01","0.01","0.01","0.01","0.01","0.175","0.13774193548387098","0.7847826086956522","0.17779661016949153","0.7315254237288135","0.505"
"6","0.5069411764705882","0.4098823529411765","0.36717647058823527","0.27788235294117647","0.01","0.01","0.01","0.01","1.01","0.01","0.01","0.175","0.13774193548387098","0.7847826086956522","0.17779661016949153","0.7483050847457627","0.505"
"0","0.8330588235294119","0.3128235294117647","0.3865882352941176","0.9301176470588236","0.01","0.01","0.01","1.01","0.01","0.01","0.01","0.175","0.13774193548387098","0.7847826086956522","0.17779661016949153","0.7483050847457627","0.505"
"0","0.9223529411764705","0.07211764705882352","0.7592941176470588","0.7204705882352941","0.01","0.01","0.01","0.01","0.01","1.01","0.01","0.175","0.13774193548387098","0.7847826086956522","0.17779661016949153","0.7483050847457627","0.505"
"0","0.5768235294117646","0.1458823529411765","0.4797647058823529","0.36717647058823527","0.01","0.01","0.01","1.01","0.01","0.01","0.01","0.175","0.13774193548387098","0.7847826086956522","0.17779661016949153","0.7483050847457627","0.505"
"1","0.18858823529411764","0.4098823529411765","0.7515294117647059","0.2701176470588236","0.01","0.01","0.01","1.01","0.01","0.01","0.01","0.175","0.13774193548387098","0.7847826086956522","0.17779661016949153","0.7818644067796611","0.505"
"5","0.662235294117647","0.03329411764705882","0.7321176470588235","0.918470588235294","0.01","0.01","1.01","0.01","0.01","0.01","0.01","0.175","0.13774193548387098","0.7847826086956522","0.17779661016949153","0.7818644067796611","0.505"
"6","0.4370588235294118","0.934","0.4681176470588236","0.9223529411764705","0.01","1.01","0.01","0.01","0.01","0.01","0.01","0.175","0.13774193548387098","0.7847826086956522","0.17779661016949153","0.7818644067796611","0.505"
"7","0.07211764705882352","0.0371764705882353","0.20800000000000002","0.8563529411764705","0.01","0.01","1.01","0.01","0.01","0.01","0.01","0.175","0.13774193548387098","0.7847826086956522","0.17779661016949153","0.7818644067796611","0.505"
"3","0.5341176470588236","0.6894117647058824","0.7398823529411765","0.15364705882352944","0.01","0.01","0.01","0.01","0.01","1.01","0.01","0.175","0.13774193548387098","0.7847826086956522","0.17779661016949153","0.7986440677966101","0.505"
"5","0.9262352941176472","0.9572941176470589","0.45647058823529413","0.274","0.01","0.01","0.01","0.01","1.01","0.01","0.01","0.175","0.13774193548387098","0.7847826086956522","0.17779661016949153","0.7986440677966101","0.505"
"4","0.01776470588235294","0.4370588235294118","0.9611764705882353","0.01","0.01","0.01","0.01","0.01","0.01","1.01","0.01","0.175","0.13774193548387098","0.7847826086956522","0.17779661016949153","0.7986440677966101","0.505"
"0","0.1303529411764706","1.0","0.9767058823529412","0.16529411764705884","0.01","1.01","0.01","0.01","0.01","0.01","0.01","0.175","0.13774193548387098","0.7847826086956522","0.17779661016949153","0.7986440677966101","0.505"
"3","0.6001176470588235","0.21188235294117647","0.1148235294117647","0.347764705882353","0.01","0.01","0.01","1.01","0.01","0.01","0.01","0.175","0.13774193548387098","0.7847826086956522","0.17779661016949153","0.7986440677966101","0.505"
"9","0.1148235294117647","0.8485882352941176","0.07988235294117646","0.8990588235294118","0.01","0.01","0.01","1.01","0.01","0.01","0.01","0.175","0.13774193548387098","0.7847826086956522","0.17779661016949153","0.8154237288135594","0.505"
"6","0.8641176470588235","0.26623529411764707","0.8175294117647058","0.7088235294117647","0.01","0.01","0.01","0.01","0.01","0.01","1.01","0.175","0.13774193548387098","0.7847826086956522","0.17779661016949153","0.8154237288135594","0.505"
"9","0.7748235294117647","0.9495294117647058","0.0371764705882353","0.4487058823529412","0.01","0.01","0.01","1.01","0.01","0.01","0.01","0.175","0.13774193548387098","0.7847826086956522","0.17779661016949153","0.8154237288135594","0.505"
"5","0.42152941176470593","0.743764705882353","0.6428235294117647","0.09152941176470587","0.01","0.01","0.01","1.01","0.01","0.01","0.01","0.175","0.13774193548387098","0.7847826086956522","0.17779661016949153","0.8154237288135594","0.505"
"2","0.4370588235294118","0.9223529411764705","0.3904705882352941","0.6971764705882353","0.01","0.01","0.01","0.01","0.01","1.01","0.01","0.175","0.13774193548387098","0.7847826086956522","0.17779661016949153","0.8154237288135594","0.505"
"1","0.406","0.5302352941176471","0.5457647058823529","0.6272941176470588","0.01","1.01","0.01","0.01","0.01","0.01","0.01","0.175","0.13774193548387098","0.7847826086956522","0.17779661016949153","0.8154237288135594","0.505"
"8","0.6583529411764706","0.5729411764705882","0.941764705882353","0.7204705882352941","0.01","0.01","0.01","0.01","0.01","1.01","0.01","0.175","0.13774193548387098","0.7847826086956522","0.17779661016949153","0.8154237288135594","0.505"
"4","0.26235294117647057","0.3128235294117647","0.7243529411764705","0.8136470588235294","0.01","0.01","1.01","0.01","0.01","0.01","0.01","0.175","0.13774193548387098","0.7847826086956522","0.17779661016949153","0.8154237288135594","0.505"
"6","0.6777647058823529","0.5574117647058824","0.47200000000000003","0.8447058823529412","0.01","0.01","0.01","0.01","1.01","0.01","0.01","0.175","0.13774193548387098","0.7847826086956522","0.17779661016949153","0.8154237288135594","0.505"
"1","0.10317647058823529","0.5729411764705882","0.5535294117647059","0.7127058823529412","0.01","1.01","0.01","0.01","0.01","0.01","0.01","0.175","0.13774193548387098","0.7847826086956522","0.17779661016949153","0.8154237288135594","0.505"
"0","0.20800000000000002","0.3089411764705882","0.6117647058823529","0.6932941176470588","0.01","0.01","0.01","0.01","0.01","1.01","0.01","0.175","0.13774193548387098","0.7847826086956522","0.17779661016949153","0.8154237288135594","0.505"
"1","0.07988235294117646","0.1847058823529412","0.538","0.18082352941176472","0.01","0.01","0.01","0.01","0.01","1.01","0.01","0.175","0.13774193548387098","0.7847826086956522","0.17779661016949153","0.8154237288135594","0.505"
"5","0.4331764705882353","0.6661176470588235","0.26623529411764707","0.6894117647058824","0.01","0.01","0.01","1.01","0.01","0.01","0.01","0.175","0.13774193548387098","0.7847826086956522","0.17779661016949153","0.8322033898305085","0.505"
"6","0.3011764705882353","0.6428235294117647","0.6272941176470588","0.7049411764705882","1.01","0.01","0.01","0.01","0.01","0.01","0.01","0.175","0.13774193548387098","0.7847826086956522","0.17779661016949153","0.8322033898305085","0.505"
"5","0.13811764705882354","0.8408235294117647","0.6699999999999999","0.26623529411764707","0.01","0.01","0.01","0.01","0.01","0.01","1.01","0.175","0.13774193548387098","0.7847826086956522","0.17779661016949153","0.8322033898305085","0.505"
"4","0.4914117647058823","0.6078823529411764","0.8951764705882354","0.6272941176470588","0.01","0.01","0.01","1.01","0.01","0.01","0.01","0.175","0.13774193548387098","0.7847826086956522","0.17779661016949153","0.8322033898305085","0.505"
"7","0.8214117647058823","0.406","0.6971764705882353","0.15364705882352944","0.01","0.01","0.01","0.01","0.01","0.01","1.01","0.175","0.13774193548387098","0.7847826086956522","0.17779661016949153","0.8322033898305085","0.505"
"8","0.8136470588235294","0.7049411764705882","0.8408235294117647","0.6699999999999999","1.01","0.01","0.01","0.01","0.01","0.01","0.01","0.175","0.13774193548387098","0.7847826086956522","0.17779661016949153","0.8322033898305085","0.505"
"3","0.8796470588235294","0.14976470588235294","0.9495294117647058","0.22741176470588237","1.01","0.01","0.01","0.01","0.01","0.01","0.01","0.175","0.13774193548387098","0.7847826086956522","0.17779661016949153","0.8322033898305085","0.505"
"0","0.9922352941176471","0.8097647058823529","0.9223529411764705","0.18858823529411764","0.01","0.01","1.01","0.01","0.01","0.01","0.01","0.175","0.13774193548387098","0.7847826086956522","0.17779661016949153","0.8322033898305085","0.505"
"2","0.274","0.7204705882352941","0.8524705882352941","0.6699999999999999","1.01","0.01","0.01","0.01","0.01","0.01","0.01","0.175","0.13774193548387098","0.7847826086956522","0.17779661016949153","0.8322033898305085","0.505"
"1","0.33999999999999997","0.6583529411764706","0.25458823529411767","0.025529411764705884","0.01","0.01","0.01","0.01","0.01","0.01","1.01","0.175","0.13774193548387098","0.7847826086956522","0.17779661016949153","0.8489830508474576","0.505"
"9","0.1148235294117647","0.7282352941176471","0.27788235294117647","0.1847058823529412","0.01","0.01","0.01","0.01","1.01","0.01","0.01","0.175","0.13774193548387098","0.7847826086956522","0.17779661016949153","0.8489830508474576","0.505"
"3","0.8951764705882354","0.4525882352941177","0.5884705882352942","0.06435294117647058","0.01","0.01","0.01","0.01","0.01","0.01","1.01","0.175","0.13774193548387098","0.7847826086956522","0.17779661016949153","0.8489830508474576","0.505"
"4","0.6505882352941177","0.6389411764705882","0.5807058823529412","0.3749411764705883","0.01","1.01","0.01","0.01","0.01","0.01","0.01","0.175","0.13774193548387098","0.7847826086956522","0.17779661016949153","0.8489830508474576","0.505"
"0","0.025529411764705884","0.13423529411764706","0.7592941176470588","0.3244705882352941","0.01","0.01","0.01","0.01","0.01","0.01","1.01","0.175","0.13774193548387098","0.7847826086956522","0.17779661016949153","0.8489830508474576","0.505"
"5","0.2856470588235294","0.9689411764705882","0.06435294117647058","0.1264705882352941","1.01","0.01","0.01","0.01","0.01","0.01","0.01","0.175","0.13774193548387098","0.7847826086956522","0.17779661016949153","0.8489830508474576","0.505"
"9","0.31670588235294117","0.5612941176470588","0.6078823529411764","0.041058823529411766","0.01","0.01","0.01","0.01","1.01","0.01","0.01","0.175","0.13774193548387098","0.7847826086956522","0.17779661016949153","0.8489830508474576","0.505"
"1","0.0371764705882353","0.8835294117647059","0.18082352941176472","0.8951764705882354","0.01","1.01","0.01","0.01","0.01","0.01","0.01","0.175","0.13774193548387098","0.7847826086956522","0.17779661016949153","0.8489830508474576","0.505"
"2","0.4875294117647059","0.6738823529411764","0.7243529411764705","0.9922352941176471","0.01","0.01","0.01","0.01","0.01","0.01","1.01","0.175","0.13774193548387098","0.7847826086956522","0.17779661016949153","0.8489830508474576","0.505"
"6","0.3788235294117647","0.5418823529411765","0.3982352941176471","0.060470588235294116","0.01","0.01","0.01","0.01","0.01","1.01","0.01","0.175","0.13774193548387098","0.7847826086956522","0.17779661016949153","0.8489830508474576","0.505"
"0","0.21964705882352942","0.8097647058823529","0.7787058823529412","0.9029411764705882","0.01","0.01","0.01","0.01","0.01","0.01","1.01","0.175","0.13774193548387098","0.7847826086956522","0.17779661016949153","0.8489830508474576","0.505"
"6","0.11094117647058822","0.5185882352941176","0.6156470588235294","0.5418823529411765","0.01","0.01","0.01","1.01","0.01","0.01","0.01","0.175","0.13774193548387098","0.7847826086956522","0.17779661016949153","0.8489830508474576","0.505"
"9","0.3594117647058824","0.17305882352941176","0.25070588235294117","0.26623529411764707","0.01","0.01","0.01","0.01","1.01","0.01","0.01","0.175","0.13774193548387098","0.7847826086956522","0.17779661016949153","0.8489830508474576","0.505"
"6","0.7981176470588235","0.9922352941176471","0.8291764705882353","0.2934117647058823","0.01","0.01","0.01","0.01","0.01","1.01","0.01","0.175","0.13774193548387098","0.7847826086956522","0.17779661016949153","0.8657627118644068","0.505"
"4","0.8291764705882353","0.7398823529411765","0.35552941176470587","0.3438823529411765","1.01","0.01","0.01","0.01","0.01","0.01","0.01","0.175","0.13774193548387098","0.7847826086956522","0.17779661016949153","0.8657627118644068","0.505"
"4","0.5845882352941177","0.3710588235294118","0.09152941176470587","0.3788235294117647","1.01","0.01","0.01","0.01","0.01","0.01","0.01","0.175","0.13774193548387098","0.7847826086956522","0.17779661016949153","0.8657627118644068","0.505"
"8","0.26235294117647057","0.9728235294117646","0.5845882352941177","0.16141176470588237","0.01","0.01","0.01","0.01","0.01","0.01","1.01","0.175","0.13774193548387098","0.7847826086956522","0.17779661016949153","0.8657627118644068","0.505"
"6","0.743764705882353","0.4603529411764706","0.5185882352941176","0.9883529411764707","0.01","0.01","0.01","0.01","0.01","1.01","0.01","0.175","0.13774193548387098","0.7847826086956522","0.17779661016949153","0.8657627118644068","0.505"
"6","0.4409411764705882","0.7398823529411765","0.6272941176470588","0.9029411764705882","0.01","0.01","0.01","0.01","0.01","1.01","0.01","0.175","0.13774193548387098","0.7847826086956522","0.17779661016949153","0.8657627118644068","0.505"
"4","0.802","0.9650588235294117","0.9068235294117647","0.7864705882352941","0.01","0.01","0.01","0.01","1.01","0.01","0.01","0.175","0.13774193548387098","0.7847826086956522","0.17779661016949153","0.8657627118644068","0.505"
"4","0.7864705882352941","0.4487058823529412","0.04882352941176471","0.8058823529411765","0.01","0.01","0.01","0.01","1.01","0.01","0.01","0.175","0.13774193548387098","0.7847826086956522","0.17779661016949153","0.8657627118644068","0.505"
"5","0.4603529411764706","0.03329411764705882","0.8757647058823529","0.49529411764705883","1.01","0.01","0.01","0.01","0.01","0.01","0.01","0.175","0.13774193548387098","0.7847826086956522","0.17779661016949153","0.8657627118644068","0.505"
"2","0.281764705882353","0.8718823529411764","0.7864705882352941","0.802","1.01","0.01","0.01","0.01","0.01","0.01","0.01","0.175","0.13774193548387098","0.7847826086956522","0.17779661016949153","0.8657627118644068","0.505"
"7","0.11094117647058822","0.5496470588235294","0.7825882352941177","0.16141176470588237","0.01","0.01","1.01","0.01","0.01","0.01","0.01","0.175","0.13774193548387098","0.7847826086956522","0.17779661016949153","0.8657627118644068","0.505"
"6","0.9611764705882353","0.1575294117647059","0.10317647058823529","0.6932941176470588","0.01","1.01","0.01","0.01","0.01","0.01","0.01","0.175","0.13774193548387098","0.7847826086956522","0.17779661016949153","0.8657627118644068","0.505"
"8","0.20800000000000002","0.6001176470588235","0.794235294117647","0.5496470588235294","0.01","0.01","1.01","0.01","0.01","0.01","0.01","0.175","0.13774193548387098","0.7847826086956522","0.17779661016949153","0.8657627118644068","0.505"
"8","0.868","0.04882352941176471","0.03329411764705882","0.1963529411764706","0.01","0.01","0.01","0.01","0.01","0.01","1.01","0.175","0.13774193548387098","0.7847826086956522","0.17779661016949153","0.882542372881356","0.505"
"7","0.7088235294117647","0.08764705882352941","0.7204705882352941","0.10317647058823529","0.01","0.01","0.01","0.01","1.01","0.01","0.01","0.175","0.13774193548387098","0.7847826086956522","0.17779661016949153","0.882542372881356","0.505"
"6","0.1303529411764706","0.662235294117647","0.8835294117647059","0.39435294117647063","0.01","0.01","0.01","0.01","0.01","0.01","1.01","0.175","0.13774193548387098","0.7847826086956522","0.17779661016949153","0.882542372881356","0.505"
"4","0.1264705882352941","0.49917647058823533","0.6001176470588235","0.8097647058823529","0.01","0.01","0.01","0.01","1.01","0.01","0.01","0.175","0.13774193548387098","0.7847826086956522","0.17779661016949153","0.882542372881356","0.505"
"8","0.5457647058823529","0.07988235294117646","0.1847058823529412","0.8951764705882354","0.01","1.01","0.01","0.01","0.01","0.01","0.01","0.175","0.13774193548387098","0.7847826086956522","0.17779661016949153","0.882542372881356","0.505"
"1","0.4292941176470588","0.20023529411764707","0.076","0.6971764705882353","1.01","0.01","0.01","0.01","0.01","0.01","0.01","0.175","0.13774193548387098","0.7847826086956522","0.17779661016949153","0.882542372881356","0.505"
"7","0.9689411764705882","0.7398823529411765","0.8369411764705883","0.8641176470588235","1.01","0.01","0.01","0.01","0.01","0.01","0.01","0.175","0.13774193548387098","0.7847826086956522","0.17779661016949153","0.882542372881356","0.505"
"6","0.01388235294117647","0.5923529411764706","0.10705882352941176","0.7592941176470588","0.01","0.01","0.01","0.01","0.01","0.01","1.01","0.175","0.13774193548387098","0.7847826086956522","0.17779661016949153","0.882542372881356","0.505"
"5","0.7670588235294117","0.6816470588235295","0.9572941176470589","0.7981176470588235","0.01","0.01","0.01","0.01","1.01","0.01","0.01","0.175","0.13774193548387098","0.7847826086956522","0.17779661016949153","0.882542372881356","0.505"
"1","0.11094117647058822","0.2972941176470589","0.9572941176470589","0.7127058823529412","0.01","0.01","0.01","0.01","1.01","0.01","0.01","0.175","0.13774193548387098","0.7847826086956522","0.17779661016949153","0.882542372881356","0.505"
"9","0.22741176470588237","0.6971764705882353","0.1847058823529412","0.868","0.01","0.01","0.01","1.01","0.01","0.01","0.01","0.175","0.13774193548387098","0.7847826086956522","0.17779661016949153","0.882542372881356","0.505"
"1","0.3089411764705882","0.7981176470588235","0.868","0.7204705882352941","0.01","0.01","0.01","1.01","0.01","0.01","0.01","0.175","0.13774193548387098","0.7847826086956522","0.17779661016949153","0.8993220338983051","0.505"
"0","0.8097647058823529","0.8835294117647059","0.4487058823529412","0.45647058823529413","0.01","0.01","0.01","0.01","0.01","1.01","0.01","0.175","0.13774193548387098","0.7847826086956522","0.17779661016949153","0.8993220338983051","0.505"
"1","0.8563529411764705","0.31670588235294117","0.9145882352941176","0.13811764705882354","0.01","0.01","0.01","1.01","0.01","0.01","0.01","0.175","0.13774193548387098","0.7847826086956522","0.17779661016949153","0.8993220338983051","0.505"
"1","0.3632941176470588","0.6855294117647059","0.8796470588235294","0.8291764705882353","0.01","0.01","0.01","0.01","0.01","0.01","1.01","0.175","0.13774193548387098","0.7847826086956522","0.17779661016949153","0.8993220338983051","0.505"
"4","0.7476470588235294","0.17305882352941176","0.9145882352941176","0.8757647058823529","0.01","0.01","0.01","1.01","0.01","0.01","0.01","0.175","0.13774193548387098","0.7847826086956522","0.17779661016949153","0.8993220338983051","0.505"
"1","0.11094117647058822","0.7127058823529412","0.941764705882353","0.07211764705882352","0.01","0.01","1.01","0.01","0.01","0.01","0.01","0.175","0.13774193548387098","0.7847826086956522","0.17779661016949153","0.8993220338983051","0.505"
"3","0.13423529411764706","0.6078823529411764","0.10705882352941176","0.8408235294117647","0.01","0.01","0.01","0.01","0.01","0.01","1.01","0.175","0.13774193548387098","0.7847826086956522","0.17779661016949153","0.8993220338983051","0.505"
"3","0.8990588235294118","0.6583529411764706","0.1847058823529412","0.09541176470588235","1.01","0.01","0.01","0.01","0.01","0.01","0.01","0.175","0.13774193548387098","0.7847826086956522","0.17779661016949153","0.8993220338983051","0.505"
"7","0.7864705882352941","0.21188235294117647","0.860235294117647","0.24682352941176472","0.01","0.01","0.01","0.01","1.01","0.01","0.01","0.175","0.13774193548387098","0.7847826086956522","0.17779661016949153","0.8993220338983051","0.505"
"4","0.8369411764705883","0.5224705882352941","0.48364705882352943","0.9107058823529411","0.01","0.01","0.01","0.01","0.01","1.01","0.01","0.175","0.13774193548387098","0.7847826086956522","0.17779661016949153","0.8993220338983051","0.505"
"4","0.27788235294117647","0.5302352941176471","0.5729411764705882","0.8369411764705883","1.01","0.01","0.01","0.01","0.01","0.01","0.01","0.175","0.13774193548387098","0.7847826086956522","0.17779661016949153","0.8993220338983051","0.505"
"2","0.7088235294117647","0.9767058823529412","0.5108235294117647","0.5535294117647059","0.01","1.01","0.01","0.01","0.01","0.01","0.01","0.175","0.13774193548387098","0.7847826086956522","0.17779661016949153","0.8993220338983051","0.505"
"1","0.3827058823529412","0.1458823529411765","0.7981176470588235","0.662235294117647","0.01","1.01","0.01","0.01","0.01","0.01","0.01","0.175","0.13774193548387098","0.7847826086956522","0.17779661016949153","0.9161016949152543","0.505"
"8","0.5418823529411765","0.5069411764705882","0.6738823529411764","0.5496470588235294","0.01","0.01","1.01","0.01","0.01","0.01","0.01","0.175","0.13774193548387098","0.7847826086956522","0.17779661016949153","0.9161016949152543","0.505"
"1","0.7282352941176471","0.2235294117647059","0.5612941176470588","0.347764705882353","1.01","0.01","0.01","0.01","0.01","0.01","0.01","0.175","0.13774193548387098","0.7847826086956522","0.17779661016949153","0.9161016949152543","0.505"
"9","0.6272941176470588","0.1264705882352941","0.7088235294117647","0.9223529411764705","0.01","0.01","0.01","1.01","0.01","0.01","0.01","0.175","0.13774193548387098","0.7847826086956522","0.17779661016949153","0.9161016949152543","0.505"
"2","0.07211764705882352","0.2856470588235294","0.9456470588235294","0.21576470588235297","1.01","0.01","0.01","0.01","0.01","0.01","0.01","0.175","0.13774193548387098","0.7847826086956522","0.17779661016949153","0.9161016949152543","0.505"
"4","0.5690588235294117","0.025529411764705884","0.9029411764705882","0.7592941176470588","0.01","0.01","1.01","0.01","0.01","0.01","0.01","0.175","0.13774193548387098","0.7847826086956522","0.17779661016949153","0.9161016949152543","0.505"
"8","0.6078823529411764","0.9961176470588236","0.3283529411764706","0.24682352941176472","0.01","0.01","0.01","0.01","1.01","0.01","0.01","0.175","0.13774193548387098","0.7847826086956522","0.17779661016949153","0.9161016949152543","0.505"
"3","0.3632941176470588","0.3788235294117647","0.6272941176470588","0.9689411764705882","0.01","1.01","0.01","0.01","0.01","0.01","0.01","0.175","0.13774193548387098","0.7847826086956522","0.17779661016949153","0.9161016949152543","0.505"
"2","0.6738823529411764","0.18082352941176472","0.10317647058823529","0.16917647058823532","0.01","0.01","0.01","0.01","0.01","1.01","0.01","0.175","0.13774193548387098","0.7847826086956522","0.17779661016949153","0.9328813559322033","0.505"
"8","0.6311764705882353","0.8990588235294118","0.6156470588235294","0.5341176470588236","0.01","0.01","0.01","1.01","0.01","0.01","0.01","0.175","0.13774193548387098","0.7847826086956522","0.17779661016949153","0.9328813559322033","0.505"
"7","0.7670588235294117","0.464235294117647","0.7825882352941177","0.662235294117647","0.01","1.01","0.01","0.01","0.01","0.01","0.01","0.175","0.13774193548387098","0.7847826086956522","0.17779661016949153","0.9328813559322033","0.505"
"0","0.6311764705882353","0.3516470588235294","0.4409411764705882","0.8136470588235294","0.01","0.01","1.01","0.01","0.01","0.01","0.01","0.175","0.13774193548387098","0.7847826086956522","0.17779661016949153","0.9328813559322033","0.505"
"8","0.2701176470588236","0.20800000000000002","0.076","0.30505882352941177","0.01","1.01","0.01","0.01","0.01","0.01","0.01","0.175","0.13774193548387098","0.7847826086956522","0.17779661016949153","0.9328813559322033","0.505"
"0","0.029411764705882353","0.7088235294117647","0.3516470588235294","0.6544705882352941","0.01","1.01","0.01","0.01","0.01","0.01","0.01","0.175","0.13774193548387098","0.7847826086956522","0.17779661016949153","0.9328813559322033","0.505"
"6","0.3128235294117647","0.6234117647058823","0.5185882352941176","0.10317647058823529","0.01","0.01","0.01","1.01","0.01","0.01","0.01","0.175","0.13774193548387098","0.7847826086956522","0.17779661016949153","0.9328813559322033","0.505"
"3","0.42152941176470593","0.19247058823529414","0.16141176470588237","0.7010588235294117","0.01","1.01","0.01","0.01","0.01","0.01","0.01","0.175","0.13774193548387098","0.7847826086956522","0.17779661016949153","0.9496610169491526","0.505"
"8","0.7010588235294117","0.9223529411764705","0.5030588235294118","0.14200000000000002","0.01","0.01","0.01","0.01","1.01","0.01","0.01","0.175","0.13774193548387098","0.7847826086956522","0.17779661016949153","0.9496610169491526","0.505"
"2","0.7554117647058823","0.860235294117647","0.7787058823529412","0.5651764705882353","0.01","0.01","0.01","0.01","0.01","0.01","1.01","0.175","0.13774193548387098","0.7847826086956522","0.17779661016949153","0.9496610169491526","0.505"
"8","0.1575294117647059","0.16529411764705884","0.7709411764705882","0.5108235294117647","0.01","0.01","0.01","0.01","0.01","1.01","0.01","0.175","0.13774193548387098","0.7847826086956522","0.17779661016949153","0.9496610169491526","0.505"
"1","0.7282352941176471","0.09929411764705881","0.1963529411764706","0.8757647058823529","0.01","0.01","0.01","0.01","1.01","0.01","0.01","0.175","0.13774193548387098","0.7847826086956522","0.17779661016949153","0.9496610169491526","0.505"
"2","0.2235294117647059","0.918470588235294","0.743764705882353","0.662235294117647","0.01","0.01","1.01","0.01","0.01","0.01","0.01","0.175","0.13774193548387098","0.7847826086956522","0.17779661016949153","0.9496610169491526","0.505"
"9","0.9068235294117647","0.4331764705882353","0.5185882352941176","0.6311764705882353","0.01","0.01","0.01","0.01","0.01","0.01","1.01","0.175","0.13774193548387098","0.7847826086956522","0.17779661016949153","0.9664406779661017","0.505"
"0","0.9650588235294117","0.736","0.604","0.3361176470588235","0.01","0.01","1.01","0.01","0.01","0.01","0.01","0.175","0.13774193548387098","0.7847826086956522","0.17779661016949153","0.9664406779661017","0.505"
"1","0.7825882352941177","0.9495294117647058","0.9572941176470589","0.5341176470588236","0.01","0.01","1.01","0.01","0.01","0.01","0.01","0.175","0.13774193548387098","0.7847826086956522","0.17779661016949153","0.9664406779661017","0.505"
"2","0.4487058823529412","0.8641176470588235","0.7981176470588235","0.17305882352941176","1.01","0.01","0.01","0.01","0.01","0.01","0.01","0.175","0.13774193548387098","0.7847826086956522","0.17779661016949153","0.9664406779661017","0.505"
"6","0.6078823529411764","0.41764705882352937","0.6699999999999999","0.4331764705882353","0.01","0.01","1.01","0.01","0.01","0.01","0.01","0.175","0.13774193548387098","0.7847826086956522","0.17779661016949153","0.9664406779661017","0.505"
"5","0.9767058823529412","0.42152941176470593","0.7787058823529412","0.1264705882352941","0.01","0.01","0.01","0.01","1.01","0.01","0.01","0.175","0.13774193548387098","0.7847826086956522","0.17779661016949153","0.9664406779661017","0.505"
"8","0.7748235294117647","0.12258823529411764","0.12258823529411764","0.9805882352941176","0.01","0.01","0.01","0.01","0.01","0.01","1.01","0.175","0.13774193548387098","0.7847826086956522","0.17779661016949153","0.983220338983051","0.505"
"2","0.03329411764705882","0.7165882352941176","0.7398823529411765","0.8369411764705883","0.01","0.01","1.01","0.01","0.01","0.01","0.01","0.175","0.13774193548387098","0.7847826086956522","0.17779661016949153","0.983220338983051","0.505"
"8","0.5185882352941176","0.6311764705882353","0.09929411764705881","0.4758823529411765","0.01","0.01","0.01","0.01","0.01","1.01","0.01","0.175","0.13774193548387098","0.7847826086956522","0.17779661016949153","0.983220338983051","0.505"
"0","0.6738823529411764","0.9223529411764705","0.7709411764705882","0.3982352941176471","0.01","0.01","1.01","0.01","0.01","0.01","0.01","0.175","0.13774193548387098","0.7847826086956522","0.17779661016949153","0.983220338983051","0.505"
"7","0.9378823529411765","0.9844705882352941","0.23129411764705884","0.794235294117647","0.01","0.01","0.01","0.01","1.01","0.01","0.01","0.175","0.13774193548387098","0.7847826086956522","0.17779661016949153","0.983220338983051","0.505"
"5","0.3361176470588235","0.5147058823529411","0.4409411764705882","0.281764705882353","0.01","0.01","0.01","1.01","0.01","0.01","0.01","0.175","0.13774193548387098","0.7847826086956522","0.17779661016949153","0.983220338983051","0.505"
"7","0.8718823529411764","0.33999999999999997","0.6816470588235295","0.5224705882352941","0.01","0.01","0.01","0.01","0.01","0.01","1.01","0.175","0.13774193548387098","0.7847826086956522","0.17779661016949153","0.983220338983051","0.505"
"6","0.860235294117647","0.662235294117647","0.6078823529411764","0.3438823529411765","0.01","0.01","0.01","0.01","0.01","0.01","1.01","0.175","0.13774193548387098","0.7847826086956522","0.17779661016949153","0.983220338983051","0.505"
"4","0.918470588235294","0.8369411764705883","0.8874117647058823","0.3516470588235294","0.01","0.01","0.01","0.01","1.01","0.01","0.01","0.175","0.13774193548387098","0.7847826086956522","0.17779661016949153","0.983220338983051","0.505"
"1","0.49529411764705883","0.6894117647058824","0.5845882352941177","0.7398823529411765","0.01","0.01","0.01","0.01","0.01","1.01","0.01","0.175","0.13774193548387098","0.7847826086956522","0.17779661016949153","0.983220338983051","0.505"
"7","0.5729411764705882","0.11870588235294117","0.7748235294117647","0.3865882352941176","0.01","0.01","0.01","1.01","0.01","0.01","0.01","0.175","0.13774193548387098","0.7847826086956522","0.17779661016949153","1.0","0.505"
"4","0.6467058823529412","0.19247058823529414","0.24294117647058824","0.11870588235294117","0.01","0.01","0.01","0.01","0.01","1.01","0.01","0.175","0.13774193548387098","0.7847826086956522","0.17779661016949153","0.983220338983051","0.505"
"4","0.5496470588235294","0.9572941176470589","0.20411764705882354","0.26623529411764707","0.01","0.01","1.01","0.01","0.01","0.01","0.01","0.175","0.13774193548387098","0.7847826086956522","0.17779661016949153","1.0","0.505"
"4","0.2972941176470589","0.21188235294117647","0.4098823529411765","0.27788235294117647","0.01","0.01","0.01","0.01","0.01","0.01","1.01","0.175","0.13774193548387098","0.7847826086956522","0.17779661016949153","1.0","0.505"
"6","0.17694117647058824","0.6894117647058824","0.17694117647058824","0.6156470588235294","0.01","0.01","0.01","0.01","0.01","1.01","0.01","0.175","0.13774193548387098","0.7847826086956522","0.17779661016949153","1.0","0.505"
"3","0.21964705882352942","0.5185882352941176","0.5845882352941177","0.4758823529411765","0.01","0.01","1.01","0.01","0.01","0.01","0.01","0.175","0.13774193548387098","0.7847826086956522","0.17779661016949153","1.0","0.505"
"9","0.1303529411764706","0.9805882352941176","0.6001176470588235","0.4914117647058823","0.01","1.01","0.01","0.01","0.01","0.01","0.01","0.175","0.13774193548387098","0.7847826086956522","0.17779661016949153","1.0","0.505"
"3","0.06823529411764706","0.8641176470588235","0.1264705882352941","0.9223529411764705","0.01","0.01","1.01","0.01","0.01","0.01","0.01","0.175","0.13774193548387098","0.7847826086956522","0.17779661016949153","1.0","0.505"
"2","0.6583529411764706","0.7554117647058823","0.4758823529411765","0.8912941176470588","0.01","0.01","1.01","0.01","0.01","0.01","0.01","0.175","0.13774193548387098","0.7847826086956522","0.17779661016949153","1.0","0.505"
"8","0.30505882352941177","0.3594117647058824","0.9611764705882353","0.9223529411764705","1.01","0.01","0.01","0.01","0.01","0.01","0.01","0.175","0.13774193548387098","0.7847826086956522","0.17779661016949153","1.0","0.505"
"7","0.7864705882352941","0.5263529411764706","0.1148235294117647","0.8136470588235294","0.01","0.01","0.01","0.01","0.01","1.01","0.01","0.175","0.13774193548387098","0.7847826086956522","0.17779661016949153","1.0","0.505"
"2","0.1575294117647059","0.25070588235294117","0.7398823529411765","0.02164705882352941","0.01","0.01","1.01","0.01","0.01","0.01","0.01","0.175","0.13774193548387098","0.7847826086956522","0.1945762711864407","0.01","0.505"
"5","0.8990588235294118","0.7010588235294117","0.8524705882352941","0.6117647058823529","0.01","1.01","0.01","0.01","0.01","0.01","0.01","0.175","0.13774193548387098","0.7847826086956522","0.1945762711864407","0.01","0.505"
"2","0.16529411764705884","0.25070588235294117","0.45647058823529413","0.3982352941176471","0.01","0.01","0.01","0.01","0.01","1.01","0.01","0.175","0.13774193548387098","0.7847826086956522","0.1945762711864407","0.01","0.505"
"0","0.2584705882352941","0.8175294117647058","0.3438823529411765","0.21576470588235297","0.01","0.01","0.01","0.01","0.01","1.01","0.01","0.175","0.13774193548387098","0.7847826086956522","0.1945762711864407","0.01","0.505"
"3","0.1458823529411765","0.7825882352941177","0.604","0.9495294117647058","1.01","0.01","0.01","0.01","0.01","0.01","0.01","0.175","0.13774193548387098","0.7847826086956522","0.1945762711864407","0.01","0.505"
"9","0.1303529411764706","0.24294117647058824","0.49917647058823533","0.05270588235294118","0.01","1.01","0.01","0.01","0.01","0.01","0.01","0.175","0.13774193548387098","0.7847826086956522","0.1945762711864407","0.01","0.505"
"9","0.918470588235294","0.9922352941176471","0.3361176470588235","0.538","0.01","0.01","0.01","1.01","0.01","0.01","0.01","0.175","0.13774193548387098","0.7847826086956522","0.1945762711864407","0.01","0.505"
"8","0.8136470588235294","0.9728235294117646","0.05658823529411765","0.15364705882352944","0.01","0.01","0.01","0.01","0.01","0.01","1.01","0.175","0.13774193548387098","0.7847826086956522","0.1945762711864407","0.01","0.505"
"9","0.8214117647058823","0.06823529411764706","0.7787058823529412","0.08764705882352941","0.01","0.01","1.01","0.01","0.01","0.01","0.01","0.175","0.13774193548387098","0.7847826086956522","0.1945762711864407","0.01","0.505"
"9","0.47200000000000003","0.5884705882352942","0.49529411764705883","0.8175294117647058","0.01","0.01","0.01","0.01","0.01","1.01","0.01","0.175","0.13774193548387098","0.7847826086956522","0.1945762711864407","0.01","0.505"
"3","0.6816470588235295","0.8563529411764705","0.9378823529411765","0.45647058823529413","0.01","0.01","0.01","0.01","0.01","0.01","1.01","0.175","0.13774193548387098","0.7847826086956522","0.1945762711864407","0.01","0.505"
"5","0.3011764705882353","0.3865882352941176","0.604","0.3089411764705882","1.01","0.01","0.01","0.01","0.01","0.01","0.01","0.175","0.13774193548387098","0.7847826086956522","0.1945762711864407","0.026779661016949154","0.505"
"9","0.6777647058823529","0.9262352941176472","0.6311764705882353","0.4525882352941177","0.01","0.01","0.01","0.01","0.01","0.01","1.01","0.175","0.13774193548387098","0.7847826086956522","0.1945762711864407","0.026779661016949154","0.505"
"5","0.8990588235294118","0.8447058823529412","0.8951764705882354","0.9844705882352941","0.01","0.01","1.01","0.01","0.01","0.01","0.01","0.175","0.13774193548387098","0.7847826086956522","0.1945762711864407","0.026779661016949154","0.505"
"1","0.35552941176470587","0.09541176470588235","0.01776470588235294","0.538","0.01","0.01","0.01","0.01","1.01","0.01","0.01","0.175","0.13774193548387098","0.7847826086956522","0.1945762711864407","0.026779661016949154","0.505"
"9","0.802","0.42152941176470593","0.802","0.4331764705882353","0.01","0.01","0.01","1.01","0.01","0.01","0.01","0.175","0.13774193548387098","0.7847826086956522","0.1945762711864407","0.026779661016949154","0.505"
"4","0.5884705882352942","0.3788235294117647","0.736","0.9068235294117647","1.01","0.01","0.01","0.01","0.01","0.01","0.01","0.175","0.13774193548387098","0.7847826086956522","0.1945762711864407","0.026779661016949154","0.505"
"6","0.5147058823529411","0.029411764705882353","0.06823529411764706","0.3089411764705882","0.01","0.01","0.01","1.01","0.01","0.01","0.01","0.175","0.13774193548387098","0.7847826086956522","0.1945762711864407","0.026779661016949154","0.505"
"2","0.6932941176470588","0.20023529411764707","0.5263529411764706","0.6001176470588235","1.01","0.01","0.01","0.01","0.01","0.01","0.01","0.175","0.13774193548387098","0.7847826086956522","0.1945762711864407","0.026779661016949154","0.505"
"0","0.6195294117647059","0.406","0.7321176470588235","0.934","1.01","0.01","0.01","0.01","0.01","0.01","0.01","0.175","0.13774193548387098","0.7847826086956522","0.1945762711864407","0.026779661016949154","0.505"
"4","0.1963529411764706","0.7321176470588235","0.1575294117647059","0.16529411764705884","0.01","0.01","0.01","0.01","1.01","0.01","0.01","0.175","0.13774193548387098","0.7847826086956522","0.1945762711864407","0.026779661016949154","0.505"
"1","0.7049411764705882","0.5923529411764706","0.7282352941176471","0.7165882352941176","0.01","0.01","0.01","1.01","0.01","0.01","0.01","0.175","0.13774193548387098","0.7847826086956522","0.1945762711864407","0.026779661016949154","0.505"
"1","0.20411764705882354","0.4254117647058824","0.01776470588235294","0.20023529411764707","1.01","0.01","0.01","0.01","0.01","0.01","0.01","0.175","0.13774193548387098","0.7847826086956522","0.1945762711864407","0.026779661016949154","0.505"
"5","0.21964705882352942","0.9534117647058823","0.794235294117647","0.7670588235294117","0.01","0.01","0.01","0.01","0.01","0.01","1.01","0.175","0.13774193548387098","0.7847826086956522","0.1945762711864407","0.026779661016949154","0.505"
"2","0.3361176470588235","0.7787058823529412","0.9223529411764705","0.3283529411764706","0.01","0.01","0.01","1.01","0.01","0.01","0.01","0.175","0.13774193548387098","0.7847826086956522","0.1945762711864407","0.043559322033898305","0.505"
"8","0.4098823529411765","0.26235294117647057","0.8369411764705883","0.9029411764705882","0.01","0.01","0.01","0.01","0.01","1.01","0.01","0.175","0.13774193548387098","0.7847826086956522","0.1945762711864407","0.043559322033898305","0.505"
"1","0.6544705882352941","0.6467058823529412","0.21576470588235297","0.6350588235294118","0.01","0.01","1.01","0.01","0.01","0.01","0.01","0.175","0.13774193548387098","0.7847826086956522","0.1945762711864407","0.043559322033898305","0.505"
"7","0.347764705882353","0.9262352941176472","0.22741176470588237","0.918470588235294","0.01","0.01","0.01","0.01","1.01","0.01","0.01","0.175","0.13774193548387098","0.7847826086956522","0.1945762711864407","0.043559322033898305","0.505"
"8","0.9767058823529412","0.274","0.5069411764705882","0.7127058823529412","0.01","0.01","0.01","0.01","0.01","1.01","0.01","0.175","0.13774193548387098","0.7847826086956522","0.1945762711864407","0.043559322033898305","0.505"
"8","0.9107058823529411","0.7127058823529412","0.5845882352941177","0.7088235294117647","0.01","0.01","0.01","0.01","1.01","0.01","0.01","0.175","0.13774193548387098","0.7847826086956522","0.1945762711864407","0.043559322033898305","0.505"
"2","0.14200000000000002","0.9767058823529412","0.060470588235294116","0.26235294117647057","0.01","0.01","1.01","0.01","0.01","0.01","0.01","0.175","0.13774193548387098","0.7847826086956522","0.1945762711864407","0.043559322033898305","0.505"
"9","0.7398823529411765","0.6350588235294118","0.918470588235294","0.868","1.01","0.01","0.01","0.01","0.01","0.01","0.01","0.175","0.13774193548387098","0.7847826086956522","0.1945762711864407","0.043559322033898305","0.505"
"2","0.07988235294117646","0.7243529411764705","0.5263529411764706","0.7243529411764705","0.01","0.01","1.01","0.01","0.01","0.01","0.01","0.175","0.13774193548387098","0.7847826086956522","0.1945762711864407","0.060338983050847464","0.505"
"5","0.33999999999999997","0.6195294117647059","0.13423529411764706","0.41764705882352937","0.01","0.01","0.01","1.01","0.01","0.01","0.01","0.175","0.13774193548387098","0.7847826086956522","0.1945762711864407","0.060338983050847464","0.505"
"9","0.860235294117647","0.2584705882352941","0.4021176470588235","0.20411764705882354","0.01","0.01","0.01","0.01","0.01","0.01","1.01","0.175","0.13774193548387098","0.7847826086956522","0.1945762711864407","0.060338983050847464","0.505"
"4","0.6661176470588235","0.8835294117647059","0.36717647058823527","0.7127058823529412","0.01","0.01","0.01","0.01","1.01","0.01","0.01","0.175","0.13774193548387098","0.7847826086956522","0.1945762711864407","0.060338983050847464","0.505"
"5","0.8291764705882353","0.4370588235294118","0.9767058823529412","0.27788235294117647","0.01","0.01","0.01","1.01","0.01","0.01","0.01","0.175","0.13774193548387098","0.7847826086956522","0.1945762711864407","0.060338983050847464","0.505"
"9","0.7825882352941177","0.0371764705882353","0.8097647058823529","0.5574117647058824","1.01","0.01","0.01","0.01","0.01","0.01","0.01","0.175","0.13774193548387098","0.7847826086956522","0.1945762711864407","0.060338983050847464","0.505"
"3","0.9262352941176472","0.7165882352941176","0.39435294117647063","0.1847058823529412","0.01","0.01","0.01","0.01","0.01","0.01","1.01","0.175","0.13774193548387098","0.7847826086956522","0.1945762711864407","0.060338983050847464","0.505"
"6","0.3865882352941176","0.26623529411764707","0.8485882352941176","0.01776470588235294","0.01","0.01","0.01","0.01","1.01","0.01","0.01","0.175","0.13774193548387098","0.7847826086956522","0.1945762711864407","0.060338983050847464","0.505"
"0","0.8291764705882353","0.2972941176470589","0.5263529411764706","0.9689411764705882","0.01","0.01","0.01","0.01","0.01","1.01","0.01","0.175","0.13774193548387098","0.7847826086956522","0.1945762711864407","0.0771186440677966","0.505"
"0","0.662235294117647","0.9068235294117647","0.6234117647058823","0.25070588235294117","0.01","1.01","0.01","0.01","0.01","0.01","0.01","0.175","0.13774193548387098","0.7847826086956522","0.1945762711864407","0.0771186440677966","0.505"
"8","0.20411764705882354","0.22741176470588237","0.2934117647058823","0.6350588235294118","0.01","0.01","0.01","0.01","0.01","0.01","1.01","0.175","0.13774193548387098","0.7847826086956522","0.1945762711864407","0.0771186440677966","0.505"
"9","0.662235294117647","0.3904705882352941","0.9145882352941176","0.4875294117647059","0.01","0.01","0.01","0.01","0.01","1.01","0.01","0.175","0.13774193548387098","0.7847826086956522","0.1945762711864407","0.0771186440677966","0.505"
"9","0.8835294117647059","0.025529411764705884","0.8291764705882353","0.7903529411764706","1.01","0.01","0.01","0.01","0.01","0.01","0.01","0.175","0.13774193548387098","0.7847826086956522","0.1945762711864407","0.09389830508474575","0.505"
"8","0.06823529411764706","0.3244705882352941","0.6001176470588235","0.7554117647058823","0.01","0.01","0.01","0.01","0.01","1.01","0.01","0.175","0.13774193548387098","0.7847826086956522","0.1945762711864407","0.09389830508474575","0.505"
"8","0.9689411764705882","0.025529411764705884","0.8912941176470588","0.8136470588235294","0.01","1.01","0.01","0.01","0.01","0.01","0.01","0.175","0.13774193548387098","0.7847826086956522","0.1945762711864407","0.09389830508474575","0.505"
"2","0.2235294117647059","0.025529411764705884","0.4797647058823529","1.0","0.01","1.01","0.01","0.01","0.01","0.01","0.01","0.175","0.13774193548387098","0.7847826086956522","0.1945762711864407","0.09389830508474575","0.505"
"6","0.9689411764705882","0.8175294117647058","0.4331764705882353","0.30505882352941177","0.01","0.01","0.01","0.01","0.01","1.01","0.01","0.175","0.13774193548387098","0.7847826086956522","0.1945762711864407","0.09389830508474575","0.505"
"5","0.14200000000000002","0.662235294117647","0.7631764705882352","0.8912941176470588","0.01","0.01","0.01","0.01","0.01","0.01","1.01","0.175","0.13774193548387098","0.7847826086956522","0.1945762711864407","0.09389830508474575","0.505"
"4","0.16141176470588237","0.9611764705882353","0.8563529411764705","0.4914117647058823","0.01","0.01","0.01","0.01","0.01","1.01","0.01","0.175","0.13774193548387098","0.7847826086956522","0.1945762711864407","0.11067796610169492","0.505"
"1","0.918470588235294","0.5263529411764706","0.347764705882353","0.22741176470588237","0.01","0.01","0.01","0.01","0.01","1.01","0.01","0.175","0.13774193548387098","0.7847826086956522","0.1945762711864407","0.11067796610169492","0.505"
"8","0.743764705882353","0.3361176470588235","0.10317647058823529","0.13423529411764706","1.01","0.01","0.01","0.01","0.01","0.01","0.01","0.175","0.13774193548387098","0.7847826086956522","0.1945762711864407","0.11067796610169492","0.505"
"4","0.4875294117647059","0.6467058823529412","0.0371764705882353","0.3128235294117647","1.01","0.01","0.01","0.01","0.01","0.01","0.01","0.175","0.13774193548387098","0.7847826086956522","0.1945762711864407","0.11067796610169492","0.505"
"8","0.8097647058823529","0.5807058823529412","0.9767058823529412","0.39435294117647063","1.01","0.01","0.01","0.01","0.01","0.01","0.01","0.175","0.13774193548387098","0.7847826086956522","0.1945762711864407","0.11067796610169492","0.505"
"9","0.2390588235294118","0.5457647058823529","0.9611764705882353","0.19247058823529414","0.01","0.01","0.01","0.01","0.01","1.01","0.01","0.175","0.13774193548387098","0.7847826086956522","0.1945762711864407","0.11067796610169492","0.505"
"1","0.5923529411764706","0.35552941176470587","0.1847058823529412","0.8912941176470588","0.01","0.01","0.01","0.01","0.01","1.01","0.01","0.175","0.13774193548387098","0.7847826086956522","0.1945762711864407","0.11067796610169492","0.505"
"6","0.13423529411764706","0.36717647058823527","0.9961176470588236","0.11094117647058822","0.01","0.01","0.01","0.01","0.01","1.01","0.01","0.175","0.13774193548387098","0.7847826086956522","0.1945762711864407","0.11067796610169492","0.505"
"4","0.8641176470588235","0.20411764705882354","0.5185882352941176","0.05658823529411765","0.01","0.01","0.01","1.01","0.01","0.01","0.01","0.175","0.13774193548387098","0.7847826086956522","0.1945762711864407","0.11067796610169492","0.505"
"4","0.025529411764705884","0.15364705882352944","0.7010588235294117","0.4021176470588235","1.01","0.01","0.01","0.01","0.01","0.01","0.01","0.175","0.13774193548387098","0.7847826086956522","0.1945762711864407","0.11067796610169492","0.505"
"4","0.794235294117647","0.1575294117647059","0.3710588235294118","0.16141176470588237","0.01","1.01","0.01","0.01","0.01","0.01","0.01","0.175","0.13774193548387098","0.7847826086956522","0.1945762711864407","0.12745762711864408","0.505"
"5","0.10317647058823529","0.9107058823529411","0.6350588235294118","0.9805882352941176","0.01","0.01","0.01","1.01","0.01","0.01","0.01","0.175","0.13774193548387098","0.7847826086956522","0.1945762711864407","0.12745762711864408","0.505"
"9","0.7709411764705882","0.7204705882352941","0.5496470588235294","0.794235294117647","0.01","0.01","0.01","0.01","0.01","1.01","0.01","0.175","0.13774193548387098","0.7847826086956522","0.1945762711864407","0.12745762711864408","0.505"
"4","0.6855294117647059","0.9572941176470589","0.3788235294117647","0.9611764705882353","0.01","0.01","0.01","0.01","0.01","0.01","1.01","0.175","0.13774193548387098","0.7847826086956522","0.1945762711864407","0.12745762711864408","0.505"
"5","0.10317647058823529","0.6001176470588235","0.7554117647058823","0.041058823529411766","0.01","0.01","1.01","0.01","0.01","0.01","0.01","0.175","0.13774193548387098","0.7847826086956522","0.1945762711864407","0.12745762711864408","0.505"
"6","0.17694117647058824","0.918470588235294","0.07211764705882352","0.7476470588235294","0.01","0.01","0.01","0.01","1.01","0.01","0.01","0.175","0.13774193548387098","0.7847826086956522","0.1945762711864407","0.12745762711864408","0.505"
"3","0.9068235294117647","0.3244705882352941","0.7554117647058823","0.2701176470588236","0.01","1.01","0.01","0.01","0.01","0.01","0.01","0.175","0.13774193548387098","0.7847826086956522","0.1945762711864407","0.12745762711864408","0.505"
"5","0.09541176470588235","0.18858823529411764","0.7670588235294117","0.28952941176470587","0.01","0.01","0.01","0.01","0.01","1.01","0.01","0.175","0.13774193548387098","0.7847826086956522","0.1945762711864407","0.12745762711864408","0.505"
"9","0.2701176470588236","0.2235294117647059","0.4914117647058823","0.44482352941176473","0.01","1.01","0.01","0.01","0.01","0.01","0.01","0.175","0.13774193548387098","0.7847826086956522","0.1945762711864407","0.12745762711864408","0.505"
"0","0.4409411764705882","0.860235294117647","0.5069411764705882","0.7825882352941177","0.01","0.01","0.01","0.01","0.01","0.01","1.01","0.175","0.13774193548387098","0.7847826086956522","0.1945762711864407","0.14423728813559322","0.505"
"3","0.3205882352941177","0.604","0.5418823529411765","0.1148235294117647","0.01","0.01","0.01","0.01","1.01","0.01","0.01","0.175","0.13774193548387098","0.7847826086956522","0.1945762711864407","0.14423728813559322","0.505"
"4","0.9844705882352941","0.8563529411764705","0.21964705882352942","0.7554117647058823","0.01","0.01","0.01","1.01","0.01","0.01","0.01","0.175","0.13774193548387098","0.7847826086956522","0.1945762711864407","0.14423728813559322","0.505"
"0","0.09152941176470587","0.8369411764705883","0.9805882352941176","0.3632941176470588","0.01","0.01","0.01","1.01","0.01","0.01","0.01","0.175","0.13774193548387098","0.7847826086956522","0.1945762711864407","0.14423728813559322","0.505"
"4","0.9301176470588236","0.5108235294117647","0.18082352941176472","0.14976470588235294","0.01","0.01","0.01","1.01","0.01","0.01","0.01","0.175","0.13774193548387098","0.7847826086956522","0.1945762711864407","0.14423728813559322","0.505"
"5","0.8835294117647059","0.918470588235294","0.274","0.3128235294117647","0.01","0.01","1.01","0.01","0.01","0.01","0.01","0.175","0.13774193548387098","0.7847826086956522","0.1945762711864407","0.14423728813559322","0.505"
"8","0.1264705882352941","0.3865882352941176","0.47200000000000003","0.24682352941176472","0.01","0.01","0.01","0.01","0.01","0.01","1.01","0.175","0.13774193548387098","0.7847826086956522","0.1945762711864407","0.14423728813559322","0.505"
"1","0.9767058823529412","0.21576470588235297","0.1963529411764706","0.7204705882352941","1.01","0.01","0.01","0.01","0.01","0.01","0.01","0.175","0.13774193548387098","0.7847826086956522","0.1945762711864407","0.14423728813559322","0.505"
"6","0.31670588235294117","0.21188235294117647","0.4098823529411765","0.4137647058823529","0.01","0.01","0.01","0.01","1.01","0.01","0.01","0.175","0.13774193548387098","0.7847826086956522","0.1945762711864407","0.14423728813559322","0.505"
"1","0.4758823529411765","0.8796470588235294","0.7903529411764706","0.24294117647058824","0.01","0.01","0.01","0.01","1.01","0.01","0.01","0.175","0.13774193548387098","0.7847826086956522","0.1945762711864407","0.14423728813559322","0.505"
"9","0.16917647058823532","0.18858823529411764","0.4797647058823529","0.7825882352941177","0.01","0.01","0.01","0.01","0.01","0.01","1.01","0.175","0.13774193548387098","0.7847826086956522","0.1945762711864407","0.1610169491525424","0.505"
"3","0.13811764705882354","0.7825882352941177","0.2972941176470589","0.4021176470588235","0.01","0.01","0.01","0.01","0.01","1.01","0.01","0.175","0.13774193548387098","0.7847826086956522","0.1945762711864407","0.1610169491525424","0.505"
"2","0.6971764705882353","0.4525882352941177","0.12258823529411764","0.5729411764705882","0.01","0.01","0.01","1.01","0.01","0.01","0.01","0.175","0.13774193548387098","0.7847826086956522","0.1945762711864407","0.1610169491525424","0.505"
"8","0.7398823529411765","0.7165882352941176","0.6156470588235294","0.6428235294117647","0.01","0.01","1.01","0.01","0.01","0.01","0.01","0.175","0.13774193548387098","0.7847826086956522","0.1945762711864407","0.1610169491525424","0.505"
"4","0.2934117647058823","0.4875294117647059","0.8485882352941176","0.7554117647058823","0.01","0.01","0.01","0.01","1.01","0.01","0.01","0.175","0.13774193548387098","0.7847826086956522","0.1945762711864407","0.1610169491525424","0.505"
"5","0.6816470588235295","0.9922352941176471","0.6894117647058824","0.4137647058823529","0.01","1.01","0.01","0.01","0.01","0.01","0.01","0.175","0.13774193548387098","0.7847826086956522","0.1945762711864407","0.1610169491525424","0.505"
"3","0.9767058823529412","0.538","0.8291764705882353","0.9572941176470589","0.01","0.01","0.01","1.01","0.01","0.01","0.01","0.175","0.13774193548387098","0.7847826086956522","0.1945762711864407","0.1610169491525424","0.505"
"6","0.794235294117647","0.49917647058823533","0.8175294117647058","0.281764705882353","0.01","0.01","1.01","0.01","0.01","0.01","0.01","0.175","0.13774193548387098","0.7847826086956522","0.1945762711864407","0.1610169491525424","0.505"
"7","0.36717647058823527","0.6195294117647059","0.4370588235294118","0.3089411764705882","0.01","0.01","1.01","0.01","0.01","0.01","0.01","0.175","0.13774193548387098","0.7847826086956522","0.1945762711864407","0.1610169491525424","0.505"
"5","0.4797647058823529","0.10705882352941176","0.6894117647058824","0.8214117647058823","0.01","0.01","0.01","1.01","0.01","0.01","0.01","0.175","0.13774193548387098","0.7847826086956522","0.1945762711864407","0.1610169491525424","0.505"
"6","0.3710588235294118","0.05658823529411765","0.9805882352941176","0.4098823529411765","0.01","0.01","1.01","0.01","0.01","0.01","0.01","0.175","0.13774193548387098","0.7847826086956522","0.1945762711864407","0.17779661016949153","0.505"
"6","0.4603529411764706","0.3710588235294118","0.6234117647058823","0.4137647058823529","0.01","0.01","1.01","0.01","0.01","0.01","0.01","0.175","0.13774193548387098","0.7847826086956522","0.1945762711864407","0.17779661016949153","0.505"
"0","0.8796470588235294","0.8796470588235294","0.7554117647058823","0.1847058823529412","1.01","0.01","0.01","0.01","0.01","0.01","0.01","0.175","0.13774193548387098","0.7847826086956522","0.1945762711864407","0.17779661016949153","0.505"
"6","0.3710588235294118","0.464235294117647","0.9223529411764705","0.09929411764705881","0.01","0.01","0.01","0.01","0.01","0.01","1.01","0.175","0.13774193548387098","0.7847826086956522","0.1945762711864407","0.17779661016949153","0.505"
"5","0.10317647058823529","0.3749411764705883","0.2972941176470589","0.6078823529411764","0.01","0.01","0.01","0.01","0.01","0.01","1.01","0.175","0.13774193548387098","0.7847826086956522","0.1945762711864407","0.17779661016949153","0.505"
"0","0.8291764705882353","0.28952941176470587","0.13811764705882354","0.1458823529411765","0.01","1.01","0.01","0.01","0.01","0.01","0.01","0.175","0.13774193548387098","0.7847826086956522","0.1945762711864407","0.17779661016949153","0.505"
"9","0.8990588235294118","0.5923529411764706","0.08376470588235294","0.7670588235294117","0.01","0.01","0.01","0.01","0.01","1.01","0.01","0.175","0.13774193548387098","0.7847826086956522","0.1945762711864407","0.17779661016949153","0.505"
"1","0.6855294117647059","0.6699999999999999","0.1458823529411765","0.8874117647058823","0.01","0.01","0.01","0.01","0.01","1.01","0.01","0.175","0.13774193548387098","0.7847826086956522","0.1945762711864407","0.17779661016949153","0.505"
"8","0.9378823529411765","0.5224705882352941","0.029411764705882353","0.05658823529411765","0.01","1.01","0.01","0.01","0.01","0.01","0.01","0.175","0.13774193548387098","0.7847826086956522","0.1945762711864407","0.17779661016949153","0.505"
"4","0.8097647058823529","0.4525882352941177","0.3594117647058824","0.3011764705882353","0.01","0.01","1.01","0.01","0.01","0.01","0.01","0.175","0.13774193548387098","0.7847826086956522","0.1945762711864407","0.17779661016949153","0.505"
"7","0.22741176470588237","0.2351764705882353","0.4409411764705882","0.4098823529411765","0.01","0.01","1.01","0.01","0.01","0.01","0.01","0.175","0.13774193548387098","0.7847826086956522","0.1945762711864407","0.1945762711864407","0.505"
"9","0.060470588235294116","0.9262352941176472","0.21964705882352942","0.8641176470588235","0.01","0.01","0.01","0.01","1.01","0.01","0.01","0.175","0.13774193548387098","0.7847826086956522","0.1945762711864407","0.1945762711864407","0.505"
"1","0.4681176470588236","0.6156470588235294","0.28952941176470587","0.7903529411764706","0.01","0.01","0.01","0.01","0.01","0.01","1.01","0.175","0.13774193548387098","0.7847826086956522","0.1945762711864407","0.1945762711864407","0.505"
"1","0.2972941176470589","0.33999999999999997","0.868","0.22741176470588237","0.01","0.01","0.01","1.01","0.01","0.01","0.01","0.175","0.13774193548387098","0.7847826086956522","0.1945762711864407","0.1945762711864407","0.505"
"7","0.3011764705882353","0.3632941176470588","0.6932941176470588","0.6505882352941177","0.01","0.01","0.01","0.01","0.01","1.01","0.01","0.175","0.13774193548387098","0.7847826086956522","0.1945762711864407","0.1945762711864407","0.505"
"5","0.6661176470588235","0.6932941176470588","0.06435294117647058","0.9572941176470589","0.01","1.01","0.01","0.01","0.01","0.01","0.01","0.175","0.13774193548387098","0.7847826086956522","0.1945762711864407","0.1945762711864407","0.505"
"1","0.5069411764705882","0.4098823529411765","0.49529411764705883","0.05658823529411765","0.01","0.01","0.01","1.01","0.01","0.01","0.01","0.175","0.13774193548387098","0.7847826086956522","0.1945762711864407","0.1945762711864407","0.505"
"3","0.7049411764705882","0.4021176470588235","0.281764705882353","0.8485882352941176","0.01","0.01","0.01","1.01","0.01","0.01","0.01","0.175","0.13774193548387098","0.7847826086956522","0.1945762711864407","0.1945762711864407","0.505"
"2","0.662235294117647","0.16141176470588237","0.13423529411764706","0.3361176470588235","1.01","0.01","0.01","0.01","0.01","0.01","0.01","0.175","0.13774193548387098","0.7847826086956522","0.1945762711864407","0.1945762711864407","0.505"
"8","0.5962352941176471","0.8447058823529412","0.03329411764705882","0.2351764705882353","0.01","0.01","0.01","0.01","0.01","1.01","0.01","0.175","0.13774193548387098","0.7847826086956522","0.1945762711864407","0.1945762711864407","0.505"
"5","0.20800000000000002","0.8136470588235294","0.9029411764705882","0.8912941176470588","0.01","0.01","0.01","0.01","1.01","0.01","0.01","0.175","0.13774193548387098","0.7847826086956522","0.1945762711864407","0.1945762711864407","0.505"
"7","0.1264705882352941","0.8796470588235294","0.281764705882353","0.9922352941176471","0.01","0.01","0.01","0.01","0.01","0.01","1.01","0.175","0.13774193548387098","0.7847826086956522","0.1945762711864407","0.1945762711864407","0.505"
"2","0.4603529411764706","0.7088235294117647","0.2701176470588236","0.6661176470588235","0.01","0.01","1.01","0.01","0.01","0.01","0.01","0.175","0.13774193548387098","0.7847826086956522","0.1945762711864407","0.21135593220338986","0.505"
"3","0.6932941176470588","0.9689411764705882","0.5108235294117647","0.9495294117647058","0.01","0.01","1.01","0.01","0.01","0.01","0.01","0.175","0.13774193548387098","0.7847826086956522","0.1945762711864407","0.21135593220338986","0.505"
"4","0.5147058823529411","0.5574117647058824","0.39435294117647063","0.17305882352941176","1.01","0.01","0.01","0.01","0.01","0.01","0.01","0.175","0.13774193548387098","0.7847826086956522","0.1945762711864407","0.21135593220338986","0.505"
"9","0.35552941176470587","0.08376470588235294","0.6816470588235295","0.36717647058823527","0.01","0.01","0.01","0.01","1.01","0.01","0.01","0.175","0.13774193548387098","0.7847826086956522","0.1945762711864407","0.21135593220338986","0.505"
"9","0.3632941176470588","0.49529411764705883","0.4137647058823529","0.5069411764705882","0.01","0.01","0.01","0.01","0.01","0.01","1.01","0.175","0.13774193548387098","0.7847826086956522","0.1945762711864407","0.21135593220338986","0.505"
"3","0.8718823529411764","0.9844705882352941","0.14976470588235294","0.8874117647058823","0.01","0.01","0.01","0.01","0.01","0.01","1.01","0.175","0.13774193548387098","0.7847826086956522","0.1945762711864407","0.21135593220338986","0.505"
"7","0.14976470588235294","0.662235294117647","0.918470588235294","0.7243529411764705","0.01","0.01","0.01","0.01","0.01","0.01","1.01","0.175","0.13774193548387098","0.7847826086956522","0.1945762711864407","0.21135593220338986","0.505"
"1","0.7592941176470588","0.7554117647058823","0.274","0.1458823529411765","0.01","0.01","0.01","0.01","1.01","0.01","0.01","0.175","0.13774193548387098","0.7847826086956522","0.1945762711864407","0.21135593220338986","0.505"
"9","0.7204705882352941","0.868","0.08376470588235294","0.5457647058823529","0.01","0.01","0.01","1.01","0.01","0.01","0.01","0.175","0.13774193548387098","0.7847826086956522","0.1945762711864407","0.21135593220338986","0.505"
"5","0.076","0.6117647058823529","0.21964705882352942","0.5030588235294118","0.01","0.01","0.01","0.01","1.01","0.01","0.01","0.175","0.13774193548387098","0.7847826086956522","0.1945762711864407","0.21135593220338986","0.505"
"7","0.3749411764705883","0.9689411764705882","0.7204705882352941","0.9495294117647058","0.01","0.01","0.01","0.01","1.01","0.01","0.01","0.175","0.13774193548387098","0.7847826086956522","0.1945762711864407","0.228135593220339","0.505"
"4","0.6738823529411764","0.5341176470588236","0.274","0.3011764705882353","1.01","0.01","0.01","0.01","0.01","0.01","0.01","0.175","0.13774193548387098","0.7847826086956522","0.1945762711864407","0.228135593220339","0.505"
"8","0.5962352941176471","0.8874117647058823","0.14200000000000002","0.33999999999999997","0.01","0.01","0.01","0.01","1.01","0.01","0.01","0.175","0.13774193548387098","0.7847826086956522","0.1945762711864407","0.228135593220339","0.505"
"9","0.5341176470588236","0.802","0.1963529411764706","0.2972941176470589","0.01","0.01","0.01","0.01","1.01","0.01","0.01","0.175","0.13774193548387098","0.7847826086956522","0.1945762711864407","0.228135593220339","0.505"
"9","0.736","0.9689411764705882","0.3438823529411765","0.8330588235294119","1.01","0.01","0.01","0.01","0.01","0.01","0.01","0.175","0.13774193548387098","0.7847826086956522","0.1945762711864407","0.228135593220339","0.505"
"5","0.9068235294117647","0.5263529411764706","0.5612941176470588","0.2584705882352941","0.01","0.01","0.01","0.01","0.01","0.01","1.01","0.175","0.13774193548387098","0.7847826086956522","0.1945762711864407","0.228135593220339","0.505"
"9","0.3710588235294118","0.02164705882352941","0.4914117647058823","0.044941176470588234","0.01","1.01","0.01","0.01","0.01","0.01","0.01","0.175","0.13774193548387098","0.7847826086956522","0.1945762711864407","0.228135593220339","0.505"
"5","0.8175294117647058","0.7127058823529412","0.47200000000000003","0.18082352941176472","0.01","0.01","0.01","1.01","0.01","0.01","0.01","0.175","0.13774193548387098","0.7847826086956522","0.1945762711864407","0.228135593220339","0.505"
"8","0.9922352941176471","0.5923529411764706","0.4487058823529412","0.5147058823529411","1.01","0.01","0.01","0.01","0.01","0.01","0.01","0.175","0.13774193548387098","0.7847826086956522","0.1945762711864407","0.228135593220339","0.505"
"2","0.6583529411764706","0.9883529411764707","0.6738823529411764","0.9262352941176472","0.01","0.01","0.01","0.01","0.01","0.01","1.01","0.175","0.13774193548387098","0.7847826086956522","0.1945762711864407","0.228135593220339","0.505"
"3","0.9378823529411765","0.08376470588235294","0.041058823529411766","0.8136470588235294","0.01","0.01","0.01","0.01","0.01","0.01","1.01","0.175","0.13774193548387098","0.7847826086956522","0.1945762711864407","0.228135593220339","0.505"
"9","0.6971764705882353","0.26623529411764707","0.9456470588235294","0.918470588235294","0.01","0.01","0.01","0.01","1.01","0.01","0.01","0.175","0.13774193548387098","0.7847826086956522","0.1945762711864407","0.228135593220339","0.505"
"0","0.7010588235294117","0.4681176470588236","0.8447058823529412","0.7321176470588235","0.01","1.01","0.01","0.01","0.01","0.01","0.01","0.175","0.13774193548387098","0.7847826086956522","0.1945762711864407","0.24491525423728816","0.505"
"8","0.7476470588235294","0.7321176470588235","0.4603529411764706","0.8291764705882353","0.01","0.01","0.01","0.01","0.01","1.01","0.01","0.175","0.13774193548387098","0.7847826086956522","0.1945762711864407","0.24491525423728816","0.505"
"7","0.6777647058823529","0.3516470588235294","0.26623529411764707","0.02164705882352941","0.01","0.01","0.01","0.01","0.01","0.01","1.01","0.175","0.13774193548387098","0.7847826086956522","0.1945762711864407","0.24491525423728816","0.505"
"2","0.6195294117647059","0.10705882352941176","0.3089411764705882","0.1458823529411765","0.01","0.01","0.01","0.01","0.01","1.01","0.01","0.175","0.13774193548387098","0.7847826086956522","0.1945762711864407","0.24491525423728816","0.505"
"6","0.22741176470588237","0.9611764705882353","0.9456470588235294","0.2934117647058823","0.01","1.01","0.01","0.01","0.01","0.01","0.01","0.175","0.13774193548387098","0.7847826086956522","0.1945762711864407","0.24491525423728816","0.505"
"0","0.17305882352941176","0.7515294117647059","0.39435294117647063","0.9534117647058823","0.01","0.01","1.01","0.01","0.01","0.01","0.01","0.175","0.13774193548387098","0.7847826086956522","0.1945762711864407","0.24491525423728816","0.505"
"6","0.9650588235294117","0.4487058823529412","0.6350588235294118","0.7321176470588235","0.01","1.01","0.01","0.01","0.01","0.01","0.01","0.175","0.13774193548387098","0.7847826086956522","0.1945762711864407","0.24491525423728816","0.505"
"6","0.23129411764705884","0.3788235294117647","0.47200000000000003","0.8214117647058823","1.01","0.01","0.01","0.01","0.01","0.01","0.01","0.175","0.13774193548387098","0.7847826086956522","0.1945762711864407","0.24491525423728816","0.505"
"7","0.08764705882352941","0.4254117647058824","0.9029411764705882","0.281764705882353","0.01","0.01","0.01","0.01","0.01","0.01","1.01","0.175","0.13774193548387098","0.7847826086956522","0.1945762711864407","0.24491525423728816","0.505"
"7","0.8330588235294119","0.6661176470588235","0.8175294117647058","0.3982352941176471","0.01","1.01","0.01","0.01","0.01","0.01","0.01","0.175","0.13774193548387098","0.7847826086956522","0.1945762711864407","0.24491525423728816","0.505"
"8","0.7787058823529412","0.1458823529411765","0.06823529411764706","0.5341176470588236","0.01","0.01","1.01","0.01","0.01","0.01","0.01","0.175","0.13774193548387098","0.7847826086956522","0.1945762711864407","0.26169491525423727","0.505"
"3","0.01776470588235294","0.2390588235294118","0.26623529411764707","0.05270588235294118","0.01","0.01","0.01","0.01","0.01","1.01","0.01","0.175","0.13774193548387098","0.7847826086956522","0.1945762711864407","0.26169491525423727","0.505"
"1","0.8524705882352941","0.7282352941176471","0.01776470588235294","0.5457647058823529","0.01","1.01","0.01","0.01","0.01","0.01","0.01","0.175","0.13774193548387098","0.7847826086956522","0.1945762711864407","0.26169491525423727","0.505"
"9","0.0371764705882353","0.5845882352941177","0.21576470588235297","0.1847058823529412","0.01","0.01","1.01","0.01","0.01","0.01","0.01","0.175","0.13774193548387098","0.7847826086956522","0.1945762711864407","0.26169491525423727","0.505"
"5","0.09929411764705881","0.406","0.5574117647058824","0.3594117647058824","0.01","0.01","1.01","0.01","0.01","0.01","0.01","0.175","0.13774193548387098","0.7847826086956522","0.1945762711864407","0.26169491525423727","0.505"
"7","0.7787058823529412","0.5030588235294118","0.24682352941176472","0.8175294117647058","0.01","1.01","0.01","0.01","0.01","0.01","0.01","0.175","0.13774193548387098","0.7847826086956522","0.1945762711864407","0.26169491525423727","0.505"
"1","0.2934117647058823","0.5030588235294118","0.49529411764705883","0.5651764705882353","0.01","0.01","0.01","1.01","0.01","0.01","0.01","0.175","0.13774193548387098","0.7847826086956522","0.1945762711864407","0.26169491525423727","0.505"
"2","0.48364705882352943","0.1148235294117647","0.7321176470588235","0.6699999999999999","0.01","0.01","1.01","0.01","0.01","0.01","0.01","0.175","0.13774193548387098","0.7847826086956522","0.1945762711864407","0.26169491525423727","0.505"
"4","0.7787058823529412","0.4137647058823529","0.8912941176470588","0.06435294117647058","0.01","0.01","1.01","0.01","0.01","0.01","0.01","0.175","0.13774193548387098","0.7847826086956522","0.1945762711864407","0.27847457627118644","0.505"
"2","0.08376470588235294","0.3982352941176471","1.0","0.6389411764705882","0.01","1.01","0.01","0.01","0.01","0.01","0.01","0.175","0.13774193548387098","0.7847826086956522","0.1945762711864407","0.27847457627118644","0.505"
"9","0.3904705882352941","0.25070588235294117","0.8252941176470587","0.16529411764705884","0.01","0.01","0.01","0.01","0.01","1.01","0.01","0.175","0.13774193548387098","0.7847826086956522","0.1945762711864407","0.27847457627118644","0.505"
"8","0.5535294117647059","0.4758823529411765","0.8951764705882354","0.5457647058823529","0.01","0.01","0.01","0.01","0.01","0.01","1.01","0.175","0.13774193548387098","0.7847826086956522","0.1945762711864407","0.27847457627118644","0.505"
"0","0.4525882352941177","0.05270588235294118","0.0371764705882353","0.918470588235294","0.01","0.01","0.01","0.01","1.01","0.01","0.01","0.175","0.13774193548387098","0.7847826086956522","0.1945762711864407","0.27847457627118644","0.505"
"3","0.2584705882352941","0.01","0.8990588235294118","0.8330588235294119","0.01","0.01","1.01","0.01","0.01","0.01","0.01","0.175","0.13774193548387098","0.7847826086956522","0.1945762711864407","0.27847457627118644","0.505"
"3","0.4875294117647059","0.8447058823529412","0.802","0.7476470588235294","0.01","0.01","1.01","0.01","0.01","0.01","0.01","0.175","0.13774193548387098","0.7847826086956522","0.1945762711864407","0.27847457627118644","0.505"
"7","0.5884705882352942","0.7825882352941177","0.6195294117647059","0.8912941176470588","0.01","0.01","0.01","0.01","0.01","1.01","0.01","0.175","0.13774193548387098","0.7847826086956522","0.1945762711864407","0.27847457627118644","0.505"
"5","0.0371764705882353","0.6001176470588235","0.1963529411764706","0.8408235294117647","0.01","0.01","0.01","0.01","0.01","0.01","1.01","0.175","0.13774193548387098","0.7847826086956522","0.1945762711864407","0.27847457627118644","0.505"
"0","0.02164705882352941","0.5845882352941177","0.2235294117647059","0.2856470588235294","0.01","1.01","0.01","0.01","0.01","0.01","0.01","0.175","0.13774193548387098","0.7847826086956522","0.1945762711864407","0.27847457627118644","0.505"
"3","0.7670588235294117","0.3244705882352941","0.281764705882353","0.7321176470588235","0.01","0.01","0.01","0.01","0.01","1.01","0.01","0.175","0.13774193548387098","0.7847826086956522","0.1945762711864407","0.27847457627118644","0.505"
"9","0.5651764705882353","0.2584705882352941","0.8447058823529412","0.9107058823529411","0.01","0.01","0.01","0.01","0.01","1.01","0.01","0.175","0.13774193548387098","0.7847826086956522","0.1945762711864407","0.27847457627118644","0.505"
"4","0.8796470588235294","0.4758823529411765","0.3827058823529412","0.9534117647058823","0.01","0.01","1.01","0.01","0.01","0.01","0.01","0.175","0.13774193548387098","0.7847826086956522","0.1945762711864407","0.2952542372881356","0.505"
"7","0.35552941176470587","0.7282352941176471","0.6971764705882353","0.9456470588235294","0.01","0.01","0.01","0.01","1.01","0.01","0.01","0.175","0.13774193548387098","0.7847826086956522","0.1945762711864407","0.2952542372881356","0.505"
"0","0.10705882352941176","0.9456470588235294","0.7243529411764705","0.5185882352941176","0.01","1.01","0.01","0.01","0.01","0.01","0.01","0.175","0.13774193548387098","0.7847826086956522","0.1945762711864407","0.2952542372881356","0.505"
"5","0.1847058823529412","0.5030588235294118","0.7243529411764705","0.6932941176470588","0.01","1.01","0.01","0.01","0.01","0.01","0.01","0.175","0.13774193548387098","0.7847826086956522","0.1945762711864407","0.2952542372881356","0.505"
"8","0.2390588235294118","0.3438823529411765","0.2235294117647059","0.860235294117647","0.01","0.01","0.01","0.01","1.01","0.01","0.01","0.175","0.13774193548387098","0.7847826086956522","0.1945762711864407","0.2952542372881356","0.505"
"5","0.26623529411764707","0.27788235294117647","0.934","0.8447058823529412","1.01","0.01","0.01","0.01","0.01","0.01","0.01","0.175","0.13774193548387098","0.7847826086956522","0.1945762711864407","0.2952542372881356","0.505"
"1","0.14976470588235294","0.09929411764705881","0.06435294117647058","0.17694117647058824","0.01","0.01","0.01","1.01","0.01","0.01","0.01","0.175","0.13774193548387098","0.7847826086956522","0.1945762711864407","0.2952542372881356","0.505"
"0","0.6234117647058823","0.04882352941176471","0.5030588235294118","0.3710588235294118","0.01","0.01","0.01","0.01","0.01","0.01","1.01","0.175","0.13774193548387098","0.7847826086956522","0.1945762711864407","0.2952542372881356","0.505"
"5","0.6583529411764706","0.794235294117647","0.4370588235294118","0.6467058823529412","0.01","0.01","1.01","0.01","0.01","0.01","0.01","0.175","0.13774193548387098","0.7847826086956522","0.1945762711864407","0.2952542372881356","0.505"
"4","0.14200000000000002","0.274","0.662235294117647","0.076","0.01","0.01","1.01","0.01","0.01","0.01","0.01","0.175","0.13774193548387098","0.7847826086956522","0.1945762711864407","0.2952542372881356","0.505"
"9","0.20411764705882354","0.5612941176470588","0.2584705882352941","0.9961176470588236","0.01","0.01","0.01","0.01","0.01","0.01","1.01","0.175","0.13774193548387098","0.7847826086956522","0.1945762711864407","0.31203389830508477","0.505"
"0","0.9805882352941176","0.4797647058823529","0.1963529411764706","0.7748235294117647","0.01","0.01","0.01","1.01","0.01","0.01","0.01","0.175","0.13774193548387098","0.7847826086956522","0.1945762711864407","0.31203389830508477","0.505"
"6","0.4098823529411765","0.4292941176470588","0.7515294117647059","0.13811764705882354","0.01","0.01","0.01","0.01","1.01","0.01","0.01","0.175","0.13774193548387098","0.7847826086956522","0.1945762711864407","0.31203389830508477","0.505"
"6","0.7631764705882352","0.7127058823529412","0.044941176470588234","0.7515294117647059","0.01","1.01","0.01","0.01","0.01","0.01","0.01","0.175","0.13774193548387098","0.7847826086956522","0.1945762711864407","0.31203389830508477","0.505"
"9","0.7010588235294117","0.6505882352941177","0.9883529411764707","0.8369411764705883","0.01","0.01","0.01","0.01","0.01","1.01","0.01","0.175","0.13774193548387098","0.7847826086956522","0.1945762711864407","0.31203389830508477","0.505"
"6","0.2701176470588236","0.8175294117647058","0.8874117647058823","0.802","1.01","0.01","0.01","0.01","0.01","0.01","0.01","0.175","0.13774193548387098","0.7847826086956522","0.1945762711864407","0.31203389830508477","0.505"
"8","0.6738823529411764","0.029411764705882353","0.3205882352941177","0.6001176470588235","0.01","0.01","0.01","0.01","0.01","0.01","1.01","0.175","0.13774193548387098","0.7847826086956522","0.1945762711864407","0.31203389830508477","0.505"
"1","0.6428235294117647","0.7204705882352941","0.4603529411764706","0.17694117647058824","0.01","1.01","0.01","0.01","0.01","0.01","0.01","0.175","0.13774193548387098","0.7847826086956522","0.1945762711864407","0.31203389830508477","0.505"
"5","0.9650588235294117","1.0","0.941764705882353","0.09152941176470587","0.01","0.01","0.01","0.01","0.01","0.01","1.01","0.175","0.13774193548387098","0.7847826086956522","0.1945762711864407","0.31203389830508477","0.505"
"3","0.4331764705882353","0.7476470588235294","0.8291764705882353","0.4137647058823529","0.01","0.01","0.01","0.01","0.01","0.01","1.01","0.175","0.13774193548387098","0.7847826086956522","0.1945762711864407","0.31203389830508477","0.505"
"9","0.8563529411764705","0.6117647058823529","0.9223529411764705","0.21576470588235297","0.01","0.01","0.01","0.01","0.01","0.01","1.01","0.175","0.13774193548387098","0.7847826086956522","0.1945762711864407","0.31203389830508477","0.505"
"9","0.01776470588235294","0.3516470588235294","0.9767058823529412","0.9145882352941176","0.01","0.01","0.01","0.01","1.01","0.01","0.01","0.175","0.13774193548387098","0.7847826086956522","0.1945762711864407","0.31203389830508477","0.505"
"8","0.8874117647058823","0.5418823529411765","0.6001176470588235","0.9223529411764705","0.01","0.01","0.01","0.01","0.01","0.01","1.01","0.175","0.13774193548387098","0.7847826086956522","0.1945762711864407","0.3288135593220339","0.505"
"6","0.4758823529411765","0.07211764705882352","0.24682352941176472","0.49917647058823533","0.01","0.01","0.01","0.01","1.01","0.01","0.01","0.175","0.13774193548387098","0.7847826086956522","0.1945762711864407","0.3288135593220339","0.505"
"3","0.20411764705882354","0.1303529411764706","0.6894117647058824","0.6661176470588235","0.01","0.01","0.01","0.01","0.01","0.01","1.01","0.175","0.13774193548387098","0.7847826086956522","0.1945762711864407","0.3288135593220339","0.505"
"3","0.7748235294117647","0.7127058823529412","0.3089411764705882","0.6738823529411764","0.01","0.01","0.01","0.01","0.01","1.01","0.01","0.175","0.13774193548387098","0.7847826086956522","0.1945762711864407","0.3288135593220339","0.505"
"3","0.8951764705882354","0.07211764705882352","0.49529411764705883","0.5768235294117646","1.01","0.01","0.01","0.01","0.01","0.01","0.01","0.175","0.13774193548387098","0.7847826086956522","0.1945762711864407","0.3288135593220339","0.505"
"6","0.7515294117647059","0.041058823529411766","0.1264705882352941","0.2701176470588236","0.01","0.01","0.01","1.01","0.01","0.01","0.01","0.175","0.13774193548387098","0.7847826086956522","0.1945762711864407","0.3288135593220339","0.505"
"9","0.5651764705882353","0.8175294117647058","0.6078823529411764","0.16529411764705884","0.01","0.01","0.01","0.01","1.01","0.01","0.01","0.175","0.13774193548387098","0.7847826086956522","0.1945762711864407","0.3288135593220339","0.505"
"2","0.47200000000000003","0.12258823529411764","0.9961176470588236","0.45647058823529413","0.01","0.01","0.01","1.01","0.01","0.01","0.01","0.175","0.13774193548387098","0.7847826086956522","0.1945762711864407","0.3288135593220339","0.505"
"4","0.06435294117647058","0.7049411764705882","0.6078823529411764","0.7321176470588235","0.01","0.01","0.01","0.01","0.01","0.01","1.01","0.175","0.13774193548387098","0.7847826086956522","0.1945762711864407","0.3288135593220339","0.505"
"3","0.8136470588235294","0.7243529411764705","0.4370588235294118","0.13423529411764706","0.01","0.01","0.01","0.01","0.01","0.01","1.01","0.175","0.13774193548387098","0.7847826086956522","0.1945762711864407","0.3288135593220339","0.505"
"5","0.9456470588235294","0.1575294117647059","0.08376470588235294","0.08376470588235294","0.01","0.01","0.01","1.01","0.01","0.01","0.01","0.175","0.13774193548387098","0.7847826086956522","0.1945762711864407","0.3288135593220339","0.505"
"3","0.5768235294117646","0.4370588235294118","0.044941176470588234","0.10317647058823529","0.01","0.01","0.01","0.01","1.01","0.01","0.01","0.175","0.13774193548387098","0.7847826086956522","0.1945762711864407","0.3288135593220339","0.505"
"7","0.7321176470588235","0.5962352941176471","0.27788235294117647","0.5729411764705882","0.01","0.01","0.01","1.01","0.01","0.01","0.01","0.175","0.13774193548387098","0.7847826086956522","0.1945762711864407","0.34559322033898304","0.505"
"5","0.7709411764705882","0.08376470588235294","0.6855294117647059","0.7476470588235294","0.01","0.01","0.01","0.01","1.01","0.01","0.01","0.175","0.13774193548387098","0.7847826086956522","0.1945762711864407","0.34559322033898304","0.505"
"6","0.860235294117647","0.5457647058823529","0.5147058823529411","0.5690588235294117","0.01","0.01","1.01","0.01","0.01","0.01","0.01","0.175","0.13774193548387098","0.7847826086956522","0.1945762711864407","0.34559322033898304","0.505"
"2","0.5108235294117647","0.01","0.8136470588235294","0.5845882352941177","0.01","0.01","0.01","1.01","0.01","0.01","0.01","0.175","0.13774193548387098","0.7847826086956522","0.1945762711864407","0.34559322033898304","0.505"
"2","0.7825882352941177","0.9689411764705882","0.7825882352941177","0.14200000000000002","0.01","0.01","0.01","0.01","0.01","0.01","1.01","0.175","0.13774193548387098","0.7847826086956522","0.1945762711864407","0.34559322033898304","0.505"
"8","0.15364705882352944","0.16529411764705884","0.794235294117647","0.33999999999999997","0.01","1.01","0.01","0.01","0.01","0.01","0.01","0.175","0.13774193548387098","0.7847826086956522","0.1945762711864407","0.34559322033898304","0.505"
"0","0.7515294117647059","0.4681176470588236","0.3710588235294118","0.2235294117647059","0.01","0.01","0.01","0.01","0.01","0.01","1.01","0.175","0.13774193548387098","0.7847826086956522","0.1945762711864407","0.34559322033898304","0.505"
"1","0.9068235294117647","0.3128235294117647","0.8369411764705883","0.11094117647058822","0.01","1.01","0.01","0.01","0.01","0.01","0.01","0.175","0.13774193548387098","0.7847826086956522","0.1945762711864407","0.34559322033898304","0.505"
"6","0.3749411764705883","0.33999999999999997","1.0","0.4875294117647059","1.01","0.01","0.01","0.01","0.01","0.01","0.01","0.175","0.13774193548387098","0.7847826086956522","0.1945762711864407","0.34559322033898304","0.505"
"3","0.07211764705882352","0.12258823529411764","0.13811764705882354","0.6505882352941177","0.01","0.01","0.01","0.01","0.01","0.01","1.01","0.175","0.13774193548387098","0.7847826086956522","0.1945762711864407","0.34559322033898304","0.505"
"8","0.26235294117647057","0.4331764705882353","0.868","0.5807058823529412","0.01","1.01","0.01","0.01","0.01","0.01","0.01","0.175","0.13774193548387098","0.7847826086956522","0.1945762711864407","0.34559322033898304","0.505"
"4","0.2390588235294118","0.11870588235294117","0.9922352941176471","0.7165882352941176","0.01","0.01","0.01","0.01","1.01","0.01","0.01","0.175","0.13774193548387098","0.7847826086956522","0.1945762711864407","0.34559322033898304","0.505"
"3","0.464235294117647","0.10705882352941176","0.060470588235294116","0.14200000000000002","0.01","0.01","0.01","0.01","0.01","0.01","1.01","0.175","0.13774193548387098","0.7847826086956522","0.1945762711864407","0.3623728813559322","0.505"
"8","0.1458823529411765","0.1847058823529412","0.8990588235294118","0.5845882352941177","0.01","0.01","0.01","1.01","0.01","0.01","0.01","0.175","0.13774193548387098","0.7847826086956522","0.1945762711864407","0.3623728813559322","0.505"
"5","0.5612941176470588","0.7903529411764706","0.8990588235294118","0.5263529411764706","0.01","0.01","0.01","0.01","0.01","0.01","1.01","0.175","0.13774193548387098","0.7847826086956522","0.1945762711864407","0.3623728813559322","0.505"
"2","0.7321176470588235","0.9456470588235294","0.868","0.1458823529411765","0.01","1.01","0.01","0.01","0.01","0.01","0.01","0.175","0.13774193548387098","0.7847826086956522","0.1945762711864407","0.3623728813559322","0.505"
"1","0.7282352941176471","0.4409411764705882","0.7010588235294117","0.02164705882352941","0.01","0.01","0.01","0.01","0.01","0.01","1.01","0.175","0.13774193548387098","0.7847826086956522","0.1945762711864407","0.3623728813559322","0.505"
"9","0.2701176470588236","0.08376470588235294","0.9961176470588236","0.4875294117647059","0.01","0.01","0.01","0.01","0.01","1.01","0.01","0.175","0.13774193548387098","0.7847826086956522","0.1945762711864407","0.3623728813559322","0.505"
"3","0.8175294117647058","0.1963529411764706","0.274","0.2584705882352941","0.01","0.01","0.01","0.01","0.01","0.01","1.01","0.175","0.13774193548387098","0.7847826086956522","0.1945762711864407","0.3623728813559322","0.505"
"6","0.21188235294117647","0.9145882352941176","0.1458823529411765","0.1303529411764706","0.01","0.01","0.01","1.01","0.01","0.01","0.01","0.175","0.13774193548387098","0.7847826086956522","0.1945762711864407","0.3623728813559322","0.505"
"5","0.4292941176470588","0.8757647058823529","0.347764705882353","0.9805882352941176","0.01","1.01","0.01","0.01","0.01","0.01","0.01","0.175","0.13774193548387098","0.7847826086956522","0.1945762711864407","0.3623728813559322","0.505"
"5","0.3982352941176471","0.24294117647058824","0.3982352941176471","0.36717647058823527","0.01","1.01","0.01","0.01","0.01","0.01","0.01","0.175","0.13774193548387098","0.7847826086956522","0.1945762711864407","0.3623728813559322","0.505"
"7","0.6894117647058824","0.8796470588235294","0.9728235294117646","0.5807058823529412","0.01","0.01","0.01","0.01","0.01","1.01","0.01","0.175","0.13774193548387098","0.7847826086956522","0.1945762711864407","0.3623728813559322","0.505"
"7","0.8718823529411764","0.6816470588235295","0.10705882352941176","0.1963529411764706","0.01","0.01","1.01","0.01","0.01","0.01","0.01","0.175","0.13774193548387098","0.7847826086956522","0.1945762711864407","0.3623728813559322","0.505"
"0","0.4098823529411765","0.1303529411764706","0.6855294117647059","0.36717647058823527","1.01","0.01","0.01","0.01","0.01","0.01","0.01","0.175","0.13774193548387098","0.7847826086956522","0.1945762711864407","0.3791525423728814","0.505"
"9","0.7321176470588235","0.6699999999999999","0.5729411764705882","0.4875294117647059","0.01","0.01","0.01","0.01","0.01","0.01","1.01","0.175","0.13774193548387098","0.7847826086956522","0.1945762711864407","0.3791525423728814","0.505"
"1","0.27788235294117647","0.7398823529411765","0.9068235294117647","0.076","0.01","0.01","0.01","0.01","0.01","1.01","0.01","0.175","0.13774193548387098","0.7847826086956522","0.1945762711864407","0.3791525423728814","0.505"
"7","0.4603529411764706","0.3632941176470588","0.2972941176470589","0.743764705882353","0.01","0.01","0.01","1.01","0.01","0.01","0.01","0.175","0.13774193548387098","0.7847826086956522","0.1945762711864407","0.3791525423728814","0.505"
"6","0.7864705882352941","0.6855294117647059","0.4758823529411765","0.743764705882353","0.01","0.01","0.01","0.01","0.01","1.01","0.01","0.175","0.13774193548387098","0.7847826086956522","0.1945762711864407","0.3791525423728814","0.505"
"3","0.12258823529411764","0.18082352941176472","0.7515294117647059","0.5147058823529411","0.01","0.01","0.01","0.01","0.01","0.01","1.01","0.175","0.13774193548387098","0.7847826086956522","0.1945762711864407","0.3791525423728814","0.505"
"1","0.7554117647058823","0.30505882352941177","0.044941176470588234","0.6117647058823529","0.01","0.01","0.01","0.01","1.01","0.01","0.01","0.175","0.13774193548387098","0.7847826086956522","0.1945762711864407","0.3791525423728814","0.505"
"3","0.16917647058823532","0.20800000000000002","0.6467058823529412","1.0","0.01","0.01","0.01","0.01","1.01","0.01","0.01","0.175","0.13774193548387098","0.7847826086956522","0.1945762711864407","0.3791525423728814","0.505"
"4","0.7398823529411765","0.274","0.9961176470588236","0.934","0.01","1.01","0.01","0.01","0.01","0.01","0.01","0.175","0.13774193548387098","0.7847826086956522","0.1945762711864407","0.3791525423728814","0.505"
"4","0.09929411764705881","0.07211764705882352","0.7515294117647059","0.10705882352941176","1.01","0.01","0.01","0.01","0.01","0.01","0.01","0.175","0.13774193548387098","0.7847826086956522","0.1945762711864407","0.3791525423728814","0.505"
"4","0.2972941176470589","0.3516470588235294","0.13423529411764706","0.7748235294117647","0.01","0.01","0.01","1.01","0.01","0.01","0.01","0.175","0.13774193548387098","0.7847826086956522","0.1945762711864407","0.3791525423728814","0.505"
"7","0.8951764705882354","0.41764705882352937","0.1575294117647059","0.406","0.01","0.01","0.01","0.01","1.01","0.01","0.01","0.175","0.13774193548387098","0.7847826086956522","0.1945762711864407","0.39593220338983054","0.505"
"5","0.3128235294117647","0.13423529411764706","0.3788235294117647","0.5302352941176471","0.01","0.01","0.01","0.01","0.01","0.01","1.01","0.175","0.13774193548387098","0.7847826086956522","0.1945762711864407","0.39593220338983054","0.505"
"8","0.6001176470588235","0.5147058823529411","0.1575294117647059","0.7864705882352941","0.01","1.01","0.01","0.01","0.01","0.01","0.01","0.175","0.13774193548387098","0.7847826086956522","0.1945762711864407","0.39593220338983054","0.505"
"2","0.18082352941176472","0.8214117647058823","0.41764705882352937","0.7049411764705882","0.01","0.01","0.01","0.01","1.01","0.01","0.01","0.175","0.13774193548387098","0.7847826086956522","0.1945762711864407","0.39593220338983054","0.505"
"3","0.3438823529411765","0.7981176470588235","0.05658823529411765","0.5962352941176471","0.01","1.01","0.01","0.01","0.01","0.01","0.01","0.175","0.13774193548387098","0.7847826086956522","0.1945762711864407","0.39593220338983054","0.505"
"3","0.7049411764705882","0.14976470588235294","0.8214117647058823","0.5496470588235294","0.01","0.01","1.01","0.01","0.01","0.01","0.01","0.175","0.13774193548387098","0.7847826086956522","0.1945762711864407","0.39593220338983054","0.505"
"3","0.24682352941176472","0.36717647058823527","0.14976470588235294","0.6156470588235294","0.01","0.01","0.01","1.01","0.01","0.01","0.01","0.175","0.13774193548387098","0.7847826086956522","0.1945762711864407","0.39593220338983054","0.505"
"4","0.3089411764705882","0.1303529411764706","0.5263529411764706","0.4370588235294118","0.01","0.01","0.01","1.01","0.01","0.01","0.01","0.175","0.13774193548387098","0.7847826086956522","0.1945762711864407","0.39593220338983054","0.505"
"2","0.6428235294117647","0.7049411764705882","0.2584705882352941","0.4758823529411765","1.01","0.01","0.01","0.01","0.01","0.01","0.01","0.175","0.13774193548387098","0.7847826086956522","0.1945762711864407","0.39593220338983054","0.505"
"6","0.3865882352941176","0.3283529411764706","0.9805882352941176","0.7903529411764706","0.01","0.01","0.01","0.01","0.01","1.01","0.01","0.175","0.13774193548387098","0.7847826086956522","0.1945762711864407","0.39593220338983054","0.505"
"5","0.5807058823529412","0.14200000000000002","0.8524705882352941","0.8408235294117647","0.01","0.01","0.01","1.01","0.01","0.01","0.01","0.175","0.13774193548387098","0.7847826086956522","0.1945762711864407","0.39593220338983054","0.505"
"0","0.5457647058823529","0.7825882352941177","0.07988235294117646","0.4098823529411765","0.01","0.01","1.01","0.01","0.01","0.01","0.01","0.175","0.13774193548387098","0.7847826086956522","0.1945762711864407","0.39593220338983054","0.505"
"0","0.01","0.24682352941176472","0.5807058823529412","0.538","0.01","0.01","0.01","0.01","1.01","0.01","0.01","0.175","0.13774193548387098","0.7847826086956522","0.1945762711864407","0.4127118644067797","0.505"
"5","0.4603529411764706","0.8485882352941176","0.9883529411764707","0.4875294117647059","0.01","0.01","0.01","0.01","0.01","1.01","0.01","0.175","0.13774193548387098","0.7847826086956522","0.1945762711864407","0.4127118644067797","0.505"
"9","0.9922352941176471","0.868","0.0371764705882353","0.8524705882352941","1.01","0.01","0.01","0.01","0.01","0.01","0.01","0.175","0.13774193548387098","0.7847826086956522","0.1945762711864407","0.4127118644067797","0.505"
"1","0.7282352941176471","0.025529411764705884","0.464235294117647","0.04882352941176471","1.01","0.01","0.01","0.01","0.01","0.01","0.01","0.175","0.13774193548387098","0.7847826086956522","0.1945762711864407","0.4127118644067797","0.505"
"1","0.4487058823529412","0.918470588235294","0.6505882352941177","0.7321176470588235","0.01","0.01","0.01","0.01","0.01","0.01","1.01","0.175","0.13774193548387098","0.7847826086956522","0.1945762711864407","0.4127118644067797","0.505"
"0","0.7321176470588235","0.9572941176470589","0.05270588235294118","0.21964705882352942","0.01","0.01","0.01","0.01","0.01","1.01","0.01","0.175","0.13774193548387098","0.7847826086956522","0.1945762711864407","0.4127118644067797","0.505"
"0","0.4525882352941177","0.2856470588235294","0.9534117647058823","0.7282352941176471","0.01","0.01","1.01","0.01","0.01","0.01","0.01","0.175","0.13774193548387098","0.7847826086956522","0.1945762711864407","0.4127118644067797","0.505"
"4","0.7864705882352941","0.4758823529411765","0.6583529411764706","0.8058823529411765","0.01","0.01","0.01","0.01","0.01","0.01","1.01","0.175","0.13774193548387098","0.7847826086956522","0.1945762711864407","0.4127118644067797","0.505"
"8","0.21964705882352942","0.5884705882352942","0.5535294117647059","0.7010588235294117","0.01","0.01","1.01","0.01","0.01","0.01","0.01","0.175","0.13774193548387098","0.7847826086956522","0.1945762711864407","0.4127118644067797","0.505"
"6","0.33999999999999997","0.45647058823529413","0.01776470588235294","0.5729411764705882","0.01","1.01","0.01","0.01","0.01","0.01","0.01","0.175","0.13774193548387098","0.7847826086956522","0.1945762711864407","0.4127118644067797","0.505"
"9","0.3865882352941176","0.1264705882352941","0.281764705882353","0.0371764705882353","0.01","0.01","0.01","1.01","0.01","0.01","0.01","0.175","0.13774193548387098","0.7847826086956522","0.1945762711864407","0.4127118644067797","0.505"
"6","0.9145882352941176","0.1148235294117647","0.7825882352941177","0.9456470588235294","0.01","0.01","1.01","0.01","0.01","0.01","0.01","0.175","0.13774193548387098","0.7847826086956522","0.1945762711864407","0.4127118644067797","0.505"
"3","0.3283529411764706","0.7243529411764705","0.21188235294117647","0.3089411764705882","0.01","0.01","0.01","1.01","0.01","0.01","0.01","0.175","0.13774193548387098","0.7847826086956522","0.1945762711864407","0.4294915254237288","0.505"
"8","0.5845882352941177","0.9611764705882353","0.4292941176470588","0.39435294117647063","0.01","0.01","0.01","0.01","0.01","1.01","0.01","0.175","0.13774193548387098","0.7847826086956522","0.1945762711864407","0.4294915254237288","0.505"
"7","0.10705882352941176","0.7787058823529412","0.48364705882352943","0.7127058823529412","0.01","0.01","0.01","1.01","0.01","0.01","0.01","0.175","0.13774193548387098","0.7847826086956522","0.1945762711864407","0.4294915254237288","0.505"
"0","0.6583529411764706","0.01388235294117647","0.3865882352941176","0.5651764705882353","0.01","0.01","0.01","0.01","1.01","0.01","0.01","0.175","0.13774193548387098","0.7847826086956522","0.1945762711864407","0.4294915254237288","0.505"
"6","0.9534117647058823","0.03329411764705882","0.5224705882352941","0.9650588235294117","1.01","0.01","0.01","0.01","0.01","0.01","0.01","0.175","0.13774193548387098","0.7847826086956522","0.1945762711864407","0.4294915254237288","0.505"
"7","0.49917647058823533","0.8136470588235294","0.9611764705882353","0.36717647058823527","0.01","0.01","1.01","0.01","0.01","0.01","0.01","0.175","0.13774193548387098","0.7847826086956522","0.1945762711864407","0.446271186440678","0.505"
"8","0.7592941176470588","0.464235294117647","0.8835294117647059","0.09541176470588235","0.01","0.01","0.01","0.01","0.01","1.01","0.01","0.175","0.13774193548387098","0.7847826086956522","0.1945762711864407","0.446271186440678","0.505"
"3","0.6816470588235295","0.9650588235294117","0.8175294117647058","0.5263529411764706","0.01","0.01","0.01","0.01","0.01","1.01","0.01","0.175","0.13774193548387098","0.7847826086956522","0.1945762711864407","0.446271186440678","0.505"
"4","0.5341176470588236","0.7670588235294117","0.4603529411764706","0.025529411764705884","0.01","0.01","1.01","0.01","0.01","0.01","0.01","0.175","0.13774193548387098","0.7847826086956522","0.1945762711864407","0.446271186440678","0.505"
"7","0.802","0.12258823529411764","0.4525882352941177","0.2390588235294118","0.01","0.01","0.01","0.01","0.01","0.01","1.01","0.175","0.13774193548387098","0.7847826086956522","0.1945762711864407","0.446271186440678","0.505"
"3","0.4797647058823529","0.09929411764705881","0.8835294117647059","0.6350588235294118","0.01","0.01","0.01","0.01","1.01","0.01","0.01","0.175","0.13774193548387098","0.7847826086956522","0.1945762711864407","0.446271186440678","0.505"
"5","0.3788235294117647","0.07988235294117646","0.22741176470588237","0.3982352941176471","0.01","0.01","1.01","0.01","0.01","0.01","0.01","0.175","0.13774193548387098","0.7847826086956522","0.1945762711864407","0.46305084745762715","0.505"
"4","0.7088235294117647","0.6428235294117647","0.24682352941176472","0.04882352941176471","1.01","0.01","0.01","0.01","0.01","0.01","0.01","0.175","0.13774193548387098","0.7847826086956522","0.1945762711864407","0.46305084745762715","0.505"
"6","0.09929411764705881","0.8796470588235294","0.9650588235294117","0.5535294117647059","0.01","0.01","0.01","0.01","1.01","0.01","0.01","0.175","0.13774193548387098","0.7847826086956522","0.1945762711864407","0.46305084745762715","0.505"
"4","0.48364705882352943","0.12258823529411764","0.5923529411764706","0.8796470588235294","0.01","0.01","0.01","0.01","0.01","1.01","0.01","0.175","0.13774193548387098","0.7847826086956522","0.1945762711864407","0.46305084745762715","0.505"
"6","0.9922352941176471","0.9650588235294117","0.9922352941176471","0.28952941176470587","0.01","1.01","0.01","0.01","0.01","0.01","0.01","0.175","0.13774193548387098","0.7847826086956522","0.1945762711864407","0.46305084745762715","0.505"
"1","0.3361176470588235","0.662235294117647","0.21576470588235297","0.5612941176470588","0.01","0.01","0.01","1.01","0.01","0.01","0.01","0.175","0.13774193548387098","0.7847826086956522","0.1945762711864407","0.4798305084745763","0.505"
"7","0.11094117647058822","0.6001176470588235","0.274","0.7515294117647059","0.01","0.01","1.01","0.01","0.01","0.01","0.01","0.175","0.13774193548387098","0.7847826086956522","0.1945762711864407","0.4798305084745763","0.505"
"1","0.9689411764705882","0.11870588235294117","0.743764705882353","0.7010588235294117","0.01","0.01","0.01","0.01","1.01","0.01","0.01","0.175","0.13774193548387098","0.7847826086956522","0.1945762711864407","0.4798305084745763","0.505"
"6","0.07211764705882352","0.8097647058823529","0.27788235294117647","0.07211764705882352","0.01","0.01","0.01","0.01","0.01","0.01","1.01","0.175","0.13774193548387098","0.7847826086956522","0.1945762711864407","0.4798305084745763","0.505"
"9","0.25458823529411767","0.05270588235294118","0.20023529411764707","0.28952941176470587","0.01","0.01","0.01","1.01","0.01","0.01","0.01","0.175","0.13774193548387098","0.7847826086956522","0.1945762711864407","0.4798305084745763","0.505"
"3","0.3788235294117647","0.7398823529411765","0.7243529411764705","0.5884705882352942","0.01","0.01","0.01","0.01","0.01","0.01","1.01","0.175","0.13774193548387098","0.7847826086956522","0.1945762711864407","0.4798305084745763","0.505"
"8","0.5302352941176471","0.4525882352941177","0.8097647058823529","0.8912941176470588","0.01","0.01","0.01","0.01","0.01","1.01","0.01","0.175","0.13774193548387098","0.7847826086956522","0.1945762711864407","0.4798305084745763","0.505"
"4","0.8874117647058823","0.604","0.9922352941176471","0.16917647058823532","1.01","0.01","0.01","0.01","0.01","0.01","0.01","0.175","0.13774193548387098","0.7847826086956522","0.1945762711864407","0.4798305084745763","0.505"
"6","0.6971764705882353","0.10705882352941176","0.1264705882352941","0.5807058823529412","0.01","0.01","0.01","0.01","0.01","1.01","0.01","0.175","0.13774193548387098","0.7847826086956522","0.1945762711864407","0.4798305084745763","0.505"
"1","0.5147058823529411","0.7631764705882352","0.5807058823529412","0.5496470588235294","0.01","0.01","0.01","0.01","0.01","1.01","0.01","0.175","0.13774193548387098","0.7847826086956522","0.1945762711864407","0.4798305084745763","0.505"
"2","0.4681176470588236","0.21576470588235297","0.1458823529411765","0.25458823529411767","1.01","0.01","0.01","0.01","0.01","0.01","0.01","0.175","0.13774193548387098","0.7847826086956522","0.1945762711864407","0.4966101694915255","0.505"
"0","0.01388235294117647","0.04882352941176471","0.5263529411764706","0.6350588235294118","0.01","0.01","0.01","0.01","0.01","0.01","1.01","0.175","0.13774193548387098","0.7847826086956522","0.1945762711864407","0.4966101694915255","0.505"
"7","0.9029411764705882","0.8524705882352941","0.13811764705882354","0.8641176470588235","0.01","0.01","0.01","0.01","0.01","1.01","0.01","0.175","0.13774193548387098","0.7847826086956522","0.1945762711864407","0.4966101694915255","0.505"
"9","0.9844705882352941","0.5185882352941176","0.802","0.08376470588235294","0.01","0.01","0.01","0.01","1.01","0.01","0.01","0.175","0.13774193548387098","0.7847826086956522","0.1945762711864407","0.4966101694915255","0.505"
"6","0.7554117647058823","0.029411764705882353","0.4331764705882353","0.2390588235294118","0.01","0.01","1.01","0.01","0.01","0.01","0.01","0.175","0.13774193548387098","0.7847826086956522","0.1945762711864407","0.4966101694915255","0.505"
"7","0.7476470588235294","0.35552941176470587","0.1575294117647059","0.8291764705882353","1.01","0.01","0.01","0.01","0.01","0.01","0.01","0.175","0.13774193548387098","0.7847826086956522","0.1945762711864407","0.4966101694915255","0.505"
"5","0.1575294117647059","0.09541176470588235","0.23129411764705884","0.8252941176470587","0.01","0.01","0.01","0.01","0.01","0.01","1.01","0.175","0.13774193548387098","0.7847826086956522","0.1945762711864407","0.4966101694915255","0.505"
"4","0.41764705882352937","0.7088235294117647","0.7282352941176471","0.7864705882352941","0.01","0.01","0.01","0.01","0.01","1.01","0.01","0.175","0.13774193548387098","0.7847826086956522","0.1945762711864407","0.4966101694915255","0.505"
"6","0.662235294117647","0.5807058823529412","0.8951764705882354","0.1264705882352941","0.01","1.01","0.01","0.01","0.01","0.01","0.01","0.175","0.13774193548387098","0.7847826086956522","0.1945762711864407","0.4966101694915255","0.505"
"6","0.33999999999999997","0.3011764705882353","0.8757647058823529","0.16917647058823532","0.01","0.01","0.01","0.01","1.01","0.01","0.01","0.175","0.13774193548387098","0.7847826086956522","0.1945762711864407","0.4966101694915255","0.505"
"1","0.4254117647058824","0.7554117647058823","0.5147058823529411","0.11870588235294117","0.01","0.01","1.01","0.01","0.01","0.01","0.01","0.175","0.13774193548387098","0.7847826086956522","0.1945762711864407","0.4966101694915255","0.505"
"4","0.5185882352941176","0.025529411764705884","0.5224705882352941","0.14976470588235294","0.01","0.01","0.01","1.01","0.01","0.01","0.01","0.175","0.13774193548387098","0.7847826086956522","0.1945762711864407","0.5133898305084745","0.505"
"2","0.5807058823529412","0.45647058823529413","0.39435294117647063","0.6428235294117647","0.01","0.01","1.01","0.01","0.01","0.01","0.01","0.175","0.13774193548387098","0.7847826086956522","0.1945762711864407","0.5133898305084745","0.505"
"6","0.04882352941176471","0.3788235294117647","0.4875294117647059","0.8097647058823529","0.01","1.01","0.01","0.01","0.01","0.01","0.01","0.175","0.13774193548387098","0.7847826086956522","0.1945762711864407","0.5133898305084745","0.505"
"3","0.802","0.5574117647058824","0.5884705882352942","0.3749411764705883","0.01","0.01","1.01","0.01","0.01","0.01","0.01","0.175","0.13774193548387098","0.7847826086956522","0.1945762711864407","0.5133898305084745","0.505"
"7","0.5069411764705882","0.5651764705882353","0.11094117647058822","0.5302352941176471","0.01","0.01","0.01","1.01","0.01","0.01","0.01","0.175","0.13774193548387098","0.7847826086956522","0.1945762711864407","0.5133898305084745","0.505"
"2","0.01776470588235294","0.7476470588235294","0.27788235294117647","0.02164705882352941","0.01","0.01","0.01","0.01","0.01","1.01","0.01","0.175","0.13774193548387098","0.7847826086956522","0.1945762711864407","0.5133898305084745","0.505"
"4","0.8951764705882354","0.4021176470588235","0.8058823529411765","0.07211764705882352","0.01","0.01","0.01","1.01","0.01","0.01","0.01","0.175","0.13774193548387098","0.7847826086956522","0.1945762711864407","0.5133898305084745","0.505"
"2","0.029411764705882353","0.3128235294117647","0.6738823529411764","0.16917647058823532","0.01","0.01","0.01","1.01","0.01","0.01","0.01","0.175","0.13774193548387098","0.7847826086956522","0.1945762711864407","0.5301694915254238","0.505"
"0","0.20411764705882354","0.7127058823529412","0.3089411764705882","0.7398823529411765","1.01","0.01","0.01","0.01","0.01","0.01","0.01","0.175","0.13774193548387098","0.7847826086956522","0.1945762711864407","0.5301694915254238","0.505"
"0","0.26623529411764707","0.9805882352941176","0.5496470588235294","0.19247058823529414","0.01","0.01","0.01","0.01","0.01","0.01","1.01","0.175","0.13774193548387098","0.7847826086956522","0.1945762711864407","0.5301694915254238","0.505"
"8","0.5069411764705882","0.7709411764705882","0.49917647058823533","0.3788235294117647","0.01","0.01","0.01","1.01","0.01","0.01","0.01","0.175","0.13774193548387098","0.7847826086956522","0.1945762711864407","0.5301694915254238","0.505"
"3","0.8912941176470588","0.3244705882352941","0.3438823529411765","0.4137647058823529","1.01","0.01","0.01","0.01","0.01","0.01","0.01","0.175","0.13774193548387098","0.7847826086956522","0.1945762711864407","0.5301694915254238","0.505"
"0","0.16917647058823532","0.21964705882352942","0.23129411764705884","0.9534117647058823","0.01","0.01","0.01","0.01","0.01","1.01","0.01","0.175","0.13774193548387098","0.7847826086956522","0.1945762711864407","0.5301694915254238","0.505"
"9","0.6428235294117647","0.8641176470588235","0.3788235294117647","0.47200000000000003","0.01","0.01","0.01","1.01","0.01","0.01","0.01","0.175","0.13774193548387098","0.7847826086956522","0.1945762711864407","0.5469491525423729","0.505"
"5","0.9883529411764707","0.7748235294117647","0.7825882352941177","0.41764705882352937","0.01","0.01","0.01","0.01","0.01","1.01","0.01","0.175","0.13774193548387098","0.7847826086956522","0.1945762711864407","0.5469491525423729","0.505"
"3","0.6932941176470588","0.1303529411764706","0.934","0.16141176470588237","0.01","0.01","1.01","0.01","0.01","0.01","0.01","0.175","0.13774193548387098","0.7847826086956522","0.1945762711864407","0.5469491525423729","0.505"
"8","0.7592941176470588","0.3749411764705883","0.3205882352941177","0.7981176470588235","0.01","0.01","0.01","1.01","0.01","0.01","0.01","0.175","0.13774193548387098","0.7847826086956522","0.1945762711864407","0.5469491525423729","0.505"
"5","0.3283529411764706","0.5768235294117646","0.9689411764705882","0.7049411764705882","1.01","0.01","0.01","0.01","0.01","0.01","0.01","0.175","0.13774193548387098","0.7847826086956522","0.1945762711864407","0.563728813559322","0.505"
"7","0.0371764705882353","0.10705882352941176","0.1847058823529412","0.9223529411764705","1.01","0.01","0.01","0.01","0.01","0.01","0.01","0.175","0.13774193548387098","0.7847826086956522","0.1945762711864407","0.563728813559322","0.505"
"6","0.9456470588235294","0.7631764705882352","0.9534117647058823","0.30505882352941177","0.01","1.01","0.01","0.01","0.01","0.01","0.01","0.175","0.13774193548387098","0.7847826086956522","0.1945762711864407","0.563728813559322","0.505"
"5","0.7748235294117647","0.9767058823529412","0.21188235294117647","0.08376470588235294","1.01","0.01","0.01","0.01","0.01","0.01","0.01","0.175","0.13774193548387098","0.7847826086956522","0.1945762711864407","0.563728813559322","0.505"
"8","0.5535294117647059","0.2856470588235294","0.27788235294117647","0.6544705882352941","0.01","0.01","0.01","0.01","0.01","0.01","1.01","0.175","0.13774193548387098","0.7847826086956522","0.1945762711864407","0.5805084745762712","0.505"
"7","0.16141176470588237","1.0","0.7321176470588235","0.16917647058823532","0.01","0.01","0.01","0.01","0.01","0.01","1.01","0.175","0.13774193548387098","0.7847826086956522","0.1945762711864407","0.5805084745762712","0.505"
"1","0.35552941176470587","0.3594117647058824","0.2235294117647059","0.918470588235294","0.01","0.01","0.01","0.01","1.01","0.01","0.01","0.175","0.13774193548387098","0.7847826086956522","0.1945762711864407","0.5805084745762712","0.505"
"7","0.2351764705882353","0.6971764705882353","0.9534117647058823","0.24682352941176472","0.01","0.01","0.01","0.01","0.01","1.01","0.01","0.175","0.13774193548387098","0.7847826086956522","0.1945762711864407","0.5805084745762712","0.505"
"8","0.6350588235294118","0.39435294117647063","0.12258823529411764","0.9961176470588236","0.01","0.01","0.01","0.01","1.01","0.01","0.01","0.175","0.13774193548387098","0.7847826086956522","0.1945762711864407","0.5805084745762712","0.505"
"5","0.01776470588235294","0.041058823529411766","0.3594117647058824","0.13423529411764706","0.01","0.01","0.01","1.01","0.01","0.01","0.01","0.175","0.13774193548387098","0.7847826086956522","0.1945762711864407","0.5972881355932204","0.505"
"1","0.5807058823529412","0.49529411764705883","0.7398823529411765","0.9495294117647058","0.01","0.01","0.01","0.01","0.01","0.01","1.01","0.175","0.13774193548387098","0.7847826086956522","0.1945762711864407","0.5972881355932204","0.505"
"5","0.9961176470588236","0.8136470588235294","0.6389411764705882","0.464235294117647","0.01","0.01","0.01","0.01","0.01","0.01","1.01","0.175","0.13774193548387098","0.7847826086956522","0.1945762711864407","0.5972881355932204","0.505"
"4","0.7670588235294117","0.2701176470588236","0.8990588235294118","0.3244705882352941","0.01","0.01","1.01","0.01","0.01","0.01","0.01","0.175","0.13774193548387098","0.7847826086956522","0.1945762711864407","0.5972881355932204","0.505"
"9","0.6699999999999999","0.8369411764705883","0.6583529411764706","0.25070588235294117","0.01","0.01","1.01","0.01","0.01","0.01","0.01","0.175","0.13774193548387098","0.7847826086956522","0.1945762711864407","0.5972881355932204","0.505"
"8","0.7554117647058823","0.2390588235294118","0.8330588235294119","0.9767058823529412","0.01","1.01","0.01","0.01","0.01","0.01","0.01","0.175","0.13774193548387098","0.7847826086956522","0.1945762711864407","0.5972881355932204","0.505"
"9","0.6467058823529412","0.24294117647058824","0.9650588235294117","0.4797647058823529","0.01","0.01","1.01","0.01","0.01","0.01","0.01","0.175","0.13774193548387098","0.7847826086956522","0.1945762711864407","0.5972881355932204","0.505"
"7","0.9107058823529411","0.7088235294117647","0.16529411764705884","0.7398823529411765","0.01","0.01","0.01","1.01","0.01","0.01","0.01","0.175","0.13774193548387098","0.7847826086956522","0.1945762711864407","0.5972881355932204","0.505"
"8","0.01388235294117647","0.9572941176470589","0.7554117647058823","0.6234117647058823","0.01","0.01","0.01","1.01","0.01","0.01","0.01","0.175","0.13774193548387098","0.7847826086956522","0.1945762711864407","0.6140677966101695","0.505"
"1","0.7515294117647059","0.4797647058823529","0.4797647058823529","0.538","0.01","1.01","0.01","0.01","0.01","0.01","0.01","0.175","0.13774193548387098","0.7847826086956522","0.1945762711864407","0.6140677966101695","0.505"
"2","0.49917647058823533","0.5341176470588236","0.3788235294117647","0.8058823529411765","0.01","1.01","0.01","0.01","0.01","0.01","0.01","0.175","0.13774193548387098","0.7847826086956522","0.1945762711864407","0.6140677966101695","0.505"
"9","0.9883529411764707","0.33999999999999997","0.9262352941176472","0.02164705882352941","0.01","0.01","0.01","1.01","0.01","0.01","0.01","0.175","0.13774193548387098","0.7847826086956522","0.1945762711864407","0.6140677966101695","0.505"
"7","0.9883529411764707","0.8990588235294118","0.9611764705882353","0.9378823529411765","0.01","0.01","0.01","0.01","0.01","1.01","0.01","0.175","0.13774193548387098","0.7847826086956522","0.1945762711864407","0.6140677966101695","0.505"
"1","0.4021176470588235","0.5923529411764706","0.6932941176470588","0.20411764705882354","1.01","0.01","0.01","0.01","0.01","0.01","0.01","0.175","0.13774193548387098","0.7847826086956522","0.1945762711864407","0.6140677966101695","0.505"
"7","0.1458823529411765","0.076","0.5496470588235294","0.025529411764705884","0.01","0.01","1.01","0.01","0.01","0.01","0.01","0.175","0.13774193548387098","0.7847826086956522","0.1945762711864407","0.6140677966101695","0.505"
"2","0.9534117647058823","0.5535294117647059","0.281764705882353","0.10317647058823529","0.01","0.01","0.01","1.01","0.01","0.01","0.01","0.175","0.13774193548387098","0.7847826086956522","0.1945762711864407","0.6140677966101695","0.505"
"0","0.3322352941176471","0.6156470588235294","0.4254117647058824","0.05658823529411765","0.01","0.01","0.01","0.01","1.01","0.01","0.01","0.175","0.13774193548387098","0.7847826086956522","0.1945762711864407","0.6140677966101695","0.505"
"2","0.36717647058823527","0.5147058823529411","0.4137647058823529","0.2584705882352941","0.01","1.01","0.01","0.01","0.01","0.01","0.01","0.175","0.13774193548387098","0.7847826086956522","0.1945762711864407","0.6140677966101695","0.505"
"2","0.5768235294117646","0.5962352941176471","0.36717647058823527","0.3827058823529412","0.01","0.01","0.01","1.01","0.01","0.01","0.01","0.175","0.13774193548387098","0.7847826086956522","0.1945762711864407","0.6308474576271187","0.505"
"1","0.7010588235294117","0.8252941176470587","0.06823529411764706","0.3632941176470588","0.01","0.01","0.01","0.01","0.01","0.01","1.01","0.175","0.13774193548387098","0.7847826086956522","0.1945762711864407","0.6308474576271187","0.505"
"6","0.7127058823529412","0.21188235294117647","0.5457647058823529","0.21576470588235297","0.01","0.01","0.01","1.01","0.01","0.01","0.01","0.175","0.13774193548387098","0.7847826086956522","0.1945762711864407","0.6308474576271187","0.505"
"9","0.7321176470588235","0.9767058823529412","0.49917647058823533","0.7476470588235294","0.01","1.01","0.01","0.01","0.01","0.01","0.01","0.175","0.13774193548387098","0.7847826086956522","0.1945762711864407","0.6308474576271187","0.505"
"5","0.18858823529411764","0.6932941176470588","0.9029411764705882","0.8252941176470587","0.01","0.01","0.01","0.01","0.01","0.01","1.01","0.175","0.13774193548387098","0.7847826086956522","0.1945762711864407","0.6308474576271187","0.505"
"2","0.35552941176470587","0.044941176470588234","0.604","0.17305882352941176","0.01","0.01","0.01","0.01","1.01","0.01","0.01","0.175","0.13774193548387098","0.7847826086956522","0.1945762711864407","0.6308474576271187","0.505"
"5","0.868","0.01","0.3827058823529412","0.24682352941176472","0.01","0.01","0.01","0.01","0.01","0.01","1.01","0.175","0.13774193548387098","0.7847826086956522","0.1945762711864407","0.6308474576271187","0.505"
"3","0.7903529411764706","0.35552941176470587","0.5690588235294117","0.3244705882352941","0.01","0.01","0.01","1.01","0.01","0.01","0.01","0.175","0.13774193548387098","0.7847826086956522","0.1945762711864407","0.6308474576271187","0.505"
"9","0.9068235294117647","0.01","0.6272941176470588","0.21188235294117647","0.01","0.01","0.01","0.01","1.01","0.01","0.01","0.175","0.13774193548387098","0.7847826086956522","0.1945762711864407","0.6308474576271187","0.505"
"2","0.3516470588235294","0.9883529411764707","0.22741176470588237","0.31670588235294117","0.01","0.01","0.01","0.01","1.01","0.01","0.01","0.175","0.13774193548387098","0.7847826086956522","0.1945762711864407","0.6308474576271187","0.505"
"9","0.45647058823529413","0.18082352941176472","0.6738823529411764","0.39435294117647063","0.01","0.01","0.01","0.01","0.01","1.01","0.01","0.175","0.13774193548387098","0.7847826086956522","0.1945762711864407","0.6476271186440677","0.505"
"8","0.5418823529411765","0.8990588235294118","0.05270588235294118","0.9844705882352941","0.01","0.01","0.01","0.01","0.01","0.01","1.01","0.175","0.13774193548387098","0.7847826086956522","0.1945762711864407","0.6476271186440677","0.505"
"2","0.01","0.09541176470588235","0.406","0.6971764705882353","0.01","0.01","0.01","0.01","0.01","1.01","0.01","0.175","0.13774193548387098","0.7847826086956522","0.1945762711864407","0.6476271186440677","0.505"
"2","0.4137647058823529","0.8796470588235294","0.8252941176470587","0.6932941176470588","0.01","0.01","0.01","1.01","0.01","0.01","0.01","0.175","0.13774193548387098","0.7847826086956522","0.1945762711864407","0.6476271186440677","0.505"
"7","0.6738823529411764","0.9689411764705882","0.860235294117647","0.4409411764705882","0.01","0.01","1.01","0.01","0.01","0.01","0.01","0.175","0.13774193548387098","0.7847826086956522","0.1945762711864407","0.6476271186440677","0.505"
"4","0.5341176470588236","0.9456470588235294","0.7864705882352941","0.5418823529411765","0.01","0.01","0.01","0.01","0.01","1.01","0.01","0.175","0.13774193548387098","0.7847826086956522","0.1945762711864407","0.6476271186440677","0.505"
"3","0.8718823529411764","0.6234117647058823","0.28952941176470587","0.10317647058823529","0.01","0.01","0.01","0.01","0.01","1.01","0.01","0.175","0.13774193548387098","0.7847826086956522","0.1945762711864407","0.6476271186440677","0.505"
"2","0.3982352941176471","0.5224705882352941","0.6932941176470588","0.01388235294117647","0.01","0.01","0.01","0.01","0.01","0.01","1.01","0.175","0.13774193548387098","0.7847826086956522","0.1945762711864407","0.6476271186440677","0.505"
"9","0.736","0.05270588235294118","0.1264705882352941","0.5069411764705882","0.01","1.01","0.01","0.01","0.01","0.01","0.01","0.175","0.13774193548387098","0.7847826086956522","0.1945762711864407","0.6476271186440677","0.505"
"6","0.347764705882353","0.6777647058823529","0.28952941176470587","0.2701176470588236","0.01","1.01","0.01","0.01","0.01","0.01","0.01","0.175","0.13774193548387098","0.7847826086956522","0.1945762711864407","0.6476271186440677","0.505"
"7","0.7981176470588235","0.281764705882353","0.6428235294117647","0.2235294117647059","0.01","0.01","1.01","0.01","0.01","0.01","0.01","0.175","0.13774193548387098","0.7847826086956522","0.1945762711864407","0.6476271186440677","0.505"
"7","0.1963529411764706","0.3749411764705883","0.7864705882352941","0.31670588235294117","0.01","1.01","0.01","0.01","0.01","0.01","0.01","0.175","0.13774193548387098","0.7847826086956522","0.1945762711864407","0.664406779661017","0.505"
"6","0.9068235294117647","0.7321176470588235","0.8097647058823529","0.8330588235294119","0.01","0.01","0.01","1.01","0.01","0.01","0.01","0.175","0.13774193548387098","0.7847826086956522","0.1945762711864407","0.664406779661017","0.505"
"7","0.9262352941176472","0.7398823529411765","0.8369411764705883","0.9611764705882353","0.01","0.01","0.01","0.01","1.01","0.01","0.01","0.175","0.13774193548387098","0.7847826086956522","0.1945762711864407","0.664406779661017","0.505"
"0","0.9689411764705882","0.9378823529411765","0.5923529411764706","0.9223529411764705","0.01","0.01","0.01","1.01","0.01","0.01","0.01","0.175","0.13774193548387098","0.7847826086956522","0.1945762711864407","0.664406779661017","0.505"
"2","0.9107058823529411","0.36717647058823527","0.7864705882352941","0.3749411764705883","0.01","0.01","0.01","0.01","1.01","0.01","0.01","0.175","0.13774193548387098","0.7847826086956522","0.1945762711864407","0.664406779661017","0.505"
"8","0.3710588235294118","0.49917647058823533","0.35552941176470587","0.4758823529411765","0.01","1.01","0.01","0.01","0.01","0.01","0.01","0.175","0.13774193548387098","0.7847826086956522","0.1945762711864407","0.664406779661017","0.505"
"7","0.21188235294117647","0.8835294117647059","0.19247058823529414","0.6777647058823529","0.01","0.01","0.01","0.01","0.01","1.01","0.01","0.175","0.13774193548387098","0.7847826086956522","0.1945762711864407","0.664406779661017","0.505"
"7","0.5768235294117646","0.06435294117647058","0.6816470588235295","0.20800000000000002","0.01","0.01","0.01","1.01","0.01","0.01","0.01","0.175","0.13774193548387098","0.7847826086956522","0.1945762711864407","0.664406779661017","0.505"
"8","0.02164705882352941","0.934","0.8641176470588235","0.918470588235294","0.01","0.01","0.01","0.01","1.01","0.01","0.01","0.175","0.13774193548387098","0.7847826086956522","0.1945762711864407","0.664406779661017","0.505"
"3","0.7592941176470588","0.9301176470588236","0.27788235294117647","0.5923529411764706","0.01","0.01","0.01","0.01","1.01","0.01","0.01","0.175","0.13774193548387098","0.7847826086956522","0.1945762711864407","0.664406779661017","0.505"
"3","0.4292941176470588","0.8097647058823529","0.7825882352941177","0.7903529411764706","0.01","0.01","0.01","0.01","0.01","0.01","1.01","0.175","0.13774193548387098","0.7847826086956522","0.1945762711864407","0.6811864406779661","0.505"
"1","0.8097647058823529","0.20411764705882354","0.4875294117647059","0.3827058823529412","0.01","0.01","0.01","0.01","0.01","0.01","1.01","0.175","0.13774193548387098","0.7847826086956522","0.1945762711864407","0.6811864406779661","0.505"
"0","0.8951764705882354","0.5845882352941177","0.7903529411764706","0.26623529411764707","0.01","0.01","1.01","0.01","0.01","0.01","0.01","0.175","0.13774193548387098","0.7847826086956522","0.1945762711864407","0.6811864406779661","0.505"
"7","0.7049411764705882","0.5845882352941177","0.281764705882353","0.6932941176470588","0.01","0.01","0.01","1.01","0.01","0.01","0.01","0.175","0.13774193548387098","0.7847826086956522","0.1945762711864407","0.6811864406779661","0.505"
"6","0.9650588235294117","0.4758823529411765","0.3011764705882353","0.6467058823529412","0.01","0.01","1.01","0.01","0.01","0.01","0.01","0.175","0.13774193548387098","0.7847826086956522","0.1945762711864407","0.6811864406779661","0.505"
"6","0.7787058823529412","0.11870588235294117","0.5690588235294117","0.743764705882353","0.01","0.01","0.01","0.01","0.01","0.01","1.01","0.175","0.13774193548387098","0.7847826086956522","0.1945762711864407","0.6811864406779661","0.505"
"7","0.18082352941176472","0.45647058823529413","0.5729411764705882","0.8214117647058823","0.01","0.01","0.01","1.01","0.01","0.01","0.01","0.175","0.13774193548387098","0.7847826086956522","0.1945762711864407","0.6811864406779661","0.505"
"0","0.7670588235294117","0.5535294117647059","0.1148235294117647","0.4331764705882353","0.01","1.01","0.01","0.01","0.01","0.01","0.01","0.175","0.13774193548387098","0.7847826086956522","0.1945762711864407","0.6811864406779661","0.505"
"1","0.5690588235294117","0.9844705882352941","0.5807058823529412","0.9883529411764707","0.01","0.01","0.01","0.01","1.01","0.01","0.01","0.175","0.13774193548387098","0.7847826086956522","0.1945762711864407","0.6811864406779661","0.505"
"7","0.7864705882352941","0.7554117647058823","0.2390588235294118","0.21188235294117647","0.01","0.01","0.01","0.01","1.01","0.01","0.01","0.175","0.13774193548387098","0.7847826086956522","0.1945762711864407","0.6811864406779661","0.505"
"7","0.44482352941176473","0.15364705882352944","0.8291764705882353","0.8718823529411764","0.01","1.01","0.01","0.01","0.01","0.01","0.01","0.175","0.13774193548387098","0.7847826086956522","0.1945762711864407","0.6811864406779661","0.505"
"7","0.3128235294117647","0.4254117647058824","0.8990588235294118","0.8990588235294118","0.01","0.01","0.01","0.01","0.01","1.01","0.01","0.175","0.13774193548387098","0.7847826086956522","0.1945762711864407","0.6979661016949152","0.505"
"7","0.6467058823529412","0.22741176470588237","0.4603529411764706","0.14976470588235294","0.01","0.01","0.01","0.01","0.01","1.01","0.01","0.175","0.13774193548387098","0.7847826086956522","0.1945762711864407","0.6979661016949152","0.505"
"3","0.6234117647058823","0.05658823529411765","0.5884705882352942","0.16141176470588237","1.01","0.01","0.01","0.01","0.01","0.01","0.01","0.175","0.13774193548387098","0.7847826086956522","0.1945762711864407","0.6979661016949152","0.505"
"4","0.17305882352941176","0.17694117647058824","0.2856470588235294","0.9883529411764707","0.01","0.01","0.01","0.01","1.01","0.01","0.01","0.175","0.13774193548387098","0.7847826086956522","0.1945762711864407","0.6979661016949152","0.505"
"1","0.794235294117647","0.4098823529411765","0.7049411764705882","0.274","0.01","0.01","0.01","0.01","0.01","1.01","0.01","0.175","0.13774193548387098","0.7847826086956522","0.1945762711864407","0.6979661016949152","0.505"
"0","0.47200000000000003","0.3594117647058824","0.9689411764705882","0.4098823529411765","0.01","1.01","0.01","0.01","0.01","0.01","0.01","0.175","0.13774193548387098","0.7847826086956522","0.1945762711864407","0.6979661016949152","0.505"
"2","0.9301176470588236","0.7321176470588235","0.4292941176470588","0.8835294117647059","0.01","1.01","0.01","0.01","0.01","0.01","0.01","0.175","0.13774193548387098","0.7847826086956522","0.1945762711864407","0.6979661016949152","0.505"
"4","0.6311764705882353","0.13811764705882354","0.9223529411764705","0.076","0.01","0.01","1.01","0.01","0.01","0.01","0.01","0.175","0.13774193548387098","0.7847826086956522","0.1945762711864407","0.6979661016949152","0.505"
"3","0.7010588235294117","0.934","0.8136470588235294","0.07988235294117646","0.01","0.01","0.01","0.01","0.01","1.01","0.01","0.175","0.13774193548387098","0.7847826086956522","0.1945762711864407","0.6979661016949152","0.505"
"2","0.20023529411764707","0.6932941176470588","0.3283529411764706","0.4254117647058824","0.01","1.01","0.01","0.01","0.01","0.01","0.01","0.175","0.13774193548387098","0.7847826086956522","0.1945762711864407","0.6979661016949152","0.505"
"4","0.01388235294117647","0.20800000000000002","0.8252941176470587","0.8252941176470587","0.01","0.01","0.01","0.01","1.01","0.01","0.01","0.175","0.13774193548387098","0.7847826086956522","0.1945762711864407","0.7147457627118644","0.505"
"2","0.9922352941176471","0.6699999999999999","0.6234117647058823","0.5302352941176471","0.01","0.01","0.01","1.01","0.01","0.01","0.01","0.175","0.13774193548387098","0.7847826086956522","0.1945762711864407","0.7147457627118644","0.505"
"1","0.025529411764705884","0.21188235294117647","0.9145882352941176","0.6156470588235294","0.01","0.01","0.01","0.01","0.01","0.01","1.01","0.175","0.13774193548387098","0.7847826086956522","0.1945762711864407","0.7147457627118644","0.505"
"4","0.10317647058823529","0.09152941176470587","0.7476470588235294","0.24294117647058824","0.01","0.01","1.01","0.01","0.01","0.01","0.01","0.175","0.13774193548387098","0.7847826086956522","0.1945762711864407","0.7147457627118644","0.505"
"3","0.281764705882353","0.7864705882352941","0.04882352941176471","0.28952941176470587","0.01","0.01","0.01","0.01","0.01","1.01","0.01","0.175","0.13774193548387098","0.7847826086956522","0.1945762711864407","0.7147457627118644","0.505"
"0","0.1963529411764706","0.9922352941176471","0.8214117647058823","0.3089411764705882","0.01","0.01","0.01","0.01","1.01","0.01","0.01","0.175","0.13774193548387098","0.7847826086956522","0.1945762711864407","0.7147457627118644","0.505"
"3","0.3361176470588235","0.6505882352941177","0.42152941176470593","0.7864705882352941","0.01","0.01","0.01","1.01","0.01","0.01","0.01","0.175","0.13774193548387098","0.7847826086956522","0.1945762711864407","0.7147457627118644","0.505"
"6","0.5845882352941177","0.3244705882352941","0.21964705882352942","0.11870588235294117","0.01","0.01","0.01","0.01","0.01","0.01","1.01","0.175","0.13774193548387098","0.7847826086956522","0.1945762711864407","0.7147457627118644","0.505"
"3","0.7010588235294117","0.076","0.8408235294117647","0.14976470588235294","0.01","0.01","0.01","0.01","0.01","0.01","1.01","0.175","0.13774193548387098","0.7847826086956522","0.1945762711864407","0.7147457627118644","0.505"
"8","0.33999999999999997","0.10705882352941176","0.7670588235294117","0.7787058823529412","0.01","0.01","1.01","0.01","0.01","0.01","0.01","0.175","0.13774193548387098","0.7847826086956522","0.1945762711864407","0.7147457627118644","0.505"
"9","0.3788235294117647","0.25458823529411767","0.5612941176470588","0.9495294117647058","0.01","0.01","0.01","0.01","1.01","0.01","0.01","0.175","0.13774193548387098","0.7847826086956522","0.1945762711864407","0.7315254237288135","0.505"
"4","0.6195294117647059","0.7243529411764705","0.5962352941176471","0.24294117647058824","0.01","0.01","0.01","0.01","1.01","0.01","0.01","0.175","0.13774193548387098","0.7847826086956522","0.1945762711864407","0.7315254237288135","0.505"
"8","0.06823529411764706","0.9844705882352941","0.0371764705882353","0.6311764705882353","0.01","0.01","0.01","1.01","0.01","0.01","0.01","0.175","0.13774193548387098","0.7847826086956522","0.1945762711864407","0.7315254237288135","0.505"
"6","0.7709411764705882","0.6661176470588235","0.5185882352941176","0.7127058823529412","0.01","0.01","0.01","0.01","0.01","0.01","1.01","0.175","0.13774193548387098","0.7847826086956522","0.1945762711864407","0.7315254237288135","0.505"
"8","0.5651764705882353","0.6001176470588235","0.03329411764705882","0.39435294117647063","0.01","1.01","0.01","0.01","0.01","0.01","0.01","0.175","0.13774193548387098","0.7847826086956522","0.1945762711864407","0.7315254237288135","0.505"
"2","0.9534117647058823","0.7282352941176471","0.281764705882353","0.9922352941176471","0.01","0.01","0.01","0.01","0.01","1.01","0.01","0.175","0.13774193548387098","0.7847826086956522","0.1945762711864407","0.7315254237288135","0.505"
"8","0.6428235294117647","0.1148235294117647","0.6699999999999999","0.6467058823529412","0.01","0.01","0.01","1.01","0.01","0.01","0.01","0.175","0.13774193548387098","0.7847826086956522","0.1945762711864407","0.7315254237288135","0.505"
"3","0.7903529411764706","0.7282352941176471","0.1303529411764706","0.464235294117647","0.01","0.01","0.01","1.01","0.01","0.01","0.01","0.175","0.13774193548387098","0.7847826086956522","0.1945762711864407","0.7315254237288135","0.505"
"3","0.7670588235294117","0.49917647058823533","0.12258823529411764","0.09929411764705881","0.01","0.01","0.01","0.01","1.01","0.01","0.01","0.175","0.13774193548387098","0.7847826086956522","0.1945762711864407","0.7315254237288135","0.505"
"3","0.4603529411764706","0.44482352941176473","0.9961176470588236","0.6117647058823529","0.01","0.01","0.01","0.01","1.01","0.01","0.01","0.175","0.13774193548387098","0.7847826086956522","0.1945762711864407","0.7483050847457627","0.505"
"9","0.16141176470588237","0.5263529411764706","0.6467058823529412","0.3749411764705883","0.01","1.01","0.01","0.01","0.01","0.01","0.01","0.175","0.13774193548387098","0.7847826086956522","0.1945762711864407","0.7483050847457627","0.505"
"7","0.6894117647058824","0.8835294117647059","0.281764705882353","0.7010588235294117","0.01","1.01","0.01","0.01","0.01","0.01","0.01","0.175","0.13774193548387098","0.7847826086956522","0.1945762711864407","0.7483050847457627","0.505"
"5","0.8058823529411765","0.7592941176470588","0.7321176470588235","0.7903529411764706","0.01","0.01","0.01","0.01","1.01","0.01","0.01","0.175","0.13774193548387098","0.7847826086956522","0.1945762711864407","0.7483050847457627","0.505"
"2","0.16141176470588237","0.21188235294117647","0.7825882352941177","0.3710588235294118","0.01","0.01","1.01","0.01","0.01","0.01","0.01","0.175","0.13774193548387098","0.7847826086956522","0.1945762711864407","0.7483050847457627","0.505"
"3","0.1847058823529412","0.9883529411764707","0.025529411764705884","0.6971764705882353","1.01","0.01","0.01","0.01","0.01","0.01","0.01","0.175","0.13774193548387098","0.7847826086956522","0.1945762711864407","0.7483050847457627","0.505"
"7","0.3361176470588235","0.941764705882353","0.5651764705882353","0.8330588235294119","0.01","0.01","1.01","0.01","0.01","0.01","0.01","0.175","0.13774193548387098","0.7847826086956522","0.1945762711864407","0.7483050847457627","0.505"
"4","0.7825882352941177","0.7981176470588235","0.6738823529411764","0.7282352941176471","0.01","0.01","0.01","1.01","0.01","0.01","0.01","0.175","0.13774193548387098","0.7847826086956522","0.1945762711864407","0.7483050847457627","0.505"
"7","0.5418823529411765","0.48364705882352943","0.8291764705882353","0.06823529411764706","0.01","0.01","0.01","0.01","1.01","0.01","0.01","0.175","0.13774193548387098","0.7847826086956522","0.1945762711864407","0.7483050847457627","0.505"
"8","0.6661176470588235","0.17305882352941176","0.9728235294117646","0.7204705882352941","0.01","0.01","0.01","0.01","0.01","1.01","0.01","0.175","0.13774193548387098","0.7847826086956522","0.1945762711864407","0.7483050847457627","0.505"
"6","0.934","0.6001176470588235","0.736","0.4914117647058823","0.01","0.01","0.01","1.01","0.01","0.01","0.01","0.175","0.13774193548387098","0.7847826086956522","0.1945762711864407","0.7483050847457627","0.505"
"0","0.5341176470588236","0.5496470588235294","0.45647058823529413","0.8408235294117647","0.01","0.01","0.01","0.01","1.01","0.01","0.01","0.175","0.13774193548387098","0.7847826086956522","0.1945762711864407","0.7650847457627118","0.505"
"2","0.538","0.538","0.2934117647058823","0.01388235294117647","0.01","0.01","0.01","0.01","0.01","1.01","0.01","0.175","0.13774193548387098","0.7847826086956522","0.1945762711864407","0.7650847457627118","0.505"
"7","0.3632941176470588","0.7825882352941177","0.21964705882352942","0.8291764705882353","0.01","0.01","0.01","0.01","0.01","1.01","0.01","0.175","0.13774193548387098","0.7847826086956522","0.1945762711864407","0.7650847457627118","0.505"
"0","0.7903529411764706","0.11094117647058822","0.8447058823529412","0.48364705882352943","0.01","0.01","0.01","1.01","0.01","0.01","0.01","0.175","0.13774193548387098","0.7847826086956522","0.1945762711864407","0.7650847457627118","0.505"
"1","0.4098823529411765","0.041058823529411766","0.7398823529411765","0.1963529411764706","0.01","0.01","1.01","0.01","0.01","0.01","0.01","0.175","0.13774193548387098","0.7847826086956522","0.1945762711864407","0.7650847457627118","0.505"
"1","0.4603529411764706","0.1575294117647059","0.7282352941176471","0.04882352941176471","1.01","0.01","0.01","0.01","0.01","0.01","0.01","0.175","0.13774193548387098","0.7847826086956522","0.1945762711864407","0.7650847457627118","0.505"
"5","0.1963529411764706","0.4098823529411765","0.5612941176470588","0.9301176470588236","0.01","0.01","0.01","0.01","0.01","1.01","0.01","0.175","0.13774193548387098","0.7847826086956522","0.1945762711864407","0.7650847457627118","0.505"
"2","0.42152941176470593","0.07988235294117646","0.7864705882352941","0.07988235294117646","0.01","0.01","0.01","0.01","0.01","0.01","1.01","0.175","0.13774193548387098","0.7847826086956522","0.1945762711864407","0.7650847457627118","0.505"
"7","0.538","0.5263529411764706","0.4137647058823529","0.5535294117647059","0.01","1.01","0.01","0.01","0.01","0.01","0.01","0.175","0.13774193548387098","0.7847826086956522","0.1945762711864407","0.7650847457627118","0.505"
"3","0.8835294117647059","0.9456470588235294","0.14200000000000002","0.281764705882353","0.01","0.01","0.01","0.01","1.01","0.01","0.01","0.175","0.13774193548387098","0.7847826086956522","0.1945762711864407","0.7650847457627118","0.505"
"3","0.21188235294117647","0.5845882352941177","0.6311764705882353","0.9534117647058823","0.01","0.01","0.01","0.01","1.01","0.01","0.01","0.175","0.13774193548387098","0.7847826086956522","0.1945762711864407","0.7650847457627118","0.505"
"2","0.3865882352941176","0.9534117647058823","0.1847058823529412","0.12258823529411764","0.01","0.01","0.01","1.01","0.01","0.01","0.01","0.175","0.13774193548387098","0.7847826086956522","0.1945762711864407","0.7650847457627118","0.505"
"3","0.4409411764705882","0.16141176470588237","0.06435294117647058","0.8408235294117647","0.01","0.01","0.01","0.01","0.01","1.01","0.01","0.175","0.13774193548387098","0.7847826086956522","0.1945762711864407","0.7818644067796611","0.505"
"8","0.538","0.8097647058823529","0.3011764705882353","0.05658823529411765","1.01","0.01","0.01","0.01","0.01","0.01","0.01","0.175","0.13774193548387098","0.7847826086956522","0.1945762711864407","0.7818644067796611","0.505"
"2","0.6078823529411764","0.7476470588235294","0.1458823529411765","0.7282352941176471","0.01","0.01","0.01","0.01","1.01","0.01","0.01","0.175","0.13774193548387098","0.7847826086956522","0.1945762711864407","0.7818644067796611","0.505"
"3","0.3865882352941176","0.6971764705882353","0.9029411764705882","0.5069411764705882","0.01","0.01","0.01","1.01","0.01","0.01","0.01","0.175","0.13774193548387098","0.7847826086956522","0.1945762711864407","0.7818644067796611","0.505"
"4","0.7204705882352941","0.21576470588235297","0.5185882352941176","0.8757647058823529","1.01","0.01","0.01","0.01","0.01","0.01","0.01","0.175","0.13774193548387098","0.7847826086956522","0.1945762711864407","0.7818644067796611","0.505"
"0","0.21576470588235297","0.4137647058823529","0.6272941176470588","0.8563529411764705","0.01","0.01","0.01","0.01","1.01","0.01","0.01","0.175","0.13774193548387098","0.7847826086956522","0.1945762711864407","0.7818644067796611","0.505"
"2","0.16529411764705884","0.09929411764705881","0.36717647058823527","0.8097647058823529","0.01","0.01","0.01","1.01","0.01","0.01","0.01","0.175","0.13774193548387098","0.7847826086956522","0.1945762711864407","0.7818644067796611","0.505"
"9","0.18858823529411764","0.3827058823529412","0.7592941176470588","0.5962352941176471","0.01","0.01","0.01","0.01","0.01","0.01","1.01","0.175","0.13774193548387098","0.7847826086956522","0.1945762711864407","0.7818644067796611","0.505"
"0","0.30505882352941177","0.5263529411764706","0.7670588235294117","0.07211764705882352","0.01","0.01","0.01","0.01","0.01","0.01","1.01","0.175","0.13774193548387098","0.7847826086956522","0.1945762711864407","0.7818644067796611","0.505"
"9","0.6583529411764706","0.9922352941176471","0.8408235294117647","0.860235294117647","0.01","0.01","0.01","0.01","0.01","1.01","0.01","0.175","0.13774193548387098","0.7847826086956522","0.1945762711864407","0.7818644067796611","0.505"
"8","0.35552941176470587","0.22741176470588237","0.7709411764705882","0.802","0.01","0.01","0.01","0.01","0.01","1.01","0.01","0.175","0.13774193548387098","0.7847826086956522","0.1945762711864407","0.7986440677966101","0.505"
"8","0.5651764705882353","0.2584705882352941","0.5263529411764706","0.47200000000000003","0.01","0.01","0.01","1.01","0.01","0.01","0.01","0.175","0.13774193548387098","0.7847826086956522","0.1945762711864407","0.7986440677966101","0.505"
"6","0.9456470588235294","0.8796470588235294","0.17305882352941176","0.7554117647058823","0.01","1.01","0.01","0.01","0.01","0.01","0.01","0.175","0.13774193548387098","0.7847826086956522","0.1945762711864407","0.7986440677966101","0.505"
"8","0.24294117647058824","0.6195294117647059","0.3904705882352941","0.9262352941176472","0.01","1.01","0.01","0.01","0.01","0.01","0.01","0.175","0.13774193548387098","0.7847826086956522","0.1945762711864407","0.7986440677966101","0.505"
"2","0.6001176470588235","0.14200000000000002","0.27788235294117647","0.24294117647058824","0.01","0.01","0.01","0.01","0.01","0.01","1.01","0.175","0.13774193548387098","0.7847826086956522","0.1945762711864407","0.7986440677966101","0.505"
"3","0.4331764705882353","0.4409411764705882","0.6932941176470588","0.3865882352941176","0.01","0.01","1.01","0.01","0.01","0.01","0.01","0.175","0.13774193548387098","0.7847826086956522","0.1945762711864407","0.7986440677966101","0.505"
"1","0.044941176470588234","0.868","0.17694117647058824","0.8136470588235294","0.01","0.01","0.01","0.01","0.01","1.01","0.01","0.175","0.13774193548387098","0.7847826086956522","0.1945762711864407","0.7986440677966101","0.505"
"8","0.14976470588235294","0.3011764705882353","0.4525882352941177","0.14200000000000002","0.01","0.01","0.01","0.01","0.01","1.01","0.01","0.175","0.13774193548387098","0.7847826086956522","0.1945762711864407","0.7986440677966101","0.505"
"4","0.5263529411764706","0.06823529411764706","0.9534117647058823","0.09152941176470587","0.01","0.01","0.01","0.01","1.01","0.01","0.01","0.175","0.13774193548387098","0.7847826086956522","0.1945762711864407","0.7986440677966101","0.505"
"8","0.24294117647058824","0.406","0.9611764705882353","0.7088235294117647","1.01","0.01","0.01","0.01","0.01","0.01","0.01","0.175","0.13774193548387098","0.7847826086956522","0.1945762711864407","0.7986440677966101","0.505"
"9","0.9534117647058823","0.6389411764705882","0.2934117647058823","0.281764705882353","0.01","0.01","0.01","0.01","0.01","1.01","0.01","0.175","0.13774193548387098","0.7847826086956522","0.1945762711864407","0.7986440677966101","0.505"
"5","0.918470588235294","0.3827058823529412","0.33999999999999997","0.860235294117647","0.01","1.01","0.01","0.01","0.01","0.01","0.01","0.175","0.13774193548387098","0.7847826086956522","0.1945762711864407","0.7986440677966101","0.505"
"5","0.7398823529411765","0.11094117647058822","0.9650588235294117","0.5418823529411765","0.01","0.01","0.01","1.01","0.01","0.01","0.01","0.175","0.13774193548387098","0.7847826086956522","0.1945762711864407","0.8154237288135594","0.505"
"6","0.3089411764705882","0.06823529411764706","0.5729411764705882","0.06823529411764706","0.01","0.01","0.01","0.01","1.01","0.01","0.01","0.175","0.13774193548387098","0.7847826086956522","0.1945762711864407","0.8154237288135594","0.505"
"8","0.6001176470588235","0.14976470588235294","0.9883529411764707","0.15364705882352944","0.01","0.01","0.01","1.01","0.01","0.01","0.01","0.175","0.13774193548387098","0.7847826086956522","0.1945762711864407","0.8154237288135594","0.505"
"0","0.9029411764705882","0.7903529411764706","0.20800000000000002","0.5302352941176471","0.01","0.01","0.01","0.01","1.01","0.01","0.01","0.175","0.13774193548387098","0.7847826086956522","0.1945762711864407","0.8154237288135594","0.505"
"8","0.076","0.33999999999999997","0.7903529411764706","0.3244705882352941","0.01","1.01","0.01","0.01","0.01","0.01","0.01","0.175","0.13774193548387098","0.7847826086956522","0.1945762711864407","0.8154237288135594","0.505"
"5","0.802","0.5535294117647059","0.604","0.7825882352941177","0.01","0.01","0.01","0.01","0.01","0.01","1.01","0.175","0.13774193548387098","0.7847826086956522","0.1945762711864407","0.8154237288135594","0.505"
"2","0.5185882352941176","0.9456470588235294","0.7903529411764706","0.7554117647058823","1.01","0.01","0.01","0.01","0.01","0.01","0.01","0.175","0.13774193548387098","0.7847826086956522","0.1945762711864407","0.8154237288135594","0.505"
"8","0.2351764705882353","0.36717647058823527","0.2351764705882353","0.6699999999999999","0.01","0.01","0.01","0.01","0.01","1.01","0.01","0.175","0.13774193548387098","0.7847826086956522","0.1945762711864407","0.8154237288135594","0.505"
"2","0.7981176470588235","0.02164705882352941","0.4098823529411765","0.3904705882352941","0.01","0.01","0.01","0.01","0.01","1.01","0.01","0.175","0.13774193548387098","0.7847826086956522","0.1945762711864407","0.8322033898305085","0.505"
"7","0.8718823529411764","0.9223529411764705","0.06823529411764706","0.41764705882352937","0.01","0.01","0.01","0.01","0.01","1.01","0.01","0.175","0.13774193548387098","0.7847826086956522","0.1945762711864407","0.8322033898305085","0.505"
"2","0.4254117647058824","0.860235294117647","0.8912941176470588","0.17305882352941176","1.01","0.01","0.01","0.01","0.01","0.01","0.01","0.175","0.13774193548387098","0.7847826086956522","0.1945762711864407","0.8322033898305085","0.505"
"5","0.7631764705882352","0.6894117647058824","0.6272941176470588","0.06435294117647058","0.01","0.01","0.01","0.01","1.01","0.01","0.01","0.175","0.13774193548387098","0.7847826086956522","0.1945762711864407","0.8322033898305085","0.505"
"1","0.8369411764705883","0.5341176470588236","0.0371764705882353","0.6661176470588235","0.01","0.01","0.01","1.01","0.01","0.01","0.01","0.175","0.13774193548387098","0.7847826086956522","0.1945762711864407","0.8322033898305085","0.505"
"7","0.5923529411764706","0.6816470588235295","0.01","0.4370588235294118","0.01","0.01","0.01","0.01","0.01","1.01","0.01","0.175","0.13774193548387098","0.7847826086956522","0.1945762711864407","0.8322033898305085","0.505"
"6","0.35552941176470587","0.3438823529411765","0.06435294117647058","0.07211764705882352","1.01","0.01","0.01","0.01","0.01","0.01","0.01","0.175","0.13774193548387098","0.7847826086956522","0.1945762711864407","0.8322033898305085","0.505"
"1","0.08376470588235294","0.5884705882352942","0.7864705882352941","0.8175294117647058","0.01","0.01","0.01","1.01","0.01","0.01","0.01","0.175","0.13774193548387098","0.7847826086956522","0.1945762711864407","0.8322033898305085","0.505"
"9","0.6583529411764706","0.6467058823529412","0.9689411764705882","0.6699999999999999","0.01","0.01","1.01","0.01","0.01","0.01","0.01","0.175","0.13774193548387098","0.7847826086956522","0.1945762711864407","0.8322033898305085","0.505"
"5","0.5651764705882353","0.42152941176470593","0.7709411764705882","0.6699999999999999","0.01","0.01","1.01","0.01","0.01","0.01","0.01","0.175","0.13774193548387098","0.7847826086956522","0.1945762711864407","0.8322033898305085","0.505"
"4","0.21188235294117647","0.2934117647058823","0.5807058823529412","0.12258823529411764","0.01","0.01","1.01","0.01","0.01","0.01","0.01","0.175","0.13774193548387098","0.7847826086956522","0.1945762711864407","0.8322033898305085","0.505"
"5","0.3904705882352941","0.49917647058823533","0.3438823529411765","0.20411764705882354","1.01","0.01","0.01","0.01","0.01","0.01","0.01","0.175","0.13774193548387098","0.7847826086956522","0.1945762711864407","0.8322033898305085","0.505"
"6","0.39435294117647063","0.21576470588235297","0.4487058823529412","0.5768235294117646","0.01","1.01","0.01","0.01","0.01","0.01","0.01","0.175","0.13774193548387098","0.7847826086956522","0.1945762711864407","0.8489830508474576","0.505"
"7","0.9650588235294117","0.802","0.8214117647058823","0.01","0.01","0.01","0.01","0.01","0.01","0.01","1.01","0.175","0.13774193548387098","0.7847826086956522","0.1945762711864407","0.8489830508474576","0.505"
"8","0.6272941176470588","0.9107058823529411","0.9883529411764707","0.49529411764705883","0.01","1.01","0.01","0.01","0.01","0.01","0.01","0.175","0.13774193548387098","0.7847826086956522","0.1945762711864407","0.8489830508474576","0.505"
"8","0.9650588235294117","0.18858823529411764","0.05658823529411765","0.24682352941176472","0.01","0.01","1.01","0.01","0.01","0.01","0.01","0.175","0.13774193548387098","0.7847826086956522","0.1945762711864407","0.8489830508474576","0.505"
"1","0.9728235294117646","0.3011764705882353","0.10317647058823529","0.041058823529411766","0.01","0.01","0.01","0.01","1.01","0.01","0.01","0.175","0.13774193548387098","0.7847826086956522","0.1945762711864407","0.8489830508474576","0.505"
"2","0.9805882352941176","0.23129411764705884","0.8874117647058823","0.3089411764705882","0.01","0.01","0.01","1.01","0.01","0.01","0.01","0.175","0.13774193548387098","0.7847826086956522","0.1945762711864407","0.8489830508474576","0.505"
"7","0.9689411764705882","0.5690588235294117","0.5341176470588236","0.08764705882352941","1.01","0.01","0.01","0.01","0.01","0.01","0.01","0.175","0.13774193548387098","0.7847826086956522","0.1945762711864407","0.8489830508474576","0.505"
"0","0.4758823529411765","0.3594117647058824","0.16141176470588237","0.941764705882353","1.01","0.01","0.01","0.01","0.01","0.01","0.01","0.175","0.13774193548387098","0.7847826086956522","0.1945762711864407","0.8489830508474576","0.505"
"3","0.7631764705882352","0.7981176470588235","0.3244705882352941","0.4331764705882353","0.01","0.01","0.01","1.01","0.01","0.01","0.01","0.175","0.13774193548387098","0.7847826086956522","0.1945762711864407","0.8489830508474576","0.505"
"1","0.5341176470588236","0.21576470588235297","0.3516470588235294","0.7709411764705882","0.01","0.01","0.01","0.01","0.01","1.01","0.01","0.175","0.13774193548387098","0.7847826086956522","0.1945762711864407","0.8489830508474576","0.505"
"9","0.6117647058823529","0.5768235294117646","0.7864705882352941","0.4409411764705882","0.01","0.01","0.01","0.01","1.01","0.01","0.01","0.175","0.13774193548387098","0.7847826086956522","0.1945762711864407","0.8489830508474576","0.505"
"8","0.9767058823529412","0.26235294117647057","0.9767058823529412","0.8175294117647058","0.01","0.01","0.01","1.01","0.01","0.01","0.01","0.175","0.13774193548387098","0.7847826086956522","0.1945762711864407","0.8489830508474576","0.505"
"7","0.8252941176470587","0.076","0.24294117647058824","0.8951764705882354","0.01","0.01","0.01","0.01","0.01","0.01","1.01","0.175","0.13774193548387098","0.7847826086956522","0.1945762711864407","0.8657627118644068","0.505"
"1","0.09929411764705881","0.076","0.20800000000000002","0.12258823529411764","0.01","0.01","1.01","0.01","0.01","0.01","0.01","0.175","0.13774193548387098","0.7847826086956522","0.1945762711864407","0.8657627118644068","0.505"
"9","0.8524705882352941","0.08764705882352941","0.6932941176470588","0.5535294117647059","0.01","0.01","1.01","0.01","0.01","0.01","0.01","0.175","0.13774193548387098","0.7847826086956522","0.1945762711864407","0.8657627118644068","0.505"
"5","0.4914117647058823","0.7282352941176471","0.6971764705882353","0.8214117647058823","0.01","1.01","0.01","0.01","0.01","0.01","0.01","0.175","0.13774193548387098","0.7847826086956522","0.1945762711864407","0.8657627118644068","0.505"
"6","0.5457647058823529","0.6505882352941177","0.2972941176470589","0.3865882352941176","0.01","0.01","0.01","0.01","0.01","0.01","1.01","0.175","0.13774193548387098","0.7847826086956522","0.1945762711864407","0.8657627118644068","0.505"
"6","0.09929411764705881","0.5845882352941177","0.9068235294117647","0.5341176470588236","1.01","0.01","0.01","0.01","0.01","0.01","0.01","0.175","0.13774193548387098","0.7847826086956522","0.1945762711864407","0.8657627118644068","0.505"
"1","0.9922352941176471","0.076","0.6156470588235294","0.1458823529411765","0.01","0.01","0.01","1.01","0.01","0.01","0.01","0.175","0.13774193548387098","0.7847826086956522","0.1945762711864407","0.8657627118644068","0.505"
"8","0.4914117647058823","0.13423529411764706","0.44482352941176473","0.14200000000000002","0.01","0.01","0.01","1.01","0.01","0.01","0.01","0.175","0.13774193548387098","0.7847826086956522","0.1945762711864407","0.8657627118644068","0.505"
"4","0.11094117647058822","0.06435294117647058","0.3322352941176471","0.6389411764705882","1.01","0.01","0.01","0.01","0.01","0.01","0.01","0.175","0.13774193548387098","0.7847826086956522","0.1945762711864407","0.8657627118644068","0.505"
"8","0.5496470588235294","0.6583529411764706","0.20411764705882354","0.934","1.01","0.01","0.01","0.01","0.01","0.01","0.01","0.175","0.13774193548387098","0.7847826086956522","0.1945762711864407","0.8657627118644068","0.505"
"1","0.1847058823529412","0.5884705882352942","0.4681176470588236","0.8330588235294119","0.01","0.01","0.01","0.01","1.01","0.01","0.01","0.175","0.13774193548387098","0.7847826086956522","0.1945762711864407","0.8657627118644068","0.505"
"2","0.347764705882353","0.4603529411764706","0.8524705882352941","0.3594117647058824","0.01","0.01","0.01","0.01","0.01","0.01","1.01","0.175","0.13774193548387098","0.7847826086956522","0.1945762711864407","0.8657627118644068","0.505"
"0","0.6350588235294118","0.2856470588235294","0.06435294117647058","0.8058823529411765","0.01","0.01","0.01","0.01","1.01","0.01","0.01","0.175","0.13774193548387098","0.7847826086956522","0.1945762711864407","0.882542372881356","0.505"
"7","0.49917647058823533","0.7127058823529412","0.860235294117647","0.7515294117647059","0.01","0.01","0.01","1.01","0.01","0.01","0.01","0.175","0.13774193548387098","0.7847826086956522","0.1945762711864407","0.882542372881356","0.505"
"3","0.5690588235294117","0.06435294117647058","0.3244705882352941","0.6699999999999999","0.01","0.01","0.01","0.01","0.01","1.01","0.01","0.175","0.13774193548387098","0.7847826086956522","0.1945762711864407","0.882542372881356","0.505"
"1","0.4681176470588236","0.9495294117647058","0.662235294117647","0.8369411764705883","0.01","0.01","1.01","0.01","0.01","0.01","0.01","0.175","0.13774193548387098","0.7847826086956522","0.1945762711864407","0.882542372881356","0.505"
"9","0.6777647058823529","0.8874117647058823","0.7476470588235294","0.5030588235294118","0.01","0.01","1.01","0.01","0.01","0.01","0.01","0.175","0.13774193548387098","0.7847826086956522","0.1945762711864407","0.882542372881356","0.505"
"0","0.6505882352941177","0.3244705882352941","0.076","0.9378823529411765","0.01","0.01","0.01","1.01","0.01","0.01","0.01","0.175","0.13774193548387098","0.7847826086956522","0.1945762711864407","0.882542372881356","0.505"
"5","0.9456470588235294","0.3516470588235294","0.3710588235294118","0.2934117647058823","0.01","0.01","0.01","1.01","0.01","0.01","0.01","0.175","0.13774193548387098","0.7847826086956522","0.1945762711864407","0.882542372881356","0.505"
"3","0.8757647058823529","0.6932941176470588","0.6855294117647059","0.23129411764705884","0.01","0.01","0.01","0.01","0.01","0.01","1.01","0.175","0.13774193548387098","0.7847826086956522","0.1945762711864407","0.882542372881356","0.505"
"0","0.662235294117647","0.09541176470588235","0.6156470588235294","0.406","1.01","0.01","0.01","0.01","0.01","0.01","0.01","0.175","0.13774193548387098","0.7847826086956522","0.1945762711864407","0.882542372881356","0.505"
"3","0.8563529411764705","0.4681176470588236","0.31670588235294117","0.28952941176470587","0.01","0.01","0.01","0.01","0.01","0.01","1.01","0.175","0.13774193548387098","0.7847826086956522","0.1945762711864407","0.882542372881356","0.505"
"9","0.8214117647058823","0.3361176470588235","0.8641176470588235","0.1148235294117647","0.01","0.01","0.01","1.01","0.01","0.01","0.01","0.175","0.13774193548387098","0.7847826086956522","0.1945762711864407","0.882542372881356","0.505"
"0","0.5108235294117647","0.5030588235294118","0.11870588235294117","0.5224705882352941","1.01","0.01","0.01","0.01","0.01","0.01","0.01","0.175","0.13774193548387098","0.7847826086956522","0.1945762711864407","0.882542372881356","0.505"
"3","0.4875294117647059","0.9961176470588236","0.17694117647058824","0.743764705882353","0.01","0.01","0.01","0.01","0.01","0.01","1.01","0.175","0.13774193548387098","0.7847826086956522","0.1945762711864407","0.8993220338983051","0.505"
"2","0.4758823529411765","0.8641176470588235","0.44482352941176473","0.18082352941176472","0.01","0.01","1.01","0.01","0.01","0.01","0.01","0.175","0.13774193548387098","0.7847826086956522","0.1945762711864407","0.8993220338983051","0.505"
"2","0.7748235294117647","0.9029411764705882","0.274","0.5612941176470588","0.01","0.01","0.01","0.01","1.01","0.01","0.01","0.175","0.13774193548387098","0.7847826086956522","0.1945762711864407","0.8993220338983051","0.505"
"2","0.08764705882352941","0.6894117647058824","0.07211764705882352","0.2390588235294118","0.01","0.01","0.01","0.01","0.01","0.01","1.01","0.175","0.13774193548387098","0.7847826086956522","0.1945762711864407","0.8993220338983051","0.505"
"0","0.918470588235294","0.9689411764705882","0.7010588235294117","0.6661176470588235","0.01","1.01","0.01","0.01","0.01","0.01","0.01","0.175","0.13774193548387098","0.7847826086956522","0.1945762711864407","0.8993220338983051","0.505"
"5","0.44482352941176473","0.8718823529411764","0.5807058823529412","0.47200000000000003","1.01","0.01","0.01","0.01","0.01","0.01","0.01","0.175","0.13774193548387098","0.7847826086956522","0.1945762711864407","0.8993220338983051","0.505"
"5","0.4758823529411765","0.3283529411764706","0.9572941176470589","0.05270588235294118","1.01","0.01","0.01","0.01","0.01","0.01","0.01","0.175","0.13774193548387098","0.7847826086956522","0.1945762711864407","0.8993220338983051","0.505"
"2","0.03329411764705882","0.4875294117647059","0.48364705882352943","0.5884705882352942","0.01","0.01","0.01","0.01","0.01","1.01","0.01","0.175","0.13774193548387098","0.7847826086956522","0.1945762711864407","0.8993220338983051","0.505"
"1","0.3788235294117647","0.8369411764705883","0.9650588235294117","0.802","0.01","0.01","1.01","0.01","0.01","0.01","0.01","0.175","0.13774193548387098","0.7847826086956522","0.1945762711864407","0.8993220338983051","0.505"
"2","0.7127058823529412","0.24682352941176472","0.8951764705882354","0.33999999999999997","1.01","0.01","0.01","0.01","0.01","0.01","0.01","0.175","0.13774193548387098","0.7847826086956522","0.1945762711864407","0.8993220338983051","0.505"
"4","0.27788235294117647","0.6195294117647059","0.5457647058823529","0.406","0.01","0.01","0.01","0.01","0.01","1.01","0.01","0.175","0.13774193548387098","0.7847826086956522","0.1945762711864407","0.8993220338983051","0.505"
"7","0.04882352941176471","0.7515294117647059","0.6738823529411764","0.4409411764705882","0.01","0.01","0.01","0.01","0.01","1.01","0.01","0.175","0.13774193548387098","0.7847826086956522","0.1945762711864407","0.9161016949152543","0.505"
"7","0.4914117647058823","0.39435294117647063","0.5263529411764706","0.7165882352941176","1.01","0.01","0.01","0.01","0.01","0.01","0.01","0.175","0.13774193548387098","0.7847826086956522","0.1945762711864407","0.9161016949152543","0.505"
"6","0.8524705882352941","0.21964705882352942","0.7554117647058823","0.21188235294117647","0.01","0.01","0.01","0.01","1.01","0.01","0.01","0.175","0.13774193548387098","0.7847826086956522","0.1945762711864407","0.9161016949152543","0.505"
"8","0.10317647058823529","0.14976470588235294","0.7631764705882352","0.0371764705882353","0.01","1.01","0.01","0.01","0.01","0.01","0.01","0.175","0.13774193548387098","0.7847826086956522","0.1945762711864407","0.9161016949152543","0.505"
"7","0.0371764705882353","0.01","0.736","0.6234117647058823","0.01","0.01","0.01","0.01","1.01","0.01","0.01","0.175","0.13774193548387098","0.7847826086956522","0.1945762711864407","0.9161016949152543","0.505"
"2","0.3283529411764706","0.8641176470588235","0.662235294117647","0.7825882352941177","0.01","0.01","0.01","0.01","0.01","1.01","0.01","0.175","0.13774193548387098","0.7847826086956522","0.1945762711864407","0.9161016949152543","0.505"
"0","0.3011764705882353","0.5845882352941177","0.3827058823529412","0.10317647058823529","1.01","0.01","0.01","0.01","0.01","0.01","0.01","0.175","0.13774193548387098","0.7847826086956522","0.1945762711864407","0.9161016949152543","0.505"
"6","0.7282352941176471","0.743764705882353","0.25458823529411767","0.7631764705882352","0.01","0.01","0.01","0.01","0.01","1.01","0.01","0.175","0.13774193548387098","0.7847826086956522","0.1945762711864407","0.9161016949152543","0.505"
"7","0.6311764705882353","0.3865882352941176","0.8563529411764705","0.8796470588235294","0.01","0.01","0.01","0.01","0.01","1.01","0.01","0.175","0.13774193548387098","0.7847826086956522","0.1945762711864407","0.9161016949152543","0.505"
"1","0.2701176470588236","0.1264705882352941","0.06435294117647058","0.9534117647058823","0.01","0.01","0.01","1.01","0.01","0.01","0.01","0.175","0.13774193548387098","0.7847826086956522","0.1945762711864407","0.9161016949152543","0.505"
"6","0.9534117647058823","0.01388235294117647","0.8874117647058823","0.09929411764705881","0.01","0.01","0.01","0.01","0.01","1.01","0.01","0.175","0.13774193548387098","0.7847826086956522","0.1945762711864407","0.9161016949152543","0.505"
"9","0.281764705882353","0.8136470588235294","0.6544705882352941","0.42152941176470593","0.01","0.01","0.01","0.01","0.01","0.01","1.01","0.175","0.13774193548387098","0.7847826086956522","0.1945762711864407","0.9328813559322033","0.505"
"7","0.5147058823529411","0.8912941176470588","0.8524705882352941","0.9534117647058823","0.01","0.01","0.01","1.01","0.01","0.01","0.01","0.175","0.13774193548387098","0.7847826086956522","0.1945762711864407","0.9328813559322033","0.505"
"0","0.01776470588235294","0.09929411764705881","0.7631764705882352","0.42152941176470593","1.01","0.01","0.01","0.01","0.01","0.01","0.01","0.175","0.13774193548387098","0.7847826086956522","0.1945762711864407","0.9328813559322033","0.505"
"2","0.4914117647058823","0.794235294117647","0.7165882352941176","0.7243529411764705","0.01","0.01","1.01","0.01","0.01","0.01","0.01","0.175","0.13774193548387098","0.7847826086956522","0.1945762711864407","0.9328813559322033","0.505"
"7","0.860235294117647","0.23129411764705884","0.48364705882352943","0.22741176470588237","0.01","0.01","0.01","0.01","0.01","1.01","0.01","0.175","0.13774193548387098","0.7847826086956522","0.1945762711864407","0.9328813559322033","0.505"
"5","0.6117647058823529","0.4525882352941177","0.16529411764705884","0.2235294117647059","0.01","0.01","0.01","0.01","0.01","1.01","0.01","0.175","0.13774193548387098","0.7847826086956522","0.1945762711864407","0.9328813559322033","0.505"
"5","0.736","0.08376470588235294","0.604","0.860235294117647","1.01","0.01","0.01","0.01","0.01","0.01","0.01","0.175","0.13774193548387098","0.7847826086956522","0.1945762711864407","0.9328813559322033","0.505"
"7","0.26623529411764707","0.11094117647058822","0.5768235294117646","0.7204705882352941","0.01","0.01","1.01","0.01","0.01","0.01","0.01","0.175","0.13774193548387098","0.7847826086956522","0.1945762711864407","0.9328813559322033","0.505"
"0","0.3632941176470588","0.8291764705882353","0.47200000000000003","0.14976470588235294","0.01","0.01","0.01","0.01","0.01","1.01","0.01","0.175","0.13774193548387098","0.7847826086956522","0.1945762711864407","0.9328813559322033","0.505"
"3","0.44482352941176473","0.4292941176470588","0.7709411764705882","0.02164705882352941","0.01","0.01","0.01","0.01","1.01","0.01","0.01","0.175","0.13774193548387098","0.7847826086956522","0.1945762711864407","0.9328813559322033","0.505"
"0","0.6078823529411764","0.44482352941176473","0.7981176470588235","0.36717647058823527","0.01","0.01","0.01","0.01","0.01","1.01","0.01","0.175","0.13774193548387098","0.7847826086956522","0.1945762711864407","0.9328813559322033","0.505"
"7","0.09929411764705881","0.44482352941176473","0.1303529411764706","0.12258823529411764","0.01","0.01","1.01","0.01","0.01","0.01","0.01","0.175","0.13774193548387098","0.7847826086956522","0.1945762711864407","0.9328813559322033","0.505"
"2","0.05270588235294118","0.1847058823529412","0.7010588235294117","0.5418823529411765","0.01","1.01","0.01","0.01","0.01","0.01","0.01","0.175","0.13774193548387098","0.7847826086956522","0.1945762711864407","0.9496610169491526","0.505"
"6","0.4292941176470588","0.4292941176470588","0.33999999999999997","0.26623529411764707","0.01","0.01","0.01","0.01","0.01","1.01","0.01","0.175","0.13774193548387098","0.7847826086956522","0.1945762711864407","0.9496610169491526","0.505"
"6","0.09929411764705881","0.8485882352941176","0.1963529411764706","0.918470588235294","0.01","0.01","1.01","0.01","0.01","0.01","0.01","0.175","0.13774193548387098","0.7847826086956522","0.1945762711864407","0.9496610169491526","0.505"
"8","0.9611764705882353","0.49529411764705883","0.6156470588235294","0.26623529411764707","0.01","1.01","0.01","0.01","0.01","0.01","0.01","0.175","0.13774193548387098","0.7847826086956522","0.1945762711864407","0.9496610169491526","0.505"
"8","0.7243529411764705","0.8835294117647059","0.3089411764705882","0.9456470588235294","0.01","0.01","0.01","0.01","0.01","1.01","0.01","0.175","0.13774193548387098","0.7847826086956522","0.1945762711864407","0.9496610169491526","0.505"
"0","0.9883529411764707","0.7476470588235294","0.3749411764705883","0.5729411764705882","0.01","0.01","0.01","1.01","0.01","0.01","0.01","0.175","0.13774193548387098","0.7847826086956522","0.1945762711864407","0.9496610169491526","0.505"
"4","0.5884705882352942","0.21964705882352942","0.044941176470588234","0.4525882352941177","1.01","0.01","0.01","0.01","0.01","0.01","0.01","0.175","0.13774193548387098","0.7847826086956522","0.1945762711864407","0.9496610169491526","0.505"
"2","0.076","0.8136470588235294","0.4525882352941177","0.17305882352941176","0.01","0.01","0.01","1.01","0.01","0.01","0.01","0.175","0.13774193548387098","0.7847826086956522","0.1945762711864407","0.9496610169491526","0.505"
"1","0.9689411764705882","0.01388235294117647","0.4487058823529412","0.9068235294117647","0.01","0.01","0.01","0.01","1.01","0.01","0.01","0.175","0.13774193548387098","0.7847826086956522","0.1945762711864407","0.9496610169491526","0.505"
"2","0.8214117647058823","0.11870588235294117","0.7088235294117647","0.7398823529411765","0.01","0.01","0.01","0.01","1.01","0.01","0.01","0.175","0.13774193548387098","0.7847826086956522","0.1945762711864407","0.9496610169491526","0.505"
"7","0.7903529411764706","0.347764705882353","0.9107058823529411","0.8912941176470588","0.01","0.01","0.01","0.01","0.01","0.01","1.01","0.175","0.13774193548387098","0.7847826086956522","0.1945762711864407","0.9496610169491526","0.505"
"0","0.6272941176470588","0.8835294117647059","0.8291764705882353","0.6855294117647059","0.01","0.01","0.01","0.01","0.01","1.01","0.01","0.175","0.13774193548387098","0.7847826086956522","0.1945762711864407","0.9496610169491526","0.505"
"9","1.0","0.604","0.4137647058823529","0.4021176470588235","1.01","0.01","0.01","0.01","0.01","0.01","0.01","0.175","0.13774193548387098","0.7847826086956522","0.1945762711864407","0.9664406779661017","0.505"
"3","0.5884705882352942","0.2934117647058823","0.8252941176470587","0.09541176470588235","0.01","0.01","0.01","0.01","0.01","1.01","0.01","0.175","0.13774193548387098","0.7847826086956522","0.1945762711864407","0.9664406779661017","0.505"
"5","0.01388235294117647","0.5845882352941177","0.860235294117647","0.3788235294117647","0.01","1.01","0.01","0.01","0.01","0.01","0.01","0.175","0.13774193548387098","0.7847826086956522","0.1945762711864407","0.9664406779661017","0.505"
"6","0.941764705882353","0.02164705882352941","0.6311764705882353","0.2235294117647059","1.01","0.01","0.01","0.01","0.01","0.01","0.01","0.175","0.13774193548387098","0.7847826086956522","0.1945762711864407","0.9664406779661017","0.505"
"2","0.19247058823529414","0.21576470588235297","0.7127058823529412","0.24294117647058824","0.01","0.01","0.01","1.01","0.01","0.01","0.01","0.175","0.13774193548387098","0.7847826086956522","0.1945762711864407","0.9664406779661017","0.505"
"6","0.743764705882353","0.5108235294117647","0.0371764705882353","0.6505882352941177","0.01","1.01","0.01","0.01","0.01","0.01","0.01","0.175","0.13774193548387098","0.7847826086956522","0.1945762711864407","0.9664406779661017","0.505"
"1","0.9145882352941176","0.9145882352941176","0.9495294117647058","0.9029411764705882","1.01","0.01","0.01","0.01","0.01","0.01","0.01","0.175","0.13774193548387098","0.7847826086956522","0.1945762711864407","0.9664406779661017","0.505"
"3","0.5535294117647059","0.20411764705882354","0.5768235294117646","0.06435294117647058","0.01","0.01","0.01","0.01","0.01","0.01","1.01","0.175","0.13774193548387098","0.7847826086956522","0.1945762711864407","0.9664406779661017","0.505"
"9","0.3244705882352941","0.25070588235294117","0.5962352941176471","0.7631764705882352","0.01","0.01","0.01","0.01","0.01","1.01","0.01","0.175","0.13774193548387098","0.7847826086956522","0.1945762711864407","0.9664406779661017","0.505"
"5","0.3361176470588235","0.23129411764705884","0.3128235294117647","0.9456470588235294","0.01","0.01","1.01","0.01","0.01","0.01","0.01","0.175","0.13774193548387098","0.7847826086956522","0.1945762711864407","0.9664406779661017","0.505"
"9","0.5263529411764706","0.5069411764705882","0.7398823529411765","0.025529411764705884","0.01","0.01","0.01","0.01","0.01","0.01","1.01","0.175","0.13774193548387098","0.7847826086956522","0.1945762711864407","0.9664406779661017","0.505"
"3","0.20411764705882354","0.5147058823529411","0.01388235294117647","0.6272941176470588","0.01","0.01","0.01","0.01","1.01","0.01","0.01","0.175","0.13774193548387098","0.7847826086956522","0.1945762711864407","0.9664406779661017","0.505"
"0","0.07988235294117646","0.5729411764705882","0.5845882352941177","0.3011764705882353","0.01","0.01","0.01","0.01","0.01","0.01","1.01","0.175","0.13774193548387098","0.7847826086956522","0.1945762711864407","0.983220338983051","0.505"
"8","0.13423529411764706","0.860235294117647","0.6272941176470588","0.18858823529411764","0.01","0.01","0.01","1.01","0.01","0.01","0.01","0.175","0.13774193548387098","0.7847826086956522","0.1945762711864407","0.983220338983051","0.505"
"8","0.7321176470588235","0.9650588235294117","0.6350588235294118","0.6117647058823529","0.01","0.01","1.01","0.01","0.01","0.01","0.01","0.175","0.13774193548387098","0.7847826086956522","0.1945762711864407","0.983220338983051","0.505"
"0","0.9689411764705882","0.11094117647058822","0.0371764705882353","0.736","0.01","0.01","0.01","0.01","1.01","0.01","0.01","0.175","0.13774193548387098","0.7847826086956522","0.1945762711864407","0.983220338983051","0.505"
"6","0.07988235294117646","0.7476470588235294","0.47200000000000003","0.3632941176470588","0.01","0.01","0.01","0.01","0.01","0.01","1.01","0.175","0.13774193548387098","0.7847826086956522","0.1945762711864407","0.983220338983051","0.505"
"0","0.5418823529411765","0.025529411764705884","0.3788235294117647","0.736","0.01","0.01","0.01","0.01","0.01","0.01","1.01","0.175","0.13774193548387098","0.7847826086956522","0.1945762711864407","0.983220338983051","0.505"
"0","0.044941176470588234","0.6117647058823529","0.24294117647058824","0.12258823529411764","0.01","0.01","0.01","1.01","0.01","0.01","0.01","0.175","0.13774193548387098","0.7847826086956522","0.1945762711864407","0.983220338983051","0.505"
"7","0.802","0.8835294117647059","0.6001176470588235","0.3632941176470588","1.01","0.01","0.01","0.01","0.01","0.01","0.01","0.175","0.13774193548387098","0.7847826086956522","0.1945762711864407","0.983220338983051","0.505"
"4","0.16141176470588237","0.4875294117647059","0.4370588235294118","0.3710588235294118","0.01","0.01","0.01","1.01","0.01","0.01","0.01","0.175","0.13774193548387098","0.7847826086956522","0.1945762711864407","0.983220338983051","0.505"
"6","0.7321176470588235","0.8136470588235294","0.7476470588235294","0.7631764705882352","0.01","0.01","1.01","0.01","0.01","0.01","0.01","0.175","0.13774193548387098","0.7847826086956522","0.1945762711864407","0.983220338983051","0.505"
"6","0.3788235294117647","0.8524705882352941","0.3865882352941176","0.3982352941176471","0.01","0.01","0.01","0.01","0.01","1.01","0.01","0.175","0.13774193548387098","0.7847826086956522","0.1945762711864407","1.0","0.505"
"0","0.27788235294117647","0.7243529411764705","0.6777647058823529","0.5574117647058824","0.01","1.01","0.01","0.01","0.01","0.01","0.01","0.175","0.13774193548387098","0.7847826086956522","0.1945762711864407","1.0","0.505"
"3","0.8912941176470588","0.3322352941176471","0.7748235294117647","0.8369411764705883","0.01","0.01","0.01","1.01","0.01","0.01","0.01","0.175","0.13774193548387098","0.7847826086956522","0.1945762711864407","1.0","0.505"
"1","0.8447058823529412","0.934","0.868","0.5069411764705882","0.01","0.01","1.01","0.01","0.01","0.01","0.01","0.175","0.13774193548387098","0.7847826086956522","0.1945762711864407","1.0","0.505"
"8","0.19247058823529414","0.39435294117647063","0.07988235294117646","0.3982352941176471","0.01","1.01","0.01","0.01","0.01","0.01","0.01","0.175","0.13774193548387098","0.7847826086956522","0.1945762711864407","1.0","0.505"
"1","0.3283529411764706","0.4409411764705882","0.538","0.2235294117647059","0.01","0.01","0.01","0.01","0.01","1.01","0.01","0.175","0.13774193548387098","0.7847826086956522","0.1945762711864407","1.0","0.505"
"5","0.3128235294117647","0.7825882352941177","0.2584705882352941","0.2701176470588236","0.01","1.01","0.01","0.01","0.01","0.01","0.01","0.175","0.13774193548387098","0.7847826086956522","0.1945762711864407","1.0","0.505"
"3","0.6738823529411764","0.35552941176470587","0.8718823529411764","0.12258823529411764","0.01","0.01","0.01","0.01","0.01","1.01","0.01","0.175","0.13774193548387098","0.7847826086956522","0.1945762711864407","1.0","0.505"
"2","0.6583529411764706","0.3904705882352941","0.3361176470588235","0.06823529411764706","0.01","0.01","0.01","0.01","0.01","0.01","1.01","0.175","0.13774193548387098","0.7847826086956522","0.1945762711864407","1.0","0.505"
"0","0.3788235294117647","0.7787058823529412","0.9495294117647058","0.5574117647058824","0.01","0.01","0.01","1.01","0.01","0.01","0.01","0.175","0.13774193548387098","0.7847826086956522","0.1945762711864407","1.0","0.505"
"5","0.406","0.3632941176470588","0.4254117647058824","0.3594117647058824","0.01","0.01","0.01","0.01","1.01","0.01","0.01","0.175","0.13774193548387098","0.7847826086956522","0.1945762711864407","1.0","0.505"
"7","0.10317647058823529","0.2390588235294118","0.25458823529411767","0.7476470588235294","0.01","1.01","0.01","0.01","0.01","0.01","0.01","0.175","0.13774193548387098","0.7847826086956522","0.1945762711864407","1.0","0.505"
"9","0.8874117647058823","0.03329411764705882","0.48364705882352943","0.18082352941176472","0.01","0.01","0.01","1.01","0.01","0.01","0.01","0.175","0.13774193548387098","0.7847826086956522","0.21135593220338986","0.01","0.505"
"0","0.17305882352941176","0.9611764705882353","0.6272941176470588","0.9767058823529412","1.01","0.01","0.01","0.01","0.01","0.01","0.01","0.175","0.13774193548387098","0.7847826086956522","0.21135593220338986","0.01","0.505"
"0","0.7554117647058823","0.42152941176470593","0.860235294117647","0.802","0.01","0.01","0.01","1.01","0.01","0.01","0.01","0.175","0.13774193548387098","0.7847826086956522","0.21135593220338986","0.01","0.505"
"0","0.3982352941176471","0.9844705882352941","0.22741176470588237","0.3244705882352941","0.01","0.01","0.01","1.01","0.01","0.01","0.01","0.175","0.13774193548387098","0.7847826086956522","0.21135593220338986","0.01","0.505"
"7","0.9922352941176471","0.17305882352941176","0.45647058823529413","0.21188235294117647","0.01","0.01","1.01","0.01","0.01","0.01","0.01","0.175","0.13774193548387098","0.7847826086956522","0.21135593220338986","0.01","0.505"
"0","0.025529411764705884","0.3904705882352941","0.19247058823529414","0.4797647058823529","1.01","0.01","0.01","0.01","0.01","0.01","0.01","0.175","0.13774193548387098","0.7847826086956522","0.21135593220338986","0.01","0.505"
"9","0.1575294117647059","0.6234117647058823","0.6894117647058824","0.5418823529411765","1.01","0.01","0.01","0.01","0.01","0.01","0.01","0.175","0.13774193548387098","0.7847826086956522","0.21135593220338986","0.01","0.505"
"1","0.6544705882352941","0.9689411764705882","0.21576470588235297","0.23129411764705884","0.01","0.01","1.01","0.01","0.01","0.01","0.01","0.175","0.13774193548387098","0.7847826086956522","0.21135593220338986","0.01","0.505"
"1","0.5807058823529412","0.9068235294117647","0.7670588235294117","0.076","0.01","0.01","1.01","0.01","0.01","0.01","0.01","0.175","0.13774193548387098","0.7847826086956522","0.21135593220338986","0.01","0.505"
"5","0.6428235294117647","0.6272941176470588","0.11870588235294117","0.4370588235294118","1.01","0.01","0.01","0.01","0.01","0.01","0.01","0.175","0.13774193548387098","0.7847826086956522","0.21135593220338986","0.01","0.505"
"5","0.7204705882352941","0.7631764705882352","0.3011764705882353","0.08376470588235294","0.01","0.01","0.01","0.01","1.01","0.01","0.01","0.175","0.13774193548387098","0.7847826086956522","0.21135593220338986","0.01","0.505"
"4","0.2390588235294118","0.8136470588235294","0.9767058823529412","0.662235294117647","0.01","1.01","0.01","0.01","0.01","0.01","0.01","0.175","0.13774193548387098","0.7847826086956522","0.21135593220338986","0.01","0.505"
"7","0.6428235294117647","0.4875294117647059","0.8175294117647058","0.4370588235294118","0.01","0.01","0.01","0.01","1.01","0.01","0.01","0.175","0.13774193548387098","0.7847826086956522","0.21135593220338986","0.026779661016949154","0.505"
"7","0.0371764705882353","0.09929411764705881","0.9961176470588236","0.6738823529411764","0.01","0.01","1.01","0.01","0.01","0.01","0.01","0.175","0.13774193548387098","0.7847826086956522","0.21135593220338986","0.026779661016949154","0.505"
"2","0.7748235294117647","0.8330588235294119","0.3089411764705882","0.5690588235294117","0.01","0.01","0.01","1.01","0.01","0.01","0.01","0.175","0.13774193548387098","0.7847826086956522","0.21135593220338986","0.026779661016949154","0.505"
"1","0.8097647058823529","0.11870588235294117","0.9456470588235294","0.3128235294117647","0.01","0.01","1.01","0.01","0.01","0.01","0.01","0.175","0.13774193548387098","0.7847826086956522","0.21135593220338986","0.026779661016949154","0.505"
"3","0.11870588235294117","0.8524705882352941","0.6001176470588235","0.24682352941176472","0.01","1.01","0.01","0.01","0.01","0.01","0.01","0.175","0.13774193548387098","0.7847826086956522","0.21135593220338986","0.026779661016949154","0.505"
"3","0.5185882352941176","0.5923529411764706","0.8641176470588235","0.7398823529411765","0.01","0.01","1.01","0.01","0.01","0.01","0.01","0.175","0.13774193548387098","0.7847826086956522","0.21135593220338986","0.026779661016949154","0.505"
"4","0.5457647058823529","0.16141176470588237","0.9728235294117646","0.5185882352941176","0.01","0.01","0.01","1.01","0.01","0.01","0.01","0.175","0.13774193548387098","0.7847826086956522","0.21135593220338986","0.026779661016949154","0.505"
"1","0.5768235294117646","0.2701176470588236","0.9029411764705882","0.8757647058823529","0.01","0.01","1.01","0.01","0.01","0.01","0.01","0.175","0.13774193548387098","0.7847826086956522","0.21135593220338986","0.026779661016949154","0.505"
"6","0.5224705882352941","0.42152941176470593","0.8175294117647058","0.01388235294117647","0.01","0.01","0.01","1.01","0.01","0.01","0.01","0.175","0.13774193548387098","0.7847826086956522","0.21135593220338986","0.026779661016949154","0.505"
"2","0.3788235294117647","0.8330588235294119","0.5224705882352941","0.35552941176470587","0.01","0.01","0.01","0.01","0.01","0.01","1.01","0.175","0.13774193548387098","0.7847826086956522","0.21135593220338986","0.026779661016949154","0.505"
"4","0.9495294117647058","0.060470588235294116","0.9728235294117646","0.8058823529411765","0.01","1.01","0.01","0.01","0.01","0.01","0.01","0.175","0.13774193548387098","0.7847826086956522","0.21135593220338986","0.026779661016949154","0.505"
"8","0.6661176470588235","0.5535294117647059","0.14976470588235294","0.24294117647058824","0.01","0.01","1.01","0.01","0.01","0.01","0.01","0.175","0.13774193548387098","0.7847826086956522","0.21135593220338986","0.026779661016949154","0.505"
"3","0.025529411764705884","0.9805882352941176","0.20023529411764707","0.9922352941176471","0.01","0.01","0.01","1.01","0.01","0.01","0.01","0.175","0.13774193548387098","0.7847826086956522","0.21135593220338986","0.043559322033898305","0.505"
"2","0.14976470588235294","0.9223529411764705","0.6971764705882353","0.7010588235294117","1.01","0.01","0.01","0.01","0.01","0.01","0.01","0.175","0.13774193548387098","0.7847826086956522","0.21135593220338986","0.043559322033898305","0.505"
"3","0.3788235294117647","0.2390588235294118","0.7165882352941176","0.7631764705882352","0.01","1.01","0.01","0.01","0.01","0.01","0.01","0.175","0.13774193548387098","0.7847826086956522","0.21135593220338986","0.043559322033898305","0.505"
"7","0.9029411764705882","0.6777647058823529","0.7127058823529412","0.9068235294117647","0.01","0.01","0.01","0.01","1.01","0.01","0.01","0.175","0.13774193548387098","0.7847826086956522","0.21135593220338986","0.043559322033898305","0.505"
"4","0.4758823529411765","0.7787058823529412","0.2390588235294118","0.13423529411764706","0.01","0.01","0.01","0.01","0.01","1.01","0.01","0.175","0.13774193548387098","0.7847826086956522","0.21135593220338986","0.043559322033898305","0.505"
"8","0.6195294117647059","0.09541176470588235","0.07988235294117646","0.7903529411764706","1.01","0.01","0.01","0.01","0.01","0.01","0.01","0.175","0.13774193548387098","0.7847826086956522","0.21135593220338986","0.043559322033898305","0.505"
"5","0.281764705882353","0.025529411764705884","0.22741176470588237","0.33999999999999997","0.01","0.01","0.01","0.01","0.01","1.01","0.01","0.175","0.13774193548387098","0.7847826086956522","0.21135593220338986","0.043559322033898305","0.505"
"1","0.5185882352941176","0.8796470588235294","0.04882352941176471","0.6311764705882353","0.01","0.01","0.01","0.01","0.01","1.01","0.01","0.175","0.13774193548387098","0.7847826086956522","0.21135593220338986","0.043559322033898305","0.505"
"8","0.7864705882352941","0.6583529411764706","0.4254117647058824","0.7592941176470588","0.01","0.01","1.01","0.01","0.01","0.01","0.01","0.175","0.13774193548387098","0.7847826086956522","0.21135593220338986","0.043559322033898305","0.505"
"1","0.7204705882352941","0.6738823529411764","0.41764705882352937","0.2856470588235294","0.01","1.01","0.01","0.01","0.01","0.01","0.01","0.175","0.13774193548387098","0.7847826086956522","0.21135593220338986","0.060338983050847464","0.505"
"7","0.5069411764705882","0.18082352941176472","0.9301176470588236","0.7748235294117647","0.01","0.01","0.01","0.01","0.01","0.01","1.01","0.175","0.13774193548387098","0.7847826086956522","0.21135593220338986","0.060338983050847464","0.505"
"8","0.2390588235294118","0.9883529411764707","0.5574117647058824","0.3516470588235294","0.01","0.01","0.01","0.01","0.01","0.01","1.01","0.175","0.13774193548387098","0.7847826086956522","0.21135593220338986","0.060338983050847464","0.505"
"8","0.08376470588235294","0.802","0.31670588235294117","0.8097647058823529","0.01","0.01","1.01","0.01","0.01","0.01","0.01","0.175","0.13774193548387098","0.7847826086956522","0.21135593220338986","0.060338983050847464","0.505"
"1","0.8447058823529412","0.6001176470588235","0.9495294117647058","0.48364705882352943","0.01","0.01","0.01","0.01","0.01","1.01","0.01","0.175","0.13774193548387098","0.7847826086956522","0.21135593220338986","0.060338983050847464","0.505"
"1","0.743764705882353","0.23129411764705884","0.07211764705882352","0.10705882352941176","0.01","0.01","0.01","0.01","0.01","0.01","1.01","0.175","0.13774193548387098","0.7847826086956522","0.21135593220338986","0.060338983050847464","0.505"
"6","0.1303529411764706","0.7903529411764706","0.3011764705882353","0.09929411764705881","0.01","1.01","0.01","0.01","0.01","0.01","0.01","0.175","0.13774193548387098","0.7847826086956522","0.21135593220338986","0.060338983050847464","0.505"
"3","0.2351764705882353","0.076","0.26235294117647057","0.5807058823529412","0.01","0.01","0.01","0.01","0.01","1.01","0.01","0.175","0.13774193548387098","0.7847826086956522","0.21135593220338986","0.060338983050847464","0.505"
"1","0.3516470588235294","0.6389411764705882","0.4331764705882353","0.7903529411764706","0.01","0.01","1.01","0.01","0.01","0.01","0.01","0.175","0.13774193548387098","0.7847826086956522","0.21135593220338986","0.060338983050847464","0.505"
"1","0.5651764705882353","0.7981176470588235","0.5845882352941177","0.7709411764705882","1.01","0.01","0.01","0.01","0.01","0.01","0.01","0.175","0.13774193548387098","0.7847826086956522","0.21135593220338986","0.060338983050847464","0.505"
"3","0.13423529411764706","0.45647058823529413","0.4331764705882353","0.23129411764705884","0.01","0.01","0.01","1.01","0.01","0.01","0.01","0.175","0.13774193548387098","0.7847826086956522","0.21135593220338986","0.060338983050847464","0.505"
"2","0.7088235294117647","0.7554117647058823","0.5341176470588236","0.10317647058823529","0.01","0.01","1.01","0.01","0.01","0.01","0.01","0.175","0.13774193548387098","0.7847826086956522","0.21135593220338986","0.060338983050847464","0.505"
"0","0.9495294117647058","0.09929411764705881","0.7515294117647059","0.3283529411764706","0.01","0.01","0.01","0.01","1.01","0.01","0.01","0.175","0.13774193548387098","0.7847826086956522","0.21135593220338986","0.0771186440677966","0.505"
"9","0.4370588235294118","0.6855294117647059","0.8951764705882354","0.9922352941176471","0.01","0.01","0.01","0.01","0.01","1.01","0.01","0.175","0.13774193548387098","0.7847826086956522","0.21135593220338986","0.0771186440677966","0.505"
"5","0.041058823529411766","0.7010588235294117","0.4487058823529412","0.0371764705882353","0.01","1.01","0.01","0.01","0.01","0.01","0.01","0.175","0.13774193548387098","0.7847826086956522","0.21135593220338986","0.0771186440677966","0.505"
"9","0.19247058823529414","0.538","0.3128235294117647","0.7670588235294117","0.01","0.01","0.01","0.01","1.01","0.01","0.01","0.175","0.13774193548387098","0.7847826086956522","0.21135593220338986","0.0771186440677966","0.505"
"0","0.802","0.16141176470588237","0.7709411764705882","0.7787058823529412","0.01","1.01","0.01","0.01","0.01","0.01","0.01","0.175","0.13774193548387098","0.7847826086956522","0.21135593220338986","0.0771186440677966","0.505"
"9","0.7398823529411765","0.23129411764705884","0.12258823529411764","0.25070588235294117","0.01","0.01","0.01","0.01","0.01","1.01","0.01","0.175","0.13774193548387098","0.7847826086956522","0.21135593220338986","0.0771186440677966","0.505"
"2","0.18858823529411764","0.4098823529411765","0.4603529411764706","0.5807058823529412","1.01","0.01","0.01","0.01","0.01","0.01","0.01","0.175","0.13774193548387098","0.7847826086956522","0.21135593220338986","0.0771186440677966","0.505"
"2","0.3982352941176471","0.918470588235294","0.4098823529411765","0.27788235294117647","0.01","1.01","0.01","0.01","0.01","0.01","0.01","0.175","0.13774193548387098","0.7847826086956522","0.21135593220338986","0.0771186440677966","0.505"
"4","0.4409411764705882","0.7398823529411765","0.6777647058823529","0.9378823529411765","0.01","1.01","0.01","0.01","0.01","0.01","0.01","0.175","0.13774193548387098","0.7847826086956522","0.21135593220338986","0.0771186440677966","0.505"
"6","0.16141176470588237","0.3361176470588235","0.7088235294117647","0.4409411764705882","0.01","0.01","1.01","0.01","0.01","0.01","0.01","0.175","0.13774193548387098","0.7847826086956522","0.21135593220338986","0.0771186440677966","0.505"
"4","0.21964705882352942","0.9495294117647058","0.9534117647058823","0.09541176470588235","0.01","0.01","0.01","0.01","0.01","1.01","0.01","0.175","0.13774193548387098","0.7847826086956522","0.21135593220338986","0.09389830508474575","0.505"
"2","0.0371764705882353","0.10705882352941176","0.5069411764705882","0.029411764705882353","0.01","0.01","0.01","0.01","0.01","0.01","1.01","0.175","0.13774193548387098","0.7847826086956522","0.21135593220338986","0.09389830508474575","0.505"
"1","0.3361176470588235","0.05270588235294118","0.5147058823529411","0.13423529411764706","0.01","0.01","0.01","0.01","0.01","1.01","0.01","0.175","0.13774193548387098","0.7847826086956522","0.21135593220338986","0.09389830508474575","0.505"
"8","0.01388235294117647","0.8796470588235294","0.5185882352941176","0.9805882352941176","0.01","0.01","1.01","0.01","0.01","0.01","0.01","0.175","0.13774193548387098","0.7847826086956522","0.21135593220338986","0.09389830508474575","0.505"
"1","0.7592941176470588","0.8408235294117647","0.7515294117647059","0.8757647058823529","0.01","0.01","0.01","0.01","1.01","0.01","0.01","0.175","0.13774193548387098","0.7847826086956522","0.21135593220338986","0.09389830508474575","0.505"
"3","0.31670588235294117","0.21188235294117647","0.3749411764705883","0.6932941176470588","0.01","0.01","0.01","0.01","1.01","0.01","0.01","0.175","0.13774193548387098","0.7847826086956522","0.21135593220338986","0.09389830508474575","0.505"
"2","0.10317647058823529","0.22741176470588237","0.736","0.9805882352941176","0.01","0.01","0.01","1.01","0.01","0.01","0.01","0.175","0.13774193548387098","0.7847826086956522","0.21135593220338986","0.09389830508474575","0.505"
"1","0.7515294117647059","0.07211764705882352","0.09152941176470587","0.05658823529411765","0.01","0.01","0.01","0.01","1.01","0.01","0.01","0.175","0.13774193548387098","0.7847826086956522","0.21135593220338986","0.09389830508474575","0.505"
"2","1.0","0.4875294117647059","0.20023529411764707","0.8524705882352941","0.01","1.01","0.01","0.01","0.01","0.01","0.01","0.175","0.13774193548387098","0.7847826086956522","0.21135593220338986","0.09389830508474575","0.505"
"5","0.9922352941176471","0.3710588235294118","0.8330588235294119","0.1264705882352941","0.01","0.01","0.01","0.01","0.01","1.01","0.01","0.175","0.13774193548387098","0.7847826086956522","0.21135593220338986","0.09389830508474575","0.505"
"0","0.9650588235294117","0.9495294117647058","0.464235294117647","0.7049411764705882","0.01","0.01","0.01","0.01","0.01","0.01","1.01","0.175","0.13774193548387098","0.7847826086956522","0.21135593220338986","0.09389830508474575","0.505"
"7","0.3361176470588235","0.8912941176470588","0.11870588235294117","0.9689411764705882","0.01","0.01","1.01","0.01","0.01","0.01","0.01","0.175","0.13774193548387098","0.7847826086956522","0.21135593220338986","0.09389830508474575","0.505"
"7","0.7592941176470588","0.27788235294117647","0.6855294117647059","0.7010588235294117","0.01","0.01","0.01","0.01","0.01","0.01","1.01","0.175","0.13774193548387098","0.7847826086956522","0.21135593220338986","0.09389830508474575","0.505"
"1","0.4409411764705882","0.4487058823529412","0.9611764705882353","0.8214117647058823","0.01","0.01","0.01","0.01","0.01","0.01","1.01","0.175","0.13774193548387098","0.7847826086956522","0.21135593220338986","0.11067796610169492","0.505"
"3","0.48364705882352943","0.7592941176470588","0.076","0.18858823529411764","0.01","1.01","0.01","0.01","0.01","0.01","0.01","0.175","0.13774193548387098","0.7847826086956522","0.21135593220338986","0.11067796610169492","0.505"
"4","0.25458823529411767","0.3322352941176471","0.6117647058823529","0.8447058823529412","0.01","0.01","0.01","0.01","1.01","0.01","0.01","0.175","0.13774193548387098","0.7847826086956522","0.21135593220338986","0.11067796610169492","0.505"
"6","0.662235294117647","0.8990588235294118","0.8563529411764705","0.736","0.01","0.01","0.01","0.01","0.01","0.01","1.01","0.175","0.13774193548387098","0.7847826086956522","0.21135593220338986","0.11067796610169492","0.505"
"9","0.6505882352941177","0.3749411764705883","0.6855294117647059","0.6777647058823529","0.01","0.01","0.01","1.01","0.01","0.01","0.01","0.175","0.13774193548387098","0.7847826086956522","0.21135593220338986","0.11067796610169492","0.505"
"3","0.8330588235294119","0.31670588235294117","0.9068235294117647","0.5069411764705882","0.01","0.01","0.01","1.01","0.01","0.01","0.01","0.175","0.13774193548387098","0.7847826086956522","0.21135593220338986","0.11067796610169492","0.505"
"8","0.24682352941176472","0.7282352941176471","0.5574117647058824","0.2701176470588236","0.01","0.01","0.01","0.01","1.01","0.01","0.01","0.175","0.13774193548387098","0.7847826086956522","0.21135593220338986","0.11067796610169492","0.505"
"3","0.5224705882352941","0.662235294117647","0.06435294117647058","0.6932941176470588","0.01","0.01","0.01","0.01","0.01","1.01","0.01","0.175","0.13774193548387098","0.7847826086956522","0.21135593220338986","0.11067796610169492","0.505"
"6","0.406","0.6971764705882353","0.14976470588235294","0.21188235294117647","0.01","1.01","0.01","0.01","0.01","0.01","0.01","0.175","0.13774193548387098","0.7847826086956522","0.21135593220338986","0.11067796610169492","0.505"
"5","0.42152941176470593","0.06435294117647058","0.22741176470588237","0.6971764705882353","0.01","0.01","0.01","1.01","0.01","0.01","0.01","0.175","0.13774193548387098","0.7847826086956522","0.21135593220338986","0.11067796610169492","0.505"
"0","0.6001176470588235","0.09541176470588235","0.406","0.6156470588235294","0.01","0.01","0.01","1.01","0.01","0.01","0.01","0.175","0.13774193548387098","0.7847826086956522","0.21135593220338986","0.11067796610169492","0.505"
"9","0.04882352941176471","0.7243529411764705","0.23129411764705884","0.16529411764705884","0.01","0.01","0.01","0.01","0.01","0.01","1.01","0.175","0.13774193548387098","0.7847826086956522","0.21135593220338986","0.11067796610169492","0.505"
"9","0.1264705882352941","1.0","0.860235294117647","0.26623529411764707","0.01","0.01","0.01","0.01","0.01","1.01","0.01","0.175","0.13774193548387098","0.7847826086956522","0.21135593220338986","0.11067796610169492","0.505"
"1","0.4525882352941177","0.9456470588235294","0.19247058823529414","0.1847058823529412","1.01","0.01","0.01","0.01","0.01","0.01","0.01","0.175","0.13774193548387098","0.7847826086956522","0.21135593220338986","0.12745762711864408","0.505"
"6","0.2235294117647059","0.5263529411764706","0.4758823529411765","0.5030588235294118","0.01","0.01","0.01","0.01","1.01","0.01","0.01","0.175","0.13774193548387098","0.7847826086956522","0.21135593220338986","0.12745762711864408","0.505"
"5","0.17694117647058824","0.3516470588235294","0.6156470588235294","0.076","0.01","0.01","0.01","0.01","1.01","0.01","0.01","0.175","0.13774193548387098","0.7847826086956522","0.21135593220338986","0.12745762711864408","0.505"
"9","0.044941176470588234","0.6816470588235295","0.7903529411764706","0.2390588235294118","0.01","0.01","1.01","0.01","0.01","0.01","0.01","0.175","0.13774193548387098","0.7847826086956522","0.21135593220338986","0.12745762711864408","0.505"
"9","0.27788235294117647","0.2934117647058823","0.20800000000000002","0.4525882352941177","0.01","0.01","1.01","0.01","0.01","0.01","0.01","0.175","0.13774193548387098","0.7847826086956522","0.21135593220338986","0.12745762711864408","0.505"
"4","0.4797647058823529","0.604","0.9301176470588236","0.35552941176470587","0.01","0.01","0.01","0.01","0.01","0.01","1.01","0.175","0.13774193548387098","0.7847826086956522","0.21135593220338986","0.12745762711864408","0.505"
"4","0.7127058823529412","0.17305882352941176","0.0371764705882353","0.35552941176470587","0.01","0.01","1.01","0.01","0.01","0.01","0.01","0.175","0.13774193548387098","0.7847826086956522","0.21135593220338986","0.12745762711864408","0.505"
"2","0.6389411764705882","0.8912941176470588","0.6311764705882353","0.20800000000000002","0.01","0.01","0.01","0.01","1.01","0.01","0.01","0.175","0.13774193548387098","0.7847826086956522","0.21135593220338986","0.12745762711864408","0.505"
"4","0.274","0.31670588235294117","0.3594117647058824","0.5690588235294117","0.01","0.01","1.01","0.01","0.01","0.01","0.01","0.175","0.13774193548387098","0.7847826086956522","0.21135593220338986","0.12745762711864408","0.505"
"9","0.5341176470588236","0.5884705882352942","0.8447058823529412","0.2856470588235294","1.01","0.01","0.01","0.01","0.01","0.01","0.01","0.175","0.13774193548387098","0.7847826086956522","0.21135593220338986","0.12745762711864408","0.505"
"5","0.7088235294117647","0.06435294117647058","0.9534117647058823","0.09541176470588235","0.01","1.01","0.01","0.01","0.01","0.01","0.01","0.175","0.13774193548387098","0.7847826086956522","0.21135593220338986","0.12745762711864408","0.505"
"7","0.8447058823529412","0.7049411764705882","0.5574117647058824","0.6544705882352941","0.01","0.01","0.01","0.01","0.01","0.01","1.01","0.175","0.13774193548387098","0.7847826086956522","0.21135593220338986","0.12745762711864408","0.505"
"8","0.8447058823529412","0.5418823529411765","0.0371764705882353","0.4603529411764706","1.01","0.01","0.01","0.01","0.01","0.01","0.01","0.175","0.13774193548387098","0.7847826086956522","0.21135593220338986","0.14423728813559322","0.505"
"5","0.6855294117647059","0.07988235294117646","0.44482352941176473","0.02164705882352941","0.01","0.01","0.01","0.01","0.01","1.01","0.01","0.175","0.13774193548387098","0.7847826086956522","0.21135593220338986","0.14423728813559322","0.505"
"9","0.5108235294117647","0.28952941176470587","0.8524705882352941","0.5729411764705882","0.01","0.01","0.01","0.01","0.01","1.01","0.01","0.175","0.13774193548387098","0.7847826086956522","0.21135593220338986","0.14423728813559322","0.505"
"4","0.09541176470588235","0.6583529411764706","0.025529411764705884","0.6583529411764706","0.01","0.01","0.01","1.01","0.01","0.01","0.01","0.175","0.13774193548387098","0.7847826086956522","0.21135593220338986","0.14423728813559322","0.505"
"8","0.05270588235294118","0.4137647058823529","0.8641176470588235","0.8330588235294119","0.01","0.01","0.01","0.01","0.01","1.01","0.01","0.175","0.13774193548387098","0.7847826086956522","0.21135593220338986","0.14423728813559322","0.505"
"8","0.7981176470588235","0.9844705882352941","0.09541176470588235","0.3904705882352941","0.01","0.01","0.01","1.01","0.01","0.01","0.01","0.175","0.13774193548387098","0.7847826086956522","0.21135593220338986","0.14423728813559322","0.505"
"4","0.3827058823529412","0.934","0.2390588235294118","0.35552941176470587","0.01","0.01","0.01","1.01","0.01","0.01","0.01","0.175","0.13774193548387098","0.7847826086956522","0.21135593220338986","0.14423728813559322","0.505"
"5","0.1148235294117647","0.05658823529411765","0.3865882352941176","0.39435294117647063","0.01","0.01","0.01","0.01","0.01","0.01","1.01","0.175","0.13774193548387098","0.7847826086956522","0.21135593220338986","0.14423728813559322","0.505"
"3","0.5535294117647059","0.3205882352941177","0.3632941176470588","0.22741176470588237","1.01","0.01","0.01","0.01","0.01","0.01","0.01","0.175","0.13774193548387098","0.7847826086956522","0.21135593220338986","0.14423728813559322","0.505"
"9","0.0371764705882353","0.6855294117647059","0.8252941176470587","0.7787058823529412","0.01","0.01","1.01","0.01","0.01","0.01","0.01","0.175","0.13774193548387098","0.7847826086956522","0.21135593220338986","0.14423728813559322","0.505"
"1","0.9883529411764707","0.8485882352941176","0.3128235294117647","0.03329411764705882","0.01","0.01","0.01","0.01","0.01","0.01","1.01","0.175","0.13774193548387098","0.7847826086956522","0.21135593220338986","0.14423728813559322","0.505"
"3","0.9650588235294117","0.2235294117647059","0.7321176470588235","0.4098823529411765","0.01","0.01","0.01","1.01","0.01","0.01","0.01","0.175","0.13774193548387098","0.7847826086956522","0.21135593220338986","0.14423728813559322","0.505"
"7","0.1575294117647059","0.6661176470588235","0.604","0.26623529411764707","0.01","0.01","0.01","0.01","0.01","0.01","1.01","0.175","0.13774193548387098","0.7847826086956522","0.21135593220338986","0.14423728813559322","0.505"
"6","0.5457647058823529","0.27788235294117647","0.6544705882352941","0.7282352941176471","0.01","0.01","0.01","0.01","0.01","1.01","0.01","0.175","0.13774193548387098","0.7847826086956522","0.21135593220338986","0.1610169491525424","0.505"
"2","0.12258823529411764","0.12258823529411764","0.8951764705882354","0.3827058823529412","0.01","0.01","0.01","0.01","0.01","0.01","1.01","0.175","0.13774193548387098","0.7847826086956522","0.21135593220338986","0.1610169491525424","0.505"
"6","0.4797647058823529","0.3322352941176471","0.9883529411764707","0.39435294117647063","0.01","0.01","0.01","1.01","0.01","0.01","0.01","0.175","0.13774193548387098","0.7847826086956522","0.21135593220338986","0.1610169491525424","0.505"
"3","0.4370588235294118","0.20800000000000002","0.3089411764705882","0.02164705882352941","0.01","0.01","0.01","1.01","0.01","0.01","0.01","0.175","0.13774193548387098","0.7847826086956522","0.21135593220338986","0.1610169491525424","0.505"
"9","0.3827058823529412","0.6661176470588235","0.8214117647058823","0.39435294117647063","0.01","0.01","0.01","0.01","0.01","0.01","1.01","0.175","0.13774193548387098","0.7847826086956522","0.21135593220338986","0.1610169491525424","0.505"
"7","0.3865882352941176","0.25070588235294117","0.3865882352941176","0.8175294117647058","1.01","0.01","0.01","0.01","0.01","0.01","0.01","0.175","0.13774193548387098","0.7847826086956522","0.21135593220338986","0.1610169491525424","0.505"
"8","0.860235294117647","0.7864705882352941","0.6156470588235294","0.9223529411764705","0.01","0.01","1.01","0.01","0.01","0.01","0.01","0.175","0.13774193548387098","0.7847826086956522","0.21135593220338986","0.1610169491525424","0.505"
"2","0.8175294117647058","0.22741176470588237","0.662235294117647","0.6544705882352941","0.01","0.01","0.01","0.01","0.01","1.01","0.01","0.175","0.13774193548387098","0.7847826086956522","0.21135593220338986","0.1610169491525424","0.505"
"4","0.14200000000000002","0.2390588235294118","0.24294117647058824","0.4487058823529412","0.01","0.01","1.01","0.01","0.01","0.01","0.01","0.175","0.13774193548387098","0.7847826086956522","0.21135593220338986","0.1610169491525424","0.505"
"0","0.3865882352941176","0.21964705882352942","0.31670588235294117","0.4370588235294118","0.01","0.01","0.01","0.01","1.01","0.01","0.01","0.175","0.13774193548387098","0.7847826086956522","0.21135593220338986","0.1610169491525424","0.505"
"4","0.2390588235294118","0.6583529411764706","0.4370588235294118","0.6544705882352941","1.01","0.01","0.01","0.01","0.01","0.01","0.01","0.175","0.13774193548387098","0.7847826086956522","0.21135593220338986","0.1610169491525424","0.505"
"7","0.2584705882352941","0.8641176470588235","0.6544705882352941","0.5224705882352941","0.01","0.01","0.01","1.01","0.01","0.01","0.01","0.175","0.13774193548387098","0.7847826086956522","0.21135593220338986","0.1610169491525424","0.505"
"3","0.025529411764705884","0.24682352941176472","0.2934117647058823","0.025529411764705884","1.01","0.01","0.01","0.01","0.01","0.01","0.01","0.175","0.13774193548387098","0.7847826086956522","0.21135593220338986","0.1610169491525424","0.505"
"6","0.5884705882352942","0.9883529411764707","0.5612941176470588","0.9689411764705882","0.01","0.01","0.01","1.01","0.01","0.01","0.01","0.175","0.13774193548387098","0.7847826086956522","0.21135593220338986","0.17779661016949153","0.505"
"4","0.9262352941176472","0.20800000000000002","0.7010588235294117","0.8330588235294119","0.01","0.01","0.01","0.01","0.01","0.01","1.01","0.175","0.13774193548387098","0.7847826086956522","0.21135593220338986","0.17779661016949153","0.505"
"8","0.8796470588235294","0.9883529411764707","0.029411764705882353","0.3594117647058824","0.01","0.01","0.01","1.01","0.01","0.01","0.01","0.175","0.13774193548387098","0.7847826086956522","0.21135593220338986","0.17779661016949153","0.505"
"8","0.7670588235294117","0.7243529411764705","0.7476470588235294","0.5263529411764706","0.01","0.01","0.01","0.01","0.01","0.01","1.01","0.175","0.13774193548387098","0.7847826086956522","0.21135593220338986","0.17779661016949153","0.505"
"7","0.05270588235294118","0.6932941176470588","0.18082352941176472","0.16529411764705884","0.01","0.01","0.01","0.01","1.01","0.01","0.01","0.175","0.13774193548387098","0.7847826086956522","0.21135593220338986","0.17779661016949153","0.505"
"6","0.7165882352941176","0.8291764705882353","0.041058823529411766","0.13811764705882354","0.01","0.01","0.01","1.01","0.01","0.01","0.01","0.175","0.13774193548387098","0.7847826086956522","0.21135593220338986","0.17779661016949153","0.505"
"4","0.5923529411764706","0.8330588235294119","0.029411764705882353","0.8058823529411765","0.01","0.01","0.01","1.01","0.01","0.01","0.01","0.175","0.13774193548387098","0.7847826086956522","0.21135593220338986","0.17779661016949153","0.505"
"1","0.5807058823529412","0.11094117647058822","0.3749411764705883","0.6971764705882353","0.01","0.01","0.01","0.01","0.01","0.01","1.01","0.175","0.13774193548387098","0.7847826086956522","0.21135593220338986","0.17779661016949153","0.505"
"3","0.5302352941176471","0.5962352941176471","0.8058823529411765","0.27788235294117647","1.01","0.01","0.01","0.01","0.01","0.01","0.01","0.175","0.13774193548387098","0.7847826086956522","0.21135593220338986","0.17779661016949153","0.505"
"7","0.6661176470588235","0.941764705882353","0.7243529411764705","0.4603529411764706","0.01","0.01","0.01","0.01","1.01","0.01","0.01","0.175","0.13774193548387098","0.7847826086956522","0.21135593220338986","0.17779661016949153","0.505"
"9","0.13811764705882354","0.4681176470588236","0.9301176470588236","0.49917647058823533","1.01","0.01","0.01","0.01","0.01","0.01","0.01","0.175","0.13774193548387098","0.7847826086956522","0.21135593220338986","0.17779661016949153","0.505"
"4","0.8136470588235294","0.2934117647058823","0.3283529411764706","0.6195294117647059","0.01","0.01","0.01","0.01","1.01","0.01","0.01","0.175","0.13774193548387098","0.7847826086956522","0.21135593220338986","0.17779661016949153","0.505"
"0","0.7049411764705882","0.6661176470588235","0.7476470588235294","0.3749411764705883","0.01","0.01","0.01","0.01","0.01","1.01","0.01","0.175","0.13774193548387098","0.7847826086956522","0.21135593220338986","0.1945762711864407","0.505"
"1","0.3982352941176471","0.5768235294117646","0.5651764705882353","0.44482352941176473","0.01","0.01","0.01","0.01","1.01","0.01","0.01","0.175","0.13774193548387098","0.7847826086956522","0.21135593220338986","0.1945762711864407","0.505"
"1","0.6389411764705882","0.14200000000000002","0.6272941176470588","0.8835294117647059","0.01","0.01","0.01","0.01","0.01","0.01","1.01","0.175","0.13774193548387098","0.7847826086956522","0.21135593220338986","0.1945762711864407","0.505"
"2","0.9029411764705882","0.5108235294117647","0.7204705882352941","0.05270588235294118","0.01","0.01","0.01","0.01","0.01","1.01","0.01","0.175","0.13774193548387098","0.7847826086956522","0.21135593220338986","0.1945762711864407","0.505"
"0","0.6932941176470588","0.4875294117647059","0.5069411764705882","0.860235294117647","1.01","0.01","0.01","0.01","0.01","0.01","0.01","0.175","0.13774193548387098","0.7847826086956522","0.21135593220338986","0.1945762711864407","0.505"
"1","0.6350588235294118","0.01776470588235294","0.02164705882352941","0.21576470588235297","0.01","0.01","0.01","0.01","1.01","0.01","0.01","0.175","0.13774193548387098","0.7847826086956522","0.21135593220338986","0.1945762711864407","0.505"
"0","0.3788235294117647","0.5612941176470588","0.14976470588235294","0.7282352941176471","0.01","0.01","0.01","0.01","0.01","1.01","0.01","0.175","0.13774193548387098","0.7847826086956522","0.21135593220338986","0.1945762711864407","0.505"
"3","0.09541176470588235","1.0","0.3749411764705883","0.0371764705882353","0.01","0.01","0.01","1.01","0.01","0.01","0.01","0.175","0.13774193548387098","0.7847826086956522","0.21135593220338986","0.1945762711864407","0.505"
"9","0.044941176470588234","0.8136470588235294","0.736","0.7981176470588235","0.01","0.01","0.01","1.01","0.01","0.01","0.01","0.175","0.13774193548387098","0.7847826086956522","0.21135593220338986","0.1945762711864407","0.505"
"9","0.06435294117647058","0.743764705882353","0.6855294117647059","0.1847058823529412","0.01","0.01","0.01","0.01","1.01","0.01","0.01","0.175","0.13774193548387098","0.7847826086956522","0.21135593220338986","0.1945762711864407","0.505"
"7","0.9456470588235294","0.9534117647058823","0.5224705882352941","0.33999999999999997","0.01","0.01","0.01","0.01","0.01","1.01","0.01","0.175","0.13774193548387098","0.7847826086956522","0.21135593220338986","0.1945762711864407","0.505"
"2","0.14200000000000002","0.406","0.02164705882352941","0.06435294117647058","0.01","0.01","0.01","0.01","0.01","1.01","0.01","0.175","0.13774193548387098","0.7847826086956522","0.21135593220338986","0.1945762711864407","0.505"
"6","0.14976470588235294","0.8796470588235294","0.6971764705882353","0.9534117647058823","1.01","0.01","0.01","0.01","0.01","0.01","0.01","0.175","0.13774193548387098","0.7847826086956522","0.21135593220338986","0.1945762711864407","0.505"
"3","0.47200000000000003","0.5535294117647059","0.5612941176470588","0.4254117647058824","1.01","0.01","0.01","0.01","0.01","0.01","0.01","0.175","0.13774193548387098","0.7847826086956522","0.21135593220338986","0.21135593220338986","0.505"
"4","0.9301176470588236","0.6001176470588235","0.9223529411764705","0.5457647058823529","0.01","0.01","0.01","0.01","0.01","1.01","0.01","0.175","0.13774193548387098","0.7847826086956522","0.21135593220338986","0.21135593220338986","0.505"
"0","0.4331764705882353","0.044941176470588234","0.5690588235294117","0.5496470588235294","1.01","0.01","0.01","0.01","0.01","0.01","0.01","0.175","0.13774193548387098","0.7847826086956522","0.21135593220338986","0.21135593220338986","0.505"
"3","0.42152941176470593","0.3632941176470588","0.17305882352941176","0.2390588235294118","1.01","0.01","0.01","0.01","0.01","0.01","0.01","0.175","0.13774193548387098","0.7847826086956522","0.21135593220338986","0.21135593220338986","0.505"
"1","0.8136470588235294","0.041058823529411766","0.21576470588235297","0.35552941176470587","0.01","0.01","1.01","0.01","0.01","0.01","0.01","0.175","0.13774193548387098","0.7847826086956522","0.21135593220338986","0.21135593220338986","0.505"
"1","0.2934117647058823","0.9145882352941176","0.6777647058823529","0.7515294117647059","0.01","0.01","0.01","0.01","0.01","0.01","1.01","0.175","0.13774193548387098","0.7847826086956522","0.21135593220338986","0.21135593220338986","0.505"
"6","0.4525882352941177","0.9572941176470589","0.48364705882352943","0.02164705882352941","1.01","0.01","0.01","0.01","0.01","0.01","0.01","0.175","0.13774193548387098","0.7847826086956522","0.21135593220338986","0.21135593220338986","0.505"
"4","0.27788235294117647","0.26235294117647057","0.6078823529411764","0.7709411764705882","0.01","0.01","0.01","0.01","1.01","0.01","0.01","0.175","0.13774193548387098","0.7847826086956522","0.21135593220338986","0.21135593220338986","0.505"
"0","0.44482352941176473","0.8252941176470587","0.8524705882352941","0.15364705882352944","0.01","0.01","0.01","0.01","0.01","0.01","1.01","0.175","0.13774193548387098","0.7847826086956522","0.21135593220338986","0.21135593220338986","0.505"
"9","0.25458823529411767","0.07988235294117646","0.09929411764705881","0.934","0.01","0.01","0.01","0.01","0.01","0.01","1.01","0.175","0.13774193548387098","0.7847826086956522","0.21135593220338986","0.21135593220338986","0.505"
"4","0.8912941176470588","0.24294117647058824","0.281764705882353","0.17305882352941176","1.01","0.01","0.01","0.01","0.01","0.01","0.01","0.175","0.13774193548387098","0.7847826086956522","0.21135593220338986","0.21135593220338986","0.505"
"7","0.11870588235294117","0.01388235294117647","0.6816470588235295","0.16917647058823532","0.01","0.01","1.01","0.01","0.01","0.01","0.01","0.175","0.13774193548387098","0.7847826086956522","0.21135593220338986","0.21135593220338986","0.505"
"3","0.3089411764705882","0.6389411764705882","0.7748235294117647","0.5962352941176471","0.01","0.01","0.01","0.01","0.01","0.01","1.01","0.175","0.13774193548387098","0.7847826086956522","0.21135593220338986","0.228135593220339","0.505"
"1","0.4487058823529412","0.4797647058823529","0.01776470588235294","0.7165882352941176","0.01","0.01","0.01","0.01","1.01","0.01","0.01","0.175","0.13774193548387098","0.7847826086956522","0.21135593220338986","0.228135593220339","0.505"
"9","0.3011764705882353","0.11094117647058822","0.3244705882352941","0.07211764705882352","0.01","0.01","0.01","0.01","1.01","0.01","0.01","0.175","0.13774193548387098","0.7847826086956522","0.21135593220338986","0.228135593220339","0.505"
"4","0.9728235294117646","0.24294117647058824","0.7398823529411765","0.39435294117647063","0.01","0.01","0.01","0.01","1.01","0.01","0.01","0.175","0.13774193548387098","0.7847826086956522","0.21135593220338986","0.228135593220339","0.505"
"5","0.4292941176470588","0.8796470588235294","0.9728235294117646","0.5845882352941177","1.01","0.01","0.01","0.01","0.01","0.01","0.01","0.175","0.13774193548387098","0.7847826086956522","0.21135593220338986","0.228135593220339","0.505"
"5","0.7243529411764705","0.3865882352941176","0.01","0.6389411764705882","0.01","0.01","0.01","1.01","0.01","0.01","0.01","0.175","0.13774193548387098","0.7847826086956522","0.21135593220338986","0.228135593220339","0.505"
"6","0.8252941176470587","0.3865882352941176","0.7049411764705882","0.4758823529411765","1.01","0.01","0.01","0.01","0.01","0.01","0.01","0.175","0.13774193548387098","0.7847826086956522","0.21135593220338986","0.228135593220339","0.505"
"9","0.5457647058823529","0.49529411764705883","0.8874117647058823","0.15364705882352944","0.01","1.01","0.01","0.01","0.01","0.01","0.01","0.175","0.13774193548387098","0.7847826086956522","0.21135593220338986","0.24491525423728816","0.505"
"3","0.9495294117647058","0.6350588235294118","0.8485882352941176","0.7398823529411765","0.01","0.01","0.01","0.01","1.01","0.01","0.01","0.175","0.13774193548387098","0.7847826086956522","0.21135593220338986","0.24491525423728816","0.505"
"2","0.12258823529411764","0.22741176470588237","0.4409411764705882","0.4603529411764706","0.01","0.01","1.01","0.01","0.01","0.01","0.01","0.175","0.13774193548387098","0.7847826086956522","0.21135593220338986","0.24491525423728816","0.505"
"6","0.9805882352941176","0.5224705882352941","0.9068235294117647","0.26623529411764707","0.01","0.01","1.01","0.01","0.01","0.01","0.01","0.175","0.13774193548387098","0.7847826086956522","0.21135593220338986","0.24491525423728816","0.505"
"3","0.9572941176470589","0.2856470588235294","0.5768235294117646","0.2701176470588236","0.01","0.01","1.01","0.01","0.01","0.01","0.01","0.175","0.13774193548387098","0.7847826086956522","0.21135593220338986","0.24491525423728816","0.505"
"4","0.4875294117647059","0.1303529411764706","0.3089411764705882","0.10317647058823529","0.01","0.01","0.01","0.01","0.01","1.01","0.01","0.175","0.13774193548387098","0.7847826086956522","0.21135593220338986","0.24491525423728816","0.505"
"2","0.8485882352941176","0.02164705882352941","0.03329411764705882","0.10317647058823529","0.01","0.01","0.01","0.01","0.01","0.01","1.01","0.175","0.13774193548387098","0.7847826086956522","0.21135593220338986","0.24491525423728816","0.505"
"3","0.36717647058823527","0.4409411764705882","0.4137647058823529","0.5185882352941176","0.01","0.01","0.01","0.01","1.01","0.01","0.01","0.175","0.13774193548387098","0.7847826086956522","0.21135593220338986","0.24491525423728816","0.505"
"0","0.07988235294117646","0.8408235294117647","0.19247058823529414","0.743764705882353","0.01","0.01","0.01","0.01","0.01","0.01","1.01","0.175","0.13774193548387098","0.7847826086956522","0.21135593220338986","0.24491525423728816","0.505"
"6","0.36717647058823527","0.6078823529411764","0.8835294117647059","0.662235294117647","0.01","0.01","0.01","1.01","0.01","0.01","0.01","0.175","0.13774193548387098","0.7847826086956522","0.21135593220338986","0.24491525423728816","0.505"
"5","0.4681176470588236","0.7554117647058823","0.14200000000000002","0.8097647058823529","0.01","0.01","0.01","0.01","0.01","1.01","0.01","0.175","0.13774193548387098","0.7847826086956522","0.21135593220338986","0.24491525423728816","0.505"
"5","0.7243529411764705","1.0","0.5496470588235294","0.07211764705882352","0.01","0.01","0.01","0.01","0.01","0.01","1.01","0.175","0.13774193548387098","0.7847826086956522","0.21135593220338986","0.26169491525423727","0.505"
"8","0.2701176470588236","0.794235294117647","0.45647058823529413","0.3438823529411765","0.01","1.01","0.01","0.01","0.01","0.01","0.01","0.175","0.13774193548387098","0.7847826086956522","0.21135593220338986","0.26169491525423727","0.505"
"7","0.736","0.2390588235294118","0.5923529411764706","0.8408235294117647","0.01","1.01","0.01","0.01","0.01","0.01","0.01","0.175","0.13774193548387098","0.7847826086956522","0.21135593220338986","0.26169491525423727","0.505"
"9","0.6001176470588235","0.10317647058823529","0.7709411764705882","0.8951764705882354","0.01","0.01","1.01","0.01","0.01","0.01","0.01","0.175","0.13774193548387098","0.7847826086956522","0.21135593220338986","0.26169491525423727","0.505"
"0","0.2351764705882353","0.3594117647058824","0.2972941176470589","0.9767058823529412","0.01","0.01","0.01","0.01","0.01","1.01","0.01","0.175","0.13774193548387098","0.7847826086956522","0.21135593220338986","0.26169491525423727","0.505"
"2","0.5845882352941177","0.5030588235294118","0.6738823529411764","0.39435294117647063","0.01","0.01","0.01","0.01","1.01","0.01","0.01","0.175","0.13774193548387098","0.7847826086956522","0.21135593220338986","0.26169491525423727","0.505"
"1","0.2235294117647059","0.07211764705882352","0.8058823529411765","0.9107058823529411","1.01","0.01","0.01","0.01","0.01","0.01","0.01","0.175","0.13774193548387098","0.7847826086956522","0.21135593220338986","0.26169491525423727","0.505"
"6","0.1458823529411765","0.9534117647058823","0.9922352941176471","0.2351764705882353","0.01","0.01","1.01","0.01","0.01","0.01","0.01","0.175","0.13774193548387098","0.7847826086956522","0.21135593220338986","0.26169491525423727","0.505"
"1","0.48364705882352943","0.8757647058823529","0.02164705882352941","0.8874117647058823","0.01","0.01","0.01","0.01","0.01","0.01","1.01","0.175","0.13774193548387098","0.7847826086956522","0.21135593220338986","0.26169491525423727","0.505"
"5","0.5845882352941177","0.30505882352941177","0.274","0.04882352941176471","1.01","0.01","0.01","0.01","0.01","0.01","0.01","0.175","0.13774193548387098","0.7847826086956522","0.21135593220338986","0.26169491525423727","0.505"
"2","0.9107058823529411","0.4098823529411765","0.45647058823529413","0.21964705882352942","0.01","0.01","0.01","1.01","0.01","0.01","0.01","0.175","0.13774193548387098","0.7847826086956522","0.21135593220338986","0.27847457627118644","0.505"
"5","0.19247058823529414","0.3011764705882353","1.0","0.9223529411764705","0.01","0.01","0.01","0.01","0.01","1.01","0.01","0.175","0.13774193548387098","0.7847826086956522","0.21135593220338986","0.27847457627118644","0.505"
"4","0.07988235294117646","0.8214117647058823","0.8330588235294119","0.794235294117647","0.01","0.01","0.01","0.01","1.01","0.01","0.01","0.175","0.13774193548387098","0.7847826086956522","0.21135593220338986","0.27847457627118644","0.505"
"5","0.01388235294117647","0.6156470588235294","0.736","0.6855294117647059","0.01","0.01","0.01","0.01","1.01","0.01","0.01","0.175","0.13774193548387098","0.7847826086956522","0.21135593220338986","0.27847457627118644","0.505"
"6","0.7204705882352941","0.6001176470588235","0.09929411764705881","0.16141176470588237","1.01","0.01","0.01","0.01","0.01","0.01","0.01","0.175","0.13774193548387098","0.7847826086956522","0.21135593220338986","0.27847457627118644","0.505"
"2","0.4487058823529412","0.8874117647058823","0.12258823529411764","0.6350588235294118","1.01","0.01","0.01","0.01","0.01","0.01","0.01","0.175","0.13774193548387098","0.7847826086956522","0.21135593220338986","0.27847457627118644","0.505"
"4","0.794235294117647","0.3283529411764706","0.01388235294117647","0.17305882352941176","0.01","0.01","0.01","0.01","0.01","1.01","0.01","0.175","0.13774193548387098","0.7847826086956522","0.21135593220338986","0.27847457627118644","0.505"
"3","0.4681176470588236","0.01","0.02164705882352941","0.06435294117647058","1.01","0.01","0.01","0.01","0.01","0.01","0.01","0.175","0.13774193548387098","0.7847826086956522","0.21135593220338986","0.27847457627118644","0.505"
"9","0.4137647058823529","0.28952941176470587","0.3982352941176471","0.3322352941176471","0.01","0.01","0.01","1.01","0.01","0.01","0.01","0.175","0.13774193548387098","0.7847826086956522","0.21135593220338986","0.27847457627118644","0.505"
"6","0.04882352941176471","0.5690588235294117","0.8408235294117647","0.07988235294117646","0.01","0.01","0.01","0.01","0.01","1.01","0.01","0.175","0.13774193548387098","0.7847826086956522","0.21135593220338986","0.27847457627118644","0.505"
"1","0.11094117647058822","0.8912941176470588","0.4758823529411765","0.6195294117647059","0.01","0.01","0.01","0.01","0.01","1.01","0.01","0.175","0.13774193548387098","0.7847826086956522","0.21135593220338986","0.27847457627118644","0.505"
"5","0.8175294117647058","0.01776470588235294","0.8058823529411765","0.538","1.01","0.01","0.01","0.01","0.01","0.01","0.01","0.175","0.13774193548387098","0.7847826086956522","0.21135593220338986","0.27847457627118644","0.505"
"6","0.9534117647058823","0.5807058823529412","0.33999999999999997","0.07988235294117646","0.01","0.01","0.01","0.01","0.01","1.01","0.01","0.175","0.13774193548387098","0.7847826086956522","0.21135593220338986","0.2952542372881356","0.505"
"4","0.01388235294117647","0.3322352941176471","0.918470588235294","0.1264705882352941","0.01","0.01","0.01","0.01","1.01","0.01","0.01","0.175","0.13774193548387098","0.7847826086956522","0.21135593220338986","0.2952542372881356","0.505"
"5","0.49529411764705883","0.9534117647058823","0.6777647058823529","0.9767058823529412","0.01","1.01","0.01","0.01","0.01","0.01","0.01","0.175","0.13774193548387098","0.7847826086956522","0.21135593220338986","0.2952542372881356","0.505"
"2","0.9650588235294117","0.8369411764705883","0.27788235294117647","0.5302352941176471","0.01","0.01","0.01","1.01","0.01","0.01","0.01","0.175","0.13774193548387098","0.7847826086956522","0.21135593220338986","0.2952542372881356","0.505"
"0","0.8214117647058823","0.17305882352941176","0.21964705882352942","0.5224705882352941","0.01","0.01","1.01","0.01","0.01","0.01","0.01","0.175","0.13774193548387098","0.7847826086956522","0.21135593220338986","0.2952542372881356","0.505"
"8","0.7321176470588235","0.9223529411764705","0.3244705882352941","0.4254117647058824","0.01","0.01","0.01","0.01","0.01","0.01","1.01","0.175","0.13774193548387098","0.7847826086956522","0.21135593220338986","0.2952542372881356","0.505"
"4","0.31670588235294117","0.3982352941176471","0.3632941176470588","0.794235294117647","0.01","1.01","0.01","0.01","0.01","0.01","0.01","0.175","0.13774193548387098","0.7847826086956522","0.21135593220338986","0.2952542372881356","0.505"
"2","0.20411764705882354","0.2934117647058823","0.6971764705882353","0.13423529411764706","0.01","0.01","0.01","0.01","0.01","1.01","0.01","0.175","0.13774193548387098","0.7847826086956522","0.21135593220338986","0.2952542372881356","0.505"
"7","0.17694117647058824","0.3011764705882353","0.662235294117647","0.743764705882353","0.01","0.01","1.01","0.01","0.01","0.01","0.01","0.175","0.13774193548387098","0.7847826086956522","0.21135593220338986","0.2952542372881356","0.505"
"5","0.18082352941176472","0.3128235294117647","0.5729411764705882","0.6699999999999999","0.01","0.01","0.01","0.01","0.01","0.01","1.01","0.175","0.13774193548387098","0.7847826086956522","0.21135593220338986","0.2952542372881356","0.505"
"4","0.23129411764705884","0.7709411764705882","0.25070588235294117","0.7049411764705882","0.01","0.01","0.01","0.01","1.01","0.01","0.01","0.175","0.13774193548387098","0.7847826086956522","0.21135593220338986","0.2952542372881356","0.505"
"0","0.20023529411764707","0.26623529411764707","0.6428235294117647","0.42152941176470593","0.01","0.01","0.01","0.01","0.01","0.01","1.01","0.175","0.13774193548387098","0.7847826086956522","0.21135593220338986","0.31203389830508477","0.505"
"1","0.7903529411764706","0.45647058823529413","0.274","0.18858823529411764","0.01","0.01","0.01","1.01","0.01","0.01","0.01","0.175","0.13774193548387098","0.7847826086956522","0.21135593220338986","0.31203389830508477","0.505"
"8","0.5147058823529411","0.16917647058823532","0.21964705882352942","0.7787058823529412","0.01","0.01","0.01","0.01","1.01","0.01","0.01","0.175","0.13774193548387098","0.7847826086956522","0.21135593220338986","0.31203389830508477","0.505"
"1","0.8447058823529412","0.8485882352941176","0.6078823529411764","0.21188235294117647","1.01","0.01","0.01","0.01","0.01","0.01","0.01","0.175","0.13774193548387098","0.7847826086956522","0.21135593220338986","0.31203389830508477","0.505"
"9","0.736","0.041058823529411766","0.281764705882353","0.7165882352941176","0.01","1.01","0.01","0.01","0.01","0.01","0.01","0.175","0.13774193548387098","0.7847826086956522","0.21135593220338986","0.31203389830508477","0.505"
"9","0.4487058823529412","0.941764705882353","0.4021176470588235","0.4875294117647059","0.01","0.01","0.01","0.01","0.01","1.01","0.01","0.175","0.13774193548387098","0.7847826086956522","0.21135593220338986","0.31203389830508477","0.505"
"8","0.2584705882352941","0.30505882352941177","0.12258823529411764","0.15364705882352944","0.01","0.01","1.01","0.01","0.01","0.01","0.01","0.175","0.13774193548387098","0.7847826086956522","0.21135593220338986","0.31203389830508477","0.505"
"4","0.20023529411764707","0.8058823529411765","0.1458823529411765","0.47200000000000003","0.01","0.01","0.01","0.01","0.01","0.01","1.01","0.175","0.13774193548387098","0.7847826086956522","0.21135593220338986","0.31203389830508477","0.505"
"0","0.1458823529411765","0.8796470588235294","0.39435294117647063","0.26235294117647057","0.01","0.01","0.01","0.01","0.01","1.01","0.01","0.175","0.13774193548387098","0.7847826086956522","0.21135593220338986","0.31203389830508477","0.505"
"3","0.16529411764705884","0.3788235294117647","0.18858823529411764","0.5069411764705882","0.01","0.01","1.01","0.01","0.01","0.01","0.01","0.175","0.13774193548387098","0.7847826086956522","0.21135593220338986","0.31203389830508477","0.505"
"0","0.7748235294117647","0.5690588235294117","0.41764705882352937","0.8524705882352941","0.01","1.01","0.01","0.01","0.01","0.01","0.01","0.175","0.13774193548387098","0.7847826086956522","0.21135593220338986","0.31203389830508477","0.505"
"9","0.8563529411764705","0.9844705882352941","0.7010588235294117","0.49529411764705883","1.01","0.01","0.01","0.01","0.01","0.01","0.01","0.175","0.13774193548387098","0.7847826086956522","0.21135593220338986","0.3288135593220339","0.505"
"5","0.8524705882352941","0.5612941176470588","0.9029411764705882","0.7670588235294117","0.01","0.01","0.01","0.01","1.01","0.01","0.01","0.175","0.13774193548387098","0.7847826086956522","0.21135593220338986","0.3288135593220339","0.505"
"3","0.39435294117647063","0.7088235294117647","0.09152941176470587","0.6544705882352941","0.01","0.01","0.01","1.01","0.01","0.01","0.01","0.175","0.13774193548387098","0.7847826086956522","0.21135593220338986","0.3288135593220339","0.505"
"8","0.3283529411764706","0.5341176470588236","0.02164705882352941","0.12258823529411764","0.01","0.01","1.01","0.01","0.01","0.01","0.01","0.175","0.13774193548387098","0.7847826086956522","0.21135593220338986","0.3288135593220339","0.505"
"2","0.10705882352941176","0.16141176470588237","0.6350588235294118","0.6311764705882353","0.01","0.01","0.01","0.01","0.01","1.01","0.01","0.175","0.13774193548387098","0.7847826086956522","0.21135593220338986","0.3288135593220339","0.505"
"6","0.21964705882352942","0.08764705882352941","0.15364705882352944","0.8718823529411764","0.01","0.01","1.01","0.01","0.01","0.01","0.01","0.175","0.13774193548387098","0.7847826086956522","0.21135593220338986","0.3288135593220339","0.505"
"1","0.3089411764705882","0.1458823529411765","0.3283529411764706","0.5535294117647059","0.01","1.01","0.01","0.01","0.01","0.01","0.01","0.175","0.13774193548387098","0.7847826086956522","0.21135593220338986","0.3288135593220339","0.505"
"6","0.16529411764705884","0.7554117647058823","0.6738823529411764","0.25070588235294117","0.01","0.01","0.01","1.01","0.01","0.01","0.01","0.175","0.13774193548387098","0.7847826086956522","0.21135593220338986","0.3288135593220339","0.505"
"3","0.8718823529411764","0.7165882352941176","0.5574117647058824","0.8485882352941176","0.01","0.01","0.01","0.01","0.01","1.01","0.01","0.175","0.13774193548387098","0.7847826086956522","0.21135593220338986","0.3288135593220339","0.505"
"3","0.4021176470588235","0.5263529411764706","0.28952941176470587","0.6777647058823529","0.01","0.01","0.01","0.01","0.01","1.01","0.01","0.175","0.13774193548387098","0.7847826086956522","0.21135593220338986","0.3288135593220339","0.505"
"5","0.5069411764705882","0.9301176470588236","0.9650588235294117","0.7243529411764705","0.01","0.01","1.01","0.01","0.01","0.01","0.01","0.175","0.13774193548387098","0.7847826086956522","0.21135593220338986","0.34559322033898304","0.505"
"4","0.274","0.7398823529411765","0.07988235294117646","0.49529411764705883","0.01","0.01","0.01","0.01","0.01","1.01","0.01","0.175","0.13774193548387098","0.7847826086956522","0.21135593220338986","0.34559322033898304","0.505"
"6","0.868","0.09541176470588235","0.5962352941176471","0.6272941176470588","0.01","1.01","0.01","0.01","0.01","0.01","0.01","0.175","0.13774193548387098","0.7847826086956522","0.21135593220338986","0.34559322033898304","0.505"
"5","1.0","0.044941176470588234","0.7282352941176471","0.36717647058823527","0.01","0.01","1.01","0.01","0.01","0.01","0.01","0.175","0.13774193548387098","0.7847826086956522","0.21135593220338986","0.34559322033898304","0.505"
"0","0.7476470588235294","0.49917647058823533","0.9107058823529411","0.794235294117647","1.01","0.01","0.01","0.01","0.01","0.01","0.01","0.175","0.13774193548387098","0.7847826086956522","0.21135593220338986","0.34559322033898304","0.505"
"0","0.5651764705882353","0.8990588235294118","0.3904705882352941","0.8912941176470588","0.01","0.01","0.01","1.01","0.01","0.01","0.01","0.175","0.13774193548387098","0.7847826086956522","0.21135593220338986","0.34559322033898304","0.505"
"6","0.06823529411764706","0.7981176470588235","0.604","0.8524705882352941","1.01","0.01","0.01","0.01","0.01","0.01","0.01","0.175","0.13774193548387098","0.7847826086956522","0.21135593220338986","0.34559322033898304","0.505"
"0","0.8718823529411764","0.2972941176470589","0.01776470588235294","0.7515294117647059","1.01","0.01","0.01","0.01","0.01","0.01","0.01","0.175","0.13774193548387098","0.7847826086956522","0.21135593220338986","0.34559322033898304","0.505"
"6","0.9650588235294117","0.28952941176470587","0.3089411764705882","0.18082352941176472","0.01","0.01","0.01","0.01","0.01","1.01","0.01","0.175","0.13774193548387098","0.7847826086956522","0.21135593220338986","0.34559322033898304","0.505"
"4","0.1963529411764706","0.6389411764705882","0.9534117647058823","0.27788235294117647","0.01","0.01","0.01","1.01","0.01","0.01","0.01","0.175","0.13774193548387098","0.7847826086956522","0.21135593220338986","0.34559322033898304","0.505"
"0","0.7476470588235294","0.9456470588235294","0.7243529411764705","0.04882352941176471","0.01","0.01","0.01","0.01","0.01","0.01","1.01","0.175","0.13774193548387098","0.7847826086956522","0.21135593220338986","0.34559322033898304","0.505"
"1","0.4797647058823529","0.9378823529411765","0.347764705882353","0.8641176470588235","0.01","1.01","0.01","0.01","0.01","0.01","0.01","0.175","0.13774193548387098","0.7847826086956522","0.21135593220338986","0.34559322033898304","0.505"
"9","0.6467058823529412","0.6078823529411764","0.5069411764705882","0.13811764705882354","0.01","0.01","0.01","0.01","0.01","0.01","1.01","0.175","0.13774193548387098","0.7847826086956522","0.21135593220338986","0.3623728813559322","0.505"
"5","0.8524705882352941","0.06435294117647058","0.076","0.4875294117647059","0.01","0.01","0.01","1.01","0.01","0.01","0.01","0.175","0.13774193548387098","0.7847826086956522","0.21135593220338986","0.3623728813559322","0.505"
"8","0.9961176470588236","0.6078823529411764","0.8835294117647059","0.7748235294117647","0.01","0.01","0.01","0.01","0.01","1.01","0.01","0.175","0.13774193548387098","0.7847826086956522","0.21135593220338986","0.3623728813559322","0.505"
"4","0.15364705882352944","0.5962352941176471","0.3438823529411765","0.538","0.01","0.01","0.01","0.01","1.01","0.01","0.01","0.175","0.13774193548387098","0.7847826086956522","0.21135593220338986","0.3623728813559322","0.505"
"2","0.3361176470588235","0.5884705882352942","0.1458823529411765","0.09929411764705881","0.01","0.01","1.01","0.01","0.01","0.01","0.01","0.175","0.13774193548387098","0.7847826086956522","0.21135593220338986","0.3623728813559322","0.505"
"8","0.06823529411764706","0.8563529411764705","0.48364705882352943","0.27788235294117647","1.01","0.01","0.01","0.01","0.01","0.01","0.01","0.175","0.13774193548387098","0.7847826086956522","0.21135593220338986","0.3623728813559322","0.505"
"5","0.347764705882353","0.20800000000000002","0.45647058823529413","0.04882352941176471","0.01","0.01","0.01","0.01","0.01","0.01","1.01","0.175","0.13774193548387098","0.7847826086956522","0.21135593220338986","0.3623728813559322","0.505"
"3","0.22741176470588237","0.07211764705882352","0.14200000000000002","0.4409411764705882","0.01","0.01","0.01","1.01","0.01","0.01","0.01","0.175","0.13774193548387098","0.7847826086956522","0.21135593220338986","0.3623728813559322","0.505"
"1","0.7282352941176471","0.736","0.6777647058823529","0.16141176470588237","0.01","0.01","1.01","0.01","0.01","0.01","0.01","0.175","0.13774193548387098","0.7847826086956522","0.21135593220338986","0.3623728813559322","0.505"
"9","0.10705882352941176","0.08764705882352941","0.25458823529411767","0.20800000000000002","0.01","0.01","0.01","0.01","0.01","1.01","0.01","0.175","0.13774193548387098","0.7847826086956522","0.21135593220338986","0.3623728813559322","0.505"
"1","0.794235294117647","1.0","0.5496470588235294","0.406","0.01","0.01","1.01","0.01","0.01","0.01","0.01","0.175","0.13774193548387098","0.7847826086956522","0.21135593220338986","0.3623728813559322","0.505"
"6","0.5690588235294117","0.6428235294117647","0.17694117647058824","0.3011764705882353","0.01","0.01","0.01","0.01","1.01","0.01","0.01","0.175","0.13774193548387098","0.7847826086956522","0.21135593220338986","0.3623728813559322","0.505"
"8","0.041058823529411766","0.47200000000000003","0.08376470588235294","0.4137647058823529","0.01","0.01","1.01","0.01","0.01","0.01","0.01","0.175","0.13774193548387098","0.7847826086956522","0.21135593220338986","0.3791525423728814","0.505"
"6","0.02164705882352941","0.26235294117647057","0.9262352941176472","0.4797647058823529","0.01","0.01","0.01","1.01","0.01","0.01","0.01","0.175","0.13774193548387098","0.7847826086956522","0.21135593220338986","0.3791525423728814","0.505"
"2","0.743764705882353","0.1458823529411765","0.9223529411764705","0.025529411764705884","0.01","0.01","0.01","0.01","0.01","0.01","1.01","0.175","0.13774193548387098","0.7847826086956522","0.21135593220338986","0.3791525423728814","0.505"
"5","0.09929411764705881","0.1148235294117647","0.06435294117647058","0.4409411764705882","0.01","0.01","1.01","0.01","0.01","0.01","0.01","0.175","0.13774193548387098","0.7847826086956522","0.21135593220338986","0.3791525423728814","0.505"
"2","0.3283529411764706","0.28952941176470587","0.49917647058823533","0.6428235294117647","0.01","0.01","0.01","0.01","0.01","0.01","1.01","0.175","0.13774193548387098","0.7847826086956522","0.21135593220338986","0.3791525423728814","0.505"
"4","0.8912941176470588","0.8214117647058823","0.24682352941176472","0.7592941176470588","0.01","0.01","1.01","0.01","0.01","0.01","0.01","0.175","0.13774193548387098","0.7847826086956522","0.21135593220338986","0.3791525423728814","0.505"
"8","0.6971764705882353","0.6078823529411764","0.14976470588235294","0.13811764705882354","0.01","1.01","0.01","0.01","0.01","0.01","0.01","0.175","0.13774193548387098","0.7847826086956522","0.21135593220338986","0.3791525423728814","0.505"
"3","0.16917647058823532","0.9029411764705882","0.5457647058823529","0.09929411764705881","0.01","0.01","0.01","0.01","1.01","0.01","0.01","0.175","0.13774193548387098","0.7847826086956522","0.21135593220338986","0.3791525423728814","0.505"
"1","0.2390588235294118","0.3632941176470588","0.25458823529411767","0.274","1.01","0.01","0.01","0.01","0.01","0.01","0.01","0.175","0.13774193548387098","0.7847826086956522","0.21135593220338986","0.3791525423728814","0.505"
"9","0.5923529411764706","0.5185882352941176","0.3632941176470588","0.941764705882353","1.01","0.01","0.01","0.01","0.01","0.01","0.01","0.175","0.13774193548387098","0.7847826086956522","0.21135593220338986","0.3791525423728814","0.505"
"8","0.09152941176470587","0.20023529411764707","0.09929411764705881","0.8874117647058823","0.01","0.01","0.01","0.01","1.01","0.01","0.01","0.175","0.13774193548387098","0.7847826086956522","0.21135593220338986","0.3791525423728814","0.505"
"6","0.11094117647058822","0.1264705882352941","0.5263529411764706","0.8912941176470588","0.01","0.01","0.01","1.01","0.01","0.01","0.01","0.175","0.13774193548387098","0.7847826086956522","0.21135593220338986","0.3791525423728814","0.505"
"5","0.8524705882352941","0.24294117647058824","0.07988235294117646","0.20023529411764707","1.01","0.01","0.01","0.01","0.01","0.01","0.01","0.175","0.13774193548387098","0.7847826086956522","0.21135593220338986","0.39593220338983054","0.505"
"9","0.09929411764705881","0.7631764705882352","0.3516470588235294","0.9029411764705882","0.01","1.01","0.01","0.01","0.01","0.01","0.01","0.175","0.13774193548387098","0.7847826086956522","0.21135593220338986","0.39593220338983054","0.505"
"7","0.5768235294117646","0.5729411764705882","0.25458823529411767","0.5574117647058824","0.01","0.01","0.01","0.01","0.01","1.01","0.01","0.175","0.13774193548387098","0.7847826086956522","0.21135593220338986","0.39593220338983054","0.505"
"1","0.1303529411764706","0.0371764705882353","0.9495294117647058","0.1264705882352941","0.01","0.01","0.01","0.01","0.01","0.01","1.01","0.175","0.13774193548387098","0.7847826086956522","0.21135593220338986","0.39593220338983054","0.505"
"4","0.9029411764705882","0.3632941176470588","0.3322352941176471","0.4603529411764706","0.01","0.01","0.01","0.01","0.01","0.01","1.01","0.175","0.13774193548387098","0.7847826086956522","0.21135593220338986","0.39593220338983054","0.505"
"0","0.09929411764705881","0.6855294117647059","0.2856470588235294","0.7981176470588235","0.01","0.01","0.01","0.01","0.01","0.01","1.01","0.175","0.13774193548387098","0.7847826086956522","0.21135593220338986","0.39593220338983054","0.505"
"1","0.08376470588235294","0.7864705882352941","0.4681176470588236","0.7204705882352941","0.01","0.01","0.01","0.01","0.01","0.01","1.01","0.175","0.13774193548387098","0.7847826086956522","0.21135593220338986","0.39593220338983054","0.505"
"4","0.9534117647058823","0.19247058823529414","0.8641176470588235","0.6117647058823529","1.01","0.01","0.01","0.01","0.01","0.01","0.01","0.175","0.13774193548387098","0.7847826086956522","0.21135593220338986","0.39593220338983054","0.505"
"5","0.1303529411764706","0.05658823529411765","0.5108235294117647","0.406","0.01","0.01","0.01","0.01","0.01","1.01","0.01","0.175","0.13774193548387098","0.7847826086956522","0.21135593220338986","0.39593220338983054","0.505"
"5","0.04882352941176471","0.3632941176470588","0.025529411764705884","0.01388235294117647","0.01","0.01","0.01","1.01","0.01","0.01","0.01","0.175","0.13774193548387098","0.7847826086956522","0.21135593220338986","0.39593220338983054","0.505"
"9","0.3089411764705882","0.8291764705882353","0.9534117647058823","0.794235294117647","0.01","0.01","1.01","0.01","0.01","0.01","0.01","0.175","0.13774193548387098","0.7847826086956522","0.21135593220338986","0.39593220338983054","0.505"
"2","0.06435294117647058","0.7476470588235294","0.8369411764705883","0.9495294117647058","0.01","0.01","1.01","0.01","0.01","0.01","0.01","0.175","0.13774193548387098","0.7847826086956522","0.21135593220338986","0.39593220338983054","0.505"
"9","0.9262352941176472","0.19247058823529414","0.6389411764705882","0.4603529411764706","0.01","0.01","0.01","0.01","0.01","1.01","0.01","0.175","0.13774193548387098","0.7847826086956522","0.21135593220338986","0.4127118644067797","0.505"
"9","0.7903529411764706","0.16917647058823532","0.8408235294117647","0.9689411764705882","0.01","1.01","0.01","0.01","0.01","0.01","0.01","0.175","0.13774193548387098","0.7847826086956522","0.21135593220338986","0.4127118644067797","0.505"
"6","0.8796470588235294","0.406","0.662235294117647","0.3438823529411765","0.01","1.01","0.01","0.01","0.01","0.01","0.01","0.175","0.13774193548387098","0.7847826086956522","0.21135593220338986","0.4127118644067797","0.505"
"0","0.934","0.7515294117647059","0.7709411764705882","0.05658823529411765","0.01","0.01","0.01","0.01","0.01","0.01","1.01","0.175","0.13774193548387098","0.7847826086956522","0.21135593220338986","0.4127118644067797","0.505"
"6","0.7321176470588235","0.35552941176470587","0.5496470588235294","0.934","0.01","0.01","0.01","0.01","0.01","1.01","0.01","0.175","0.13774193548387098","0.7847826086956522","0.21135593220338986","0.4127118644067797","0.505"
"8","0.01","0.36717647058823527","0.464235294117647","0.3205882352941177","1.01","0.01","0.01","0.01","0.01","0.01","0.01","0.175","0.13774193548387098","0.7847826086956522","0.21135593220338986","0.4127118644067797","0.505"
"7","0.4487058823529412","0.06435294117647058","0.25458823529411767","0.274","0.01","0.01","0.01","0.01","0.01","0.01","1.01","0.175","0.13774193548387098","0.7847826086956522","0.21135593220338986","0.4127118644067797","0.505"
"2","0.5302352941176471","0.21188235294117647","0.9689411764705882","0.5496470588235294","0.01","0.01","0.01","1.01","0.01","0.01","0.01","0.175","0.13774193548387098","0.7847826086956522","0.21135593220338986","0.4127118644067797","0.505"
"7","0.3244705882352941","0.044941176470588234","0.7088235294117647","0.736","0.01","0.01","0.01","0.01","0.01","1.01","0.01","0.175","0.13774193548387098","0.7847826086956522","0.21135593220338986","0.4127118644067797","0.505"
"3","0.5496470588235294","0.7243529411764705","0.3089411764705882","0.7631764705882352","0.01","1.01","0.01","0.01","0.01","0.01","0.01","0.175","0.13774193548387098","0.7847826086956522","0.21135593220338986","0.4127118644067797","0.505"
"1","0.347764705882353","0.3632941176470588","0.9301176470588236","0.18082352941176472","0.01","1.01","0.01","0.01","0.01","0.01","0.01","0.175","0.13774193548387098","0.7847826086956522","0.21135593220338986","0.4127118644067797","0.505"
"4","0.23129411764705884","0.6001176470588235","0.7592941176470588","0.8097647058823529","0.01","0.01","0.01","0.01","1.01","0.01","0.01","0.175","0.13774193548387098","0.7847826086956522","0.21135593220338986","0.4127118644067797","0.505"
"2","0.918470588235294","0.7476470588235294","0.2235294117647059","0.9883529411764707","0.01","0.01","0.01","0.01","0.01","1.01","0.01","0.175","0.13774193548387098","0.7847826086956522","0.21135593220338986","0.4294915254237288","0.505"
"0","0.6699999999999999","0.2856470588235294","0.1303529411764706","0.8912941176470588","0.01","1.01","0.01","0.01","0.01","0.01","0.01","0.175","0.13774193548387098","0.7847826086956522","0.21135593220338986","0.4294915254237288","0.505"
"5","0.9883529411764707","0.918470588235294","0.27788235294117647","0.9650588235294117","0.01","0.01","0.01","0.01","0.01","1.01","0.01","0.175","0.13774193548387098","0.7847826086956522","0.21135593220338986","0.4294915254237288","0.505"
"6","0.4254117647058824","0.23129411764705884","0.3322352941176471","0.7787058823529412","0.01","0.01","1.01","0.01","0.01","0.01","0.01","0.175","0.13774193548387098","0.7847826086956522","0.21135593220338986","0.4294915254237288","0.505"
"0","0.8291764705882353","0.20800000000000002","0.1303529411764706","0.8252941176470587","1.01","0.01","0.01","0.01","0.01","0.01","0.01","0.175","0.13774193548387098","0.7847826086956522","0.21135593220338986","0.4294915254237288","0.505"
"7","0.9767058823529412","0.7631764705882352","0.3749411764705883","0.7709411764705882","0.01","1.01","0.01","0.01","0.01","0.01","0.01","0.175","0.13774193548387098","0.7847826086956522","0.21135593220338986","0.4294915254237288","0.505"
"4","0.01776470588235294","0.7670588235294117","0.06823529411764706","0.7321176470588235","1.01","0.01","0.01","0.01","0.01","0.01","0.01","0.175","0.13774193548387098","0.7847826086956522","0.21135593220338986","0.4294915254237288","0.505"
"9","0.5845882352941177","0.743764705882353","0.8874117647058823","0.9068235294117647","0.01","0.01","0.01","0.01","1.01","0.01","0.01","0.175","0.13774193548387098","0.7847826086956522","0.21135593220338986","0.4294915254237288","0.505"
"2","0.6311764705882353","0.5224705882352941","0.7165882352941176","0.8369411764705883","0.01","0.01","1.01","0.01","0.01","0.01","0.01","0.175","0.13774193548387098","0.7847826086956522","0.21135593220338986","0.4294915254237288","0.505"
"0","0.16141176470588237","0.01388235294117647","0.09541176470588235","0.02164705882352941","0.01","0.01","0.01","0.01","0.01","1.01","0.01","0.175","0.13774193548387098","0.7847826086956522","0.21135593220338986","0.4294915254237288","0.505"
"1","0.8058823529411765","0.45647058823529413","0.13811764705882354","0.07988235294117646","0.01","0.01","0.01","0.01","0.01","1.01","0.01","0.175","0.13774193548387098","0.7847826086956522","0.21135593220338986","0.446271186440678","0.505"
"9","0.4137647058823529","0.029411764705882353","0.8524705882352941","0.03329411764705882","0.01","0.01","0.01","0.01","0.01","0.01","1.01","0.175","0.13774193548387098","0.7847826086956522","0.21135593220338986","0.446271186440678","0.505"
"4","0.9883529411764707","0.45647058823529413","0.9572941176470589","0.5341176470588236","0.01","0.01","0.01","1.01","0.01","0.01","0.01","0.175","0.13774193548387098","0.7847826086956522","0.21135593220338986","0.446271186440678","0.505"
"3","0.9456470588235294","0.41764705882352937","0.4292941176470588","0.347764705882353","0.01","1.01","0.01","0.01","0.01","0.01","0.01","0.175","0.13774193548387098","0.7847826086956522","0.21135593220338986","0.446271186440678","0.505"
"1","0.802","0.5030588235294118","0.3322352941176471","0.8369411764705883","0.01","0.01","0.01","1.01","0.01","0.01","0.01","0.175","0.13774193548387098","0.7847826086956522","0.21135593220338986","0.446271186440678","0.505"
"4","0.8136470588235294","0.281764705882353","0.08764705882352941","0.41764705882352937","0.01","0.01","1.01","0.01","0.01","0.01","0.01","0.175","0.13774193548387098","0.7847826086956522","0.21135593220338986","0.446271186440678","0.505"
"6","0.7825882352941177","0.538","0.20800000000000002","0.604","0.01","0.01","0.01","0.01","0.01","1.01","0.01","0.175","0.13774193548387098","0.7847826086956522","0.21135593220338986","0.446271186440678","0.505"
"3","0.9301176470588236","0.5729411764705882","0.5185882352941176","0.9572941176470589","0.01","0.01","0.01","0.01","1.01","0.01","0.01","0.175","0.13774193548387098","0.7847826086956522","0.21135593220338986","0.446271186440678","0.505"
"0","0.8058823529411765","0.42152941176470593","0.09152941176470587","0.1303529411764706","1.01","0.01","0.01","0.01","0.01","0.01","0.01","0.175","0.13774193548387098","0.7847826086956522","0.21135593220338986","0.446271186440678","0.505"
"3","0.6894117647058824","0.918470588235294","0.7321176470588235","0.7903529411764706","0.01","0.01","1.01","0.01","0.01","0.01","0.01","0.175","0.13774193548387098","0.7847826086956522","0.21135593220338986","0.446271186440678","0.505"
"0","0.2351764705882353","0.08764705882352941","0.7631764705882352","0.9728235294117646","0.01","0.01","0.01","0.01","1.01","0.01","0.01","0.175","0.13774193548387098","0.7847826086956522","0.21135593220338986","0.446271186440678","0.505"
"3","0.26235294117647057","0.15364705882352944","0.7321176470588235","0.4487058823529412","0.01","0.01","0.01","1.01","0.01","0.01","0.01","0.175","0.13774193548387098","0.7847826086956522","0.21135593220338986","0.446271186440678","0.505"
"8","0.8214117647058823","0.08376470588235294","0.4525882352941177","0.5147058823529411","0.01","0.01","0.01","0.01","0.01","0.01","1.01","0.175","0.13774193548387098","0.7847826086956522","0.21135593220338986","0.46305084745762715","0.505"
"6","0.7554117647058823","0.09152941176470587","0.44482352941176473","0.44482352941176473","1.01","0.01","0.01","0.01","0.01","0.01","0.01","0.175","0.13774193548387098","0.7847826086956522","0.21135593220338986","0.46305084745762715","0.505"
"1","0.03329411764705882","0.25070588235294117","0.05270588235294118","0.5768235294117646","0.01","0.01","0.01","1.01","0.01","0.01","0.01","0.175","0.13774193548387098","0.7847826086956522","0.21135593220338986","0.46305084745762715","0.505"
"2","0.7398823529411765","0.868","0.3632941176470588","0.49529411764705883","1.01","0.01","0.01","0.01","0.01","0.01","0.01","0.175","0.13774193548387098","0.7847826086956522","0.21135593220338986","0.46305084745762715","0.505"
"2","0.8214117647058823","0.9301176470588236","0.5030588235294118","0.8408235294117647","0.01","0.01","0.01","0.01","0.01","1.01","0.01","0.175","0.13774193548387098","0.7847826086956522","0.21135593220338986","0.46305084745762715","0.505"
"3","0.17694117647058824","0.9650588235294117","0.4914117647058823","0.10705882352941176","0.01","0.01","0.01","1.01","0.01","0.01","0.01","0.175","0.13774193548387098","0.7847826086956522","0.21135593220338986","0.46305084745762715","0.505"
"1","0.8408235294117647","0.9961176470588236","0.20023529411764707","0.8485882352941176","0.01","0.01","1.01","0.01","0.01","0.01","0.01","0.175","0.13774193548387098","0.7847826086956522","0.21135593220338986","0.46305084745762715","0.505"
"1","0.5341176470588236","0.11094117647058822","0.5768235294117646","0.347764705882353","0.01","0.01","0.01","0.01","0.01","1.01","0.01","0.175","0.13774193548387098","0.7847826086956522","0.21135593220338986","0.46305084745762715","0.505"
"3","0.8718823529411764","0.5884705882352942","0.6816470588235295","0.20411764705882354","0.01","0.01","0.01","0.01","0.01","0.01","1.01","0.175","0.13774193548387098","0.7847826086956522","0.21135593220338986","0.46305084745762715","0.505"
"0","0.6855294117647059","0.9495294117647058","0.6971764705882353","0.794235294117647","0.01","0.01","0.01","0.01","0.01","1.01","0.01","0.175","0.13774193548387098","0.7847826086956522","0.21135593220338986","0.46305084745762715","0.505"
"6","0.8524705882352941","0.5923529411764706","0.7204705882352941","0.5185882352941176","0.01","0.01","0.01","0.01","0.01","1.01","0.01","0.175","0.13774193548387098","0.7847826086956522","0.21135593220338986","0.4798305084745763","0.505"
"7","0.1458823529411765","0.07988235294117646","0.09152941176470587","0.8874117647058823","0.01","0.01","0.01","0.01","1.01","0.01","0.01","0.175","0.13774193548387098","0.7847826086956522","0.21135593220338986","0.4798305084745763","0.505"
"0","0.5069411764705882","0.13811764705882354","0.4370588235294118","0.406","0.01","0.01","0.01","0.01","1.01","0.01","0.01","0.175","0.13774193548387098","0.7847826086956522","0.21135593220338986","0.4798305084745763","0.505"
"0","0.5884705882352942","0.06823529411764706","0.1458823529411765","0.5690588235294117","0.01","0.01","0.01","1.01","0.01","0.01","0.01","0.175","0.13774193548387098","0.7847826086956522","0.21135593220338986","0.4798305084745763","0.505"
"4","0.6272941176470588","0.20800000000000002","0.36717647058823527","0.10317647058823529","0.01","0.01","0.01","0.01","1.01","0.01","0.01","0.175","0.13774193548387098","0.7847826086956522","0.21135593220338986","0.4798305084745763","0.505"
"3","0.3827058823529412","0.4603529411764706","0.23129411764705884","0.3827058823529412","0.01","0.01","0.01","0.01","0.01","0.01","1.01","0.175","0.13774193548387098","0.7847826086956522","0.21135593220338986","0.4798305084745763","0.505"
"1","0.5457647058823529","0.5729411764705882","0.5496470588235294","0.9223529411764705","0.01","0.01","0.01","0.01","0.01","1.01","0.01","0.175","0.13774193548387098","0.7847826086956522","0.21135593220338986","0.4798305084745763","0.505"
"4","0.5574117647058824","0.8136470588235294","0.941764705882353","0.10705882352941176","0.01","0.01","0.01","0.01","1.01","0.01","0.01","0.175","0.13774193548387098","0.7847826086956522","0.21135593220338986","0.4798305084745763","0.505"
"5","0.3516470588235294","0.5807058823529412","0.8136470588235294","0.8718823529411764","0.01","1.01","0.01","0.01","0.01","0.01","0.01","0.175","0.13774193548387098","0.7847826086956522","0.21135593220338986","0.4798305084745763","0.505"
"1","0.5418823529411765","0.21964705882352942","0.3749411764705883","0.076","0.01","0.01","0.01","0.01","0.01","0.01","1.01","0.175","0.13774193548387098","0.7847826086956522","0.21135593220338986","0.4798305084745763","0.505"
"6","0.35552941176470587","0.17305882352941176","0.3788235294117647","0.9572941176470589","0.01","0.01","0.01","0.01","0.01","1.01","0.01","0.175","0.13774193548387098","0.7847826086956522","0.21135593220338986","0.4798305084745763","0.505"
"2","0.8874117647058823","0.07988235294117646","0.25458823529411767","0.6195294117647059","1.01","0.01","0.01","0.01","0.01","0.01","0.01","0.175","0.13774193548387098","0.7847826086956522","0.21135593220338986","0.4798305084745763","0.505"
"0","0.8252941176470587","0.5807058823529412","0.47200000000000003","0.16529411764705884","0.01","1.01","0.01","0.01","0.01","0.01","0.01","0.175","0.13774193548387098","0.7847826086956522","0.21135593220338986","0.4966101694915255","0.505"
"9","0.025529411764705884","0.7670588235294117","0.9728235294117646","0.4681176470588236","0.01","1.01","0.01","0.01","0.01","0.01","0.01","0.175","0.13774193548387098","0.7847826086956522","0.21135593220338986","0.4966101694915255","0.505"
"4","0.30505882352941177","0.8563529411764705","0.7709411764705882","0.9572941176470589","0.01","1.01","0.01","0.01","0.01","0.01","0.01","0.175","0.13774193548387098","0.7847826086956522","0.21135593220338986","0.4966101694915255","0.505"
"9","0.1575294117647059","0.8330588235294119","0.5729411764705882","0.2856470588235294","0.01","1.01","0.01","0.01","0.01","0.01","0.01","0.175","0.13774193548387098","0.7847826086956522","0.21135593220338986","0.4966101694915255","0.505"
"9","0.6583529411764706","0.5807058823529412","0.24682352941176472","0.3749411764705883","0.01","0.01","0.01","0.01","0.01","1.01","0.01","0.175","0.13774193548387098","0.7847826086956522","0.21135593220338986","0.4966101694915255","0.505"
"5","0.09541176470588235","0.7049411764705882","0.39435294117647063","0.7282352941176471","0.01","0.01","0.01","0.01","0.01","0.01","1.01","0.175","0.13774193548387098","0.7847826086956522","0.21135593220338986","0.4966101694915255","0.505"
"7","0.5302352941176471","0.743764705882353","0.7088235294117647","0.8447058823529412","1.01","0.01","0.01","0.01","0.01","0.01","0.01","0.175","0.13774193548387098","0.7847826086956522","0.21135593220338986","0.4966101694915255","0.505"
"2","0.7631764705882352","0.076","0.3205882352941177","0.8641176470588235","0.01","1.01","0.01","0.01","0.01","0.01","0.01","0.175","0.13774193548387098","0.7847826086956522","0.21135593220338986","0.4966101694915255","0.505"
"8","0.8175294117647058","0.7825882352941177","0.9107058823529411","0.09541176470588235","0.01","0.01","0.01","0.01","1.01","0.01","0.01","0.175","0.13774193548387098","0.7847826086956522","0.21135593220338986","0.4966101694915255","0.505"
"6","0.41764705882352937","0.8369411764705883","0.7864705882352941","0.12258823529411764","1.01","0.01","0.01","0.01","0.01","0.01","0.01","0.175","0.13774193548387098","0.7847826086956522","0.21135593220338986","0.4966101694915255","0.505"
"1","0.2972941176470589","0.5224705882352941","0.07988235294117646","0.4487058823529412","0.01","0.01","0.01","1.01","0.01","0.01","0.01","0.175","0.13774193548387098","0.7847826086956522","0.21135593220338986","0.4966101694915255","0.505"
"8","0.05270588235294118","0.6544705882352941","0.6699999999999999","0.7049411764705882","0.01","0.01","0.01","0.01","0.01","1.01","0.01","0.175","0.13774193548387098","0.7847826086956522","0.21135593220338986","0.5133898305084745","0.505"
"2","0.8757647058823529","0.17305882352941176","0.9767058823529412","0.33999999999999997","0.01","0.01","0.01","0.01","1.01","0.01","0.01","0.175","0.13774193548387098","0.7847826086956522","0.21135593220338986","0.5133898305084745","0.505"
"6","0.18858823529411764","0.4914117647058823","0.16917647058823532","0.6078823529411764","0.01","0.01","0.01","0.01","1.01","0.01","0.01","0.175","0.13774193548387098","0.7847826086956522","0.21135593220338986","0.5133898305084745","0.505"
"3","0.01","0.4137647058823529","0.8990588235294118","0.5690588235294117","1.01","0.01","0.01","0.01","0.01","0.01","0.01","0.175","0.13774193548387098","0.7847826086956522","0.21135593220338986","0.5133898305084745","0.505"
"3","0.0371764705882353","0.6544705882352941","0.5845882352941177","0.01","0.01","0.01","0.01","0.01","0.01","1.01","0.01","0.175","0.13774193548387098","0.7847826086956522","0.21135593220338986","0.5133898305084745","0.505"
"7","0.7088235294117647","0.3438823529411765","0.5108235294117647","0.09152941176470587","0.01","0.01","0.01","0.01","0.01","0.01","1.01","0.175","0.13774193548387098","0.7847826086956522","0.21135593220338986","0.5133898305084745","0.505"
"8","0.7825882352941177","0.3865882352941176","0.7165882352941176","0.934","0.01","1.01","0.01","0.01","0.01","0.01","0.01","0.175","0.13774193548387098","0.7847826086956522","0.21135593220338986","0.5133898305084745","0.505"
"8","0.24294117647058824","0.6078823529411764","0.5651764705882353","0.5612941176470588","0.01","0.01","0.01","0.01","0.01","1.01","0.01","0.175","0.13774193548387098","0.7847826086956522","0.21135593220338986","0.5133898305084745","0.505"
"8","0.9495294117647058","0.076","0.406","0.07988235294117646","0.01","1.01","0.01","0.01","0.01","0.01","0.01","0.175","0.13774193548387098","0.7847826086956522","0.21135593220338986","0.5133898305084745","0.505"
"1","0.6661176470588235","0.01776470588235294","0.7631764705882352","0.3865882352941176","0.01","0.01","0.01","0.01","0.01","1.01","0.01","0.175","0.13774193548387098","0.7847826086956522","0.21135593220338986","0.5133898305084745","0.505"
"9","0.3244705882352941","0.3749411764705883","0.8175294117647058","0.3632941176470588","0.01","0.01","0.01","0.01","0.01","1.01","0.01","0.175","0.13774193548387098","0.7847826086956522","0.21135593220338986","0.5301694915254238","0.505"
"4","0.7282352941176471","0.9068235294117647","0.4098823529411765","0.9922352941176471","0.01","0.01","0.01","0.01","0.01","1.01","0.01","0.175","0.13774193548387098","0.7847826086956522","0.21135593220338986","0.5301694915254238","0.505"
"6","0.7825882352941177","0.5612941176470588","0.9495294117647058","0.09929411764705881","0.01","0.01","1.01","0.01","0.01","0.01","0.01","0.175","0.13774193548387098","0.7847826086956522","0.21135593220338986","0.5301694915254238","0.505"
"1","0.5807058823529412","0.7864705882352941","0.7049411764705882","0.3011764705882353","0.01","1.01","0.01","0.01","0.01","0.01","0.01","0.175","0.13774193548387098","0.7847826086956522","0.21135593220338986","0.5301694915254238","0.505"
"0","0.6583529411764706","0.8058823529411765","0.7321176470588235","1.0","0.01","1.01","0.01","0.01","0.01","0.01","0.01","0.175","0.13774193548387098","0.7847826086956522","0.21135593220338986","0.5301694915254238","0.505"
"2","0.934","0.3244705882352941","0.5418823529411765","0.7243529411764705","0.01","0.01","0.01","0.01","0.01","1.01","0.01","0.175","0.13774193548387098","0.7847826086956522","0.21135593220338986","0.5301694915254238","0.505"
"1","0.2351764705882353","0.6738823529411764","0.06435294117647058","0.5496470588235294","1.01","0.01","0.01","0.01","0.01","0.01","0.01","0.175","0.13774193548387098","0.7847826086956522","0.21135593220338986","0.5301694915254238","0.505"
"8","0.25458823529411767","0.5302352941176471","0.3594117647058824","0.3516470588235294","0.01","0.01","0.01","0.01","1.01","0.01","0.01","0.175","0.13774193548387098","0.7847826086956522","0.21135593220338986","0.5301694915254238","0.505"
"1","0.4137647058823529","0.5768235294117646","0.20411764705882354","0.44482352941176473","0.01","0.01","1.01","0.01","0.01","0.01","0.01","0.175","0.13774193548387098","0.7847826086956522","0.21135593220338986","0.5301694915254238","0.505"
"7","0.4409411764705882","0.3827058823529412","0.6971764705882353","0.36717647058823527","0.01","0.01","0.01","1.01","0.01","0.01","0.01","0.175","0.13774193548387098","0.7847826086956522","0.21135593220338986","0.5301694915254238","0.505"
"0","0.17694117647058824","0.18858823529411764","0.7787058823529412","0.044941176470588234","0.01","0.01","0.01","0.01","0.01","0.01","1.01","0.175","0.13774193548387098","0.7847826086956522","0.21135593220338986","0.5301694915254238","0.505"
"6","0.7165882352941176","0.11870588235294117","0.044941176470588234","0.9262352941176472","0.01","1.01","0.01","0.01","0.01","0.01","0.01","0.175","0.13774193548387098","0.7847826086956522","0.21135593220338986","0.5301694915254238","0.505"
"8","0.7554117647058823","0.16141176470588237","0.03329411764705882","0.9534117647058823","0.01","0.01","0.01","1.01","0.01","0.01","0.01","0.175","0.13774193548387098","0.7847826086956522","0.21135593220338986","0.5469491525423729","0.505"
"3","0.3594117647058824","0.6234117647058823","0.22741176470588237","0.6467058823529412","0.01","0.01","0.01","0.01","0.01","0.01","1.01","0.175","0.13774193548387098","0.7847826086956522","0.21135593220338986","0.5469491525423729","0.505"
"1","0.8912941176470588","0.8136470588235294","0.9689411764705882","0.5263529411764706","0.01","0.01","1.01","0.01","0.01","0.01","0.01","0.175","0.13774193548387098","0.7847826086956522","0.21135593220338986","0.5469491525423729","0.505"
"8","0.20411764705882354","0.42152941176470593","0.6855294117647059","0.076","0.01","1.01","0.01","0.01","0.01","0.01","0.01","0.175","0.13774193548387098","0.7847826086956522","0.21135593220338986","0.5469491525423729","0.505"
"6","0.7204705882352941","0.6583529411764706","0.076","0.3749411764705883","0.01","1.01","0.01","0.01","0.01","0.01","0.01","0.175","0.13774193548387098","0.7847826086956522","0.21135593220338986","0.5469491525423729","0.505"
"8","0.5108235294117647","0.5224705882352941","0.14200000000000002","0.12258823529411764","0.01","0.01","1.01","0.01","0.01","0.01","0.01","0.175","0.13774193548387098","0.7847826086956522","0.21135593220338986","0.5469491525423729","0.505"
"6","0.35552941176470587","0.4292941176470588","0.01776470588235294","0.604","0.01","0.01","0.01","0.01","0.01","0.01","1.01","0.175","0.13774193548387098","0.7847826086956522","0.21135593220338986","0.5469491525423729","0.505"
"0","0.9534117647058823","0.7981176470588235","0.1963529411764706","0.2934117647058823","0.01","0.01","0.01","1.01","0.01","0.01","0.01","0.175","0.13774193548387098","0.7847826086956522","0.21135593220338986","0.5469491525423729","0.505"
"9","0.13423529411764706","0.25458823529411767","0.4603529411764706","0.7398823529411765","0.01","0.01","0.01","0.01","0.01","0.01","1.01","0.175","0.13774193548387098","0.7847826086956522","0.21135593220338986","0.5469491525423729","0.505"
"5","0.8757647058823529","0.4797647058823529","0.1148235294117647","0.8874117647058823","0.01","0.01","1.01","0.01","0.01","0.01","0.01","0.175","0.13774193548387098","0.7847826086956522","0.21135593220338986","0.5469491525423729","0.505"
"6","0.08764705882352941","0.6544705882352941","0.4254117647058824","0.3205882352941177","0.01","0.01","1.01","0.01","0.01","0.01","0.01","0.175","0.13774193548387098","0.7847826086956522","0.21135593220338986","0.5469491525423729","0.505"
"6","0.26235294117647057","0.8718823529411764","0.076","0.12258823529411764","0.01","0.01","0.01","0.01","0.01","1.01","0.01","0.175","0.13774193548387098","0.7847826086956522","0.21135593220338986","0.5469491525423729","0.505"
"7","0.6350588235294118","0.9262352941176472","0.3788235294117647","0.47200000000000003","1.01","0.01","0.01","0.01","0.01","0.01","0.01","0.175","0.13774193548387098","0.7847826086956522","0.21135593220338986","0.563728813559322","0.505"
"1","0.20023529411764707","0.28952941176470587","0.25070588235294117","0.9728235294117646","0.01","1.01","0.01","0.01","0.01","0.01","0.01","0.175","0.13774193548387098","0.7847826086956522","0.21135593220338986","0.563728813559322","0.505"
"0","0.794235294117647","0.3710588235294118","0.3982352941176471","0.2934117647058823","0.01","0.01","0.01","0.01","0.01","0.01","1.01","0.175","0.13774193548387098","0.7847826086956522","0.21135593220338986","0.563728813559322","0.505"
"9","0.464235294117647","0.2351764705882353","0.26623529411764707","0.09929411764705881","0.01","0.01","1.01","0.01","0.01","0.01","0.01","0.175","0.13774193548387098","0.7847826086956522","0.21135593220338986","0.563728813559322","0.505"
"2","0.6932941176470588","0.7049411764705882","0.3438823529411765","0.5069411764705882","0.01","0.01","0.01","0.01","0.01","1.01","0.01","0.175","0.13774193548387098","0.7847826086956522","0.21135593220338986","0.563728813559322","0.505"
"0","0.35552941176470587","0.08376470588235294","0.5962352941176471","0.03329411764705882","1.01","0.01","0.01","0.01","0.01","0.01","0.01","0.175","0.13774193548387098","0.7847826086956522","0.21135593220338986","0.563728813559322","0.505"
"4","0.9767058823529412","0.9611764705882353","0.27788235294117647","0.8835294117647059","0.01","0.01","1.01","0.01","0.01","0.01","0.01","0.175","0.13774193548387098","0.7847826086956522","0.21135593220338986","0.563728813559322","0.505"
"0","0.5574117647058824","0.8214117647058823","0.09929411764705881","0.6816470588235295","0.01","0.01","1.01","0.01","0.01","0.01","0.01","0.175","0.13774193548387098","0.7847826086956522","0.21135593220338986","0.563728813559322","0.505"
"2","0.11870588235294117","0.934","0.5807058823529412","0.4914117647058823","0.01","0.01","0.01","0.01","1.01","0.01","0.01","0.175","0.13774193548387098","0.7847826086956522","0.21135593220338986","0.563728813559322","0.505"
"5","0.06435294117647058","0.7709411764705882","0.8291764705882353","0.6932941176470588","0.01","0.01","0.01","0.01","1.01","0.01","0.01","0.175","0.13774193548387098","0.7847826086956522","0.21135593220338986","0.563728813559322","0.505"
"3","0.8757647058823529","0.9029411764705882","0.3865882352941176","0.5729411764705882","0.01","0.01","1.01","0.01","0.01","0.01","0.01","0.175","0.13774193548387098","0.7847826086956522","0.21135593220338986","0.563728813559322","0.505"
"2","0.8796470588235294","0.6777647058823529","0.9301176470588236","0.025529411764705884","0.01","1.01","0.01","0.01","0.01","0.01","0.01","0.175","0.13774193548387098","0.7847826086956522","0.21135593220338986","0.563728813559322","0.505"
"7","0.18082352941176472","0.743764705882353","0.5496470588235294","0.5418823529411765","0.01","0.01","0.01","1.01","0.01","0.01","0.01","0.175","0.13774193548387098","0.7847826086956522","0.21135593220338986","0.5805084745762712","0.505"
"1","0.6078823529411764","0.2235294117647059","0.5690588235294117","0.5302352941176471","0.01","0.01","0.01","0.01","1.01","0.01","0.01","0.175","0.13774193548387098","0.7847826086956522","0.21135593220338986","0.5805084745762712","0.505"
"4","0.9301176470588236","0.274","0.8175294117647058","0.31670588235294117","1.01","0.01","0.01","0.01","0.01","0.01","0.01","0.175","0.13774193548387098","0.7847826086956522","0.21135593220338986","0.5805084745762712","0.505"
"8","0.4098823529411765","0.09152941176470587","0.9107058823529411","0.3710588235294118","1.01","0.01","0.01","0.01","0.01","0.01","0.01","0.175","0.13774193548387098","0.7847826086956522","0.21135593220338986","0.5805084745762712","0.505"
"1","0.9844705882352941","0.7282352941176471","0.3788235294117647","0.6195294117647059","0.01","1.01","0.01","0.01","0.01","0.01","0.01","0.175","0.13774193548387098","0.7847826086956522","0.21135593220338986","0.5805084745762712","0.505"
"2","0.6971764705882353","0.22741176470588237","0.7398823529411765","0.2390588235294118","0.01","0.01","0.01","0.01","0.01","0.01","1.01","0.175","0.13774193548387098","0.7847826086956522","0.21135593220338986","0.5805084745762712","0.505"
"0","1.0","0.6932941176470588","0.8136470588235294","0.9767058823529412","0.01","1.01","0.01","0.01","0.01","0.01","0.01","0.175","0.13774193548387098","0.7847826086956522","0.21135593220338986","0.5805084745762712","0.505"
"0","0.347764705882353","0.4021176470588235","0.5302352941176471","0.13811764705882354","0.01","1.01","0.01","0.01","0.01","0.01","0.01","0.175","0.13774193548387098","0.7847826086956522","0.21135593220338986","0.5805084745762712","0.505"
"7","0.274","0.7243529411764705","0.5768235294117646","0.9029411764705882","0.01","1.01","0.01","0.01","0.01","0.01","0.01","0.175","0.13774193548387098","0.7847826086956522","0.21135593220338986","0.5805084745762712","0.505"
"5","0.7243529411764705","0.4914117647058823","0.4681176470588236","0.6467058823529412","1.01","0.01","0.01","0.01","0.01","0.01","0.01","0.175","0.13774193548387098","0.7847826086956522","0.21135593220338986","0.5805084745762712","0.505"
"6","0.9767058823529412","0.6389411764705882","0.662235294117647","0.5923529411764706","0.01","0.01","0.01","0.01","1.01","0.01","0.01","0.175","0.13774193548387098","0.7847826086956522","0.21135593220338986","0.5972881355932204","0.505"
"5","0.918470588235294","0.9805882352941176","0.49917647058823533","0.5807058823529412","0.01","1.01","0.01","0.01","0.01","0.01","0.01","0.175","0.13774193548387098","0.7847826086956522","0.21135593220338986","0.5972881355932204","0.505"
"1","0.3749411764705883","0.9107058823529411","0.5418823529411765","0.3322352941176471","1.01","0.01","0.01","0.01","0.01","0.01","0.01","0.175","0.13774193548387098","0.7847826086956522","0.21135593220338986","0.5972881355932204","0.505"
"8","0.5147058823529411","0.1148235294117647","0.9883529411764707","0.9145882352941176","1.01","0.01","0.01","0.01","0.01","0.01","0.01","0.175","0.13774193548387098","0.7847826086956522","0.21135593220338986","0.5972881355932204","0.505"
"6","0.01","0.35552941176470587","0.14200000000000002","0.7787058823529412","0.01","0.01","1.01","0.01","0.01","0.01","0.01","0.175","0.13774193548387098","0.7847826086956522","0.21135593220338986","0.5972881355932204","0.505"
"9","0.662235294117647","0.5069411764705882","0.5496470588235294","0.8136470588235294","0.01","1.01","0.01","0.01","0.01","0.01","0.01","0.175","0.13774193548387098","0.7847826086956522","0.21135593220338986","0.5972881355932204","0.505"
"0","0.25458823529411767","0.6117647058823529","0.4331764705882353","0.3322352941176471","0.01","0.01","0.01","0.01","0.01","0.01","1.01","0.175","0.13774193548387098","0.7847826086956522","0.21135593220338986","0.5972881355932204","0.505"
"9","0.3710588235294118","0.868","0.3710588235294118","0.9456470588235294","0.01","0.01","0.01","0.01","1.01","0.01","0.01","0.175","0.13774193548387098","0.7847826086956522","0.21135593220338986","0.5972881355932204","0.505"
"6","0.11870588235294117","0.16141176470588237","0.39435294117647063","0.09929411764705881","0.01","0.01","0.01","1.01","0.01","0.01","0.01","0.175","0.13774193548387098","0.7847826086956522","0.21135593220338986","0.5972881355932204","0.505"
"7","0.6467058823529412","0.25070588235294117","0.743764705882353","0.6583529411764706","0.01","0.01","1.01","0.01","0.01","0.01","0.01","0.175","0.13774193548387098","0.7847826086956522","0.21135593220338986","0.5972881355932204","0.505"
"4","0.025529411764705884","0.4797647058823529","0.1847058823529412","0.31670588235294117","0.01","0.01","0.01","0.01","0.01","0.01","1.01","0.175","0.13774193548387098","0.7847826086956522","0.21135593220338986","0.6140677966101695","0.505"
"2","0.5069411764705882","0.6001176470588235","0.14976470588235294","0.8175294117647058","0.01","0.01","1.01","0.01","0.01","0.01","0.01","0.175","0.13774193548387098","0.7847826086956522","0.21135593220338986","0.6140677966101695","0.505"
"8","0.2390588235294118","0.5768235294117646","0.044941176470588234","0.25458823529411767","0.01","0.01","0.01","1.01","0.01","0.01","0.01","0.175","0.13774193548387098","0.7847826086956522","0.21135593220338986","0.6140677966101695","0.505"
"1","0.4758823529411765","0.25070588235294117","0.3982352941176471","0.5768235294117646","1.01","0.01","0.01","0.01","0.01","0.01","0.01","0.175","0.13774193548387098","0.7847826086956522","0.21135593220338986","0.6140677966101695","0.505"
"8","0.27788235294117647","0.7631764705882352","0.6311764705882353","0.4797647058823529","0.01","0.01","0.01","0.01","1.01","0.01","0.01","0.175","0.13774193548387098","0.7847826086956522","0.21135593220338986","0.6140677966101695","0.505"
"3","0.21964705882352942","0.7398823529411765","0.6078823529411764","0.18858823529411764","0.01","0.01","0.01","1.01","0.01","0.01","0.01","0.175","0.13774193548387098","0.7847826086956522","0.21135593220338986","0.6140677966101695","0.505"
"1","0.6544705882352941","0.8447058823529412","0.26235294117647057","0.26623529411764707","0.01","0.01","0.01","0.01","1.01","0.01","0.01","0.175","0.13774193548387098","0.7847826086956522","0.21135593220338986","0.6140677966101695","0.505"
"6","0.5574117647058824","0.4254117647058824","0.8214117647058823","0.3982352941176471","0.01","0.01","0.01","0.01","0.01","0.01","1.01","0.175","0.13774193548387098","0.7847826086956522","0.21135593220338986","0.6140677966101695","0.505"
"7","0.4021176470588235","0.9805882352941176","0.3865882352941176","0.7204705882352941","0.01","0.01","0.01","0.01","0.01","1.01","0.01","0.175","0.13774193548387098","0.7847826086956522","0.21135593220338986","0.6140677966101695","0.505"
"9","0.9495294117647058","0.1963529411764706","0.7787058823529412","0.8408235294117647","0.01","0.01","1.01","0.01","0.01","0.01","0.01","0.175","0.13774193548387098","0.7847826086956522","0.21135593220338986","0.6140677966101695","0.505"
"6","0.44482352941176473","0.3788235294117647","0.05270588235294118","0.4487058823529412","0.01","0.01","0.01","0.01","0.01","1.01","0.01","0.175","0.13774193548387098","0.7847826086956522","0.21135593220338986","0.6140677966101695","0.505"
"9","0.1963529411764706","0.9378823529411765","0.3011764705882353","0.5612941176470588","0.01","0.01","1.01","0.01","0.01","0.01","0.01","0.175","0.13774193548387098","0.7847826086956522","0.21135593220338986","0.6140677966101695","0.505"
"7","0.6505882352941177","0.794235294117647","0.6777647058823529","0.4331764705882353","0.01","1.01","0.01","0.01","0.01","0.01","0.01","0.175","0.13774193548387098","0.7847826086956522","0.21135593220338986","0.6308474576271187","0.505"
"0","0.7127058823529412","0.2972941176470589","0.5069411764705882","0.4875294117647059","0.01","0.01","0.01","0.01","0.01","0.01","1.01","0.175","0.13774193548387098","0.7847826086956522","0.21135593220338986","0.6308474576271187","0.505"
"6","0.01776470588235294","0.5884705882352942","0.5263529411764706","0.8447058823529412","0.01","0.01","0.01","0.01","0.01","0.01","1.01","0.175","0.13774193548387098","0.7847826086956522","0.21135593220338986","0.6308474576271187","0.505"
"0","0.9922352941176471","0.1148235294117647","0.08764705882352941","0.6855294117647059","0.01","0.01","0.01","0.01","0.01","0.01","1.01","0.175","0.13774193548387098","0.7847826086956522","0.21135593220338986","0.6308474576271187","0.505"
"4","0.6389411764705882","0.281764705882353","0.10705882352941176","0.743764705882353","0.01","1.01","0.01","0.01","0.01","0.01","0.01","0.175","0.13774193548387098","0.7847826086956522","0.21135593220338986","0.6308474576271187","0.505"
"3","0.26235294117647057","0.4487058823529412","0.25070588235294117","0.5030588235294118","0.01","0.01","1.01","0.01","0.01","0.01","0.01","0.175","0.13774193548387098","0.7847826086956522","0.21135593220338986","0.6308474576271187","0.505"
"2","0.25458823529411767","0.3982352941176471","0.27788235294117647","0.3788235294117647","0.01","0.01","0.01","1.01","0.01","0.01","0.01","0.175","0.13774193548387098","0.7847826086956522","0.21135593220338986","0.6308474576271187","0.505"
"4","0.23129411764705884","0.3089411764705882","0.794235294117647","0.4137647058823529","0.01","0.01","0.01","0.01","1.01","0.01","0.01","0.175","0.13774193548387098","0.7847826086956522","0.21135593220338986","0.6308474576271187","0.505"
"5","0.3904705882352941","0.2934117647058823","0.934","0.2972941176470589","0.01","1.01","0.01","0.01","0.01","0.01","0.01","0.175","0.13774193548387098","0.7847826086956522","0.21135593220338986","0.6308474576271187","0.505"
"6","0.05658823529411765","0.347764705882353","0.3283529411764706","0.060470588235294116","0.01","0.01","0.01","0.01","1.01","0.01","0.01","0.175","0.13774193548387098","0.7847826086956522","0.21135593220338986","0.6308474576271187","0.505"
"9","0.26623529411764707","0.8369411764705883","0.934","0.7049411764705882","0.01","0.01","0.01","0.01","1.01","0.01","0.01","0.175","0.13774193548387098","0.7847826086956522","0.21135593220338986","0.6308474576271187","0.505"
"4","0.3788235294117647","0.604","0.3788235294117647","0.3982352941176471","0.01","0.01","1.01","0.01","0.01","0.01","0.01","0.175","0.13774193548387098","0.7847826086956522","0.21135593220338986","0.6308474576271187","0.505"
"7","0.7787058823529412","0.868","0.16529411764705884","0.8835294117647059","0.01","0.01","1.01","0.01","0.01","0.01","0.01","0.175","0.13774193548387098","0.7847826086956522","0.21135593220338986","0.6476271186440677","0.505"
"8","0.4021176470588235","0.09152941176470587","0.5729411764705882","0.7243529411764705","0.01","0.01","0.01","1.01","0.01","0.01","0.01","0.175","0.13774193548387098","0.7847826086956522","0.21135593220338986","0.6476271186440677","0.505"
"2","0.6234117647058823","0.07211764705882352","0.26235294117647057","0.4603529411764706","0.01","0.01","0.01","0.01","1.01","0.01","0.01","0.175","0.13774193548387098","0.7847826086956522","0.21135593220338986","0.6476271186440677","0.505"
"7","0.26623529411764707","0.5457647058823529","0.9456470588235294","0.6661176470588235","0.01","1.01","0.01","0.01","0.01","0.01","0.01","0.175","0.13774193548387098","0.7847826086956522","0.21135593220338986","0.6476271186440677","0.505"
"2","0.08764705882352941","0.1963529411764706","0.8447058823529412","0.2235294117647059","0.01","0.01","0.01","0.01","0.01","0.01","1.01","0.175","0.13774193548387098","0.7847826086956522","0.21135593220338986","0.6476271186440677","0.505"
"2","0.7981176470588235","0.09929411764705881","0.3827058823529412","0.07211764705882352","0.01","0.01","0.01","0.01","0.01","0.01","1.01","0.175","0.13774193548387098","0.7847826086956522","0.21135593220338986","0.6476271186440677","0.505"
"2","0.6311764705882353","0.8485882352941176","0.4603529411764706","0.464235294117647","0.01","1.01","0.01","0.01","0.01","0.01","0.01","0.175","0.13774193548387098","0.7847826086956522","0.21135593220338986","0.6476271186440677","0.505"
"4","0.8369411764705883","0.3710588235294118","0.8330588235294119","0.6816470588235295","1.01","0.01","0.01","0.01","0.01","0.01","0.01","0.175","0.13774193548387098","0.7847826086956522","0.21135593220338986","0.6476271186440677","0.505"
"2","0.26623529411764707","0.3205882352941177","0.8447058823529412","0.662235294117647","0.01","0.01","0.01","0.01","1.01","0.01","0.01","0.175","0.13774193548387098","0.7847826086956522","0.21135593220338986","0.6476271186440677","0.505"
"3","0.6505882352941177","0.5729411764705882","0.8951764705882354","0.2390588235294118","1.01","0.01","0.01","0.01","0.01","0.01","0.01","0.175","0.13774193548387098","0.7847826086956522","0.21135593220338986","0.6476271186440677","0.505"
"7","0.9650588235294117","0.8912941176470588","0.24682352941176472","0.6816470588235295","0.01","0.01","0.01","0.01","0.01","1.01","0.01","0.175","0.13774193548387098","0.7847826086956522","0.21135593220338986","0.6476271186440677","0.505"
"1","0.2856470588235294","0.7398823529411765","0.941764705882353","0.02164705882352941","0.01","0.01","1.01","0.01","0.01","0.01","0.01","0.175","0.13774193548387098","0.7847826086956522","0.21135593220338986","0.664406779661017","0.505"
"8","0.6661176470588235","0.4525882352941177","0.9767058823529412","0.6699999999999999","0.01","0.01","0.01","0.01","0.01","1.01","0.01","0.175","0.13774193548387098","0.7847826086956522","0.21135593220338986","0.664406779661017","0.505"
"8","0.7825882352941177","0.5263529411764706","0.6311764705882353","0.05270588235294118","1.01","0.01","0.01","0.01","0.01","0.01","0.01","0.175","0.13774193548387098","0.7847826086956522","0.21135593220338986","0.664406779661017","0.505"
"5","0.9805882352941176","0.9728235294117646","0.01776470588235294","0.9456470588235294","1.01","0.01","0.01","0.01","0.01","0.01","0.01","0.175","0.13774193548387098","0.7847826086956522","0.21135593220338986","0.664406779661017","0.505"
"3","0.5535294117647059","0.4137647058823529","0.9145882352941176","0.22741176470588237","0.01","0.01","1.01","0.01","0.01","0.01","0.01","0.175","0.13774193548387098","0.7847826086956522","0.21135593220338986","0.664406779661017","0.505"
"4","0.8641176470588235","0.49917647058823533","0.3089411764705882","0.6544705882352941","0.01","0.01","0.01","1.01","0.01","0.01","0.01","0.175","0.13774193548387098","0.7847826086956522","0.21135593220338986","0.664406779661017","0.505"
"5","0.20800000000000002","0.8485882352941176","0.14976470588235294","0.7670588235294117","0.01","0.01","0.01","0.01","0.01","1.01","0.01","0.175","0.13774193548387098","0.7847826086956522","0.21135593220338986","0.664406779661017","0.505"
"5","0.01776470588235294","0.20411764705882354","0.27788235294117647","0.6156470588235294","1.01","0.01","0.01","0.01","0.01","0.01","0.01","0.175","0.13774193548387098","0.7847826086956522","0.21135593220338986","0.664406779661017","0.505"
"0","0.7398823529411765","0.3865882352941176","0.3632941176470588","0.22741176470588237","0.01","0.01","0.01","0.01","0.01","0.01","1.01","0.175","0.13774193548387098","0.7847826086956522","0.21135593220338986","0.664406779661017","0.505"
"9","0.4098823529411765","0.4797647058823529","0.2235294117647059","0.5224705882352941","1.01","0.01","0.01","0.01","0.01","0.01","0.01","0.175","0.13774193548387098","0.7847826086956522","0.21135593220338986","0.664406779661017","0.505"
"6","0.2701176470588236","0.7709411764705882","0.10317647058823529","0.24682352941176472","0.01","0.01","0.01","1.01","0.01","0.01","0.01","0.175","0.13774193548387098","0.7847826086956522","0.21135593220338986","0.664406779661017","0.505"
"0","0.9572941176470589","0.9107058823529411","0.6699999999999999","0.5845882352941177","0.01","1.01","0.01","0.01","0.01","0.01","0.01","0.175","0.13774193548387098","0.7847826086956522","0.21135593220338986","0.664406779661017","0.505"
"2","0.11094117647058822","0.9456470588235294","0.4681176470588236","0.4021176470588235","0.01","0.01","0.01","0.01","0.01","0.01","1.01","0.175","0.13774193548387098","0.7847826086956522","0.21135593220338986","0.664406779661017","0.505"
"0","0.3283529411764706","0.3089411764705882","0.6117647058823529","0.06823529411764706","0.01","0.01","0.01","1.01","0.01","0.01","0.01","0.175","0.13774193548387098","0.7847826086956522","0.21135593220338986","0.6811864406779661","0.505"
"5","0.918470588235294","0.6855294117647059","0.8447058823529412","0.7592941176470588","0.01","0.01","0.01","1.01","0.01","0.01","0.01","0.175","0.13774193548387098","0.7847826086956522","0.21135593220338986","0.6811864406779661","0.505"
"2","0.918470588235294","0.18858823529411764","0.7010588235294117","0.6195294117647059","0.01","0.01","0.01","0.01","1.01","0.01","0.01","0.175","0.13774193548387098","0.7847826086956522","0.21135593220338986","0.6811864406779661","0.505"
"4","0.7592941176470588","0.11094117647058822","0.274","0.7010588235294117","0.01","0.01","1.01","0.01","0.01","0.01","0.01","0.175","0.13774193548387098","0.7847826086956522","0.21135593220338986","0.6811864406779661","0.505"
"1","0.1575294117647059","0.3283529411764706","0.2701176470588236","0.9767058823529412","0.01","0.01","0.01","0.01","1.01","0.01","0.01","0.175","0.13774193548387098","0.7847826086956522","0.21135593220338986","0.6811864406779661","0.505"
"0","0.6699999999999999","0.09152941176470587","0.3594117647058824","0.22741176470588237","0.01","0.01","0.01","0.01","0.01","0.01","1.01","0.175","0.13774193548387098","0.7847826086956522","0.21135593220338986","0.6811864406779661","0.505"
"4","0.4487058823529412","0.4603529411764706","0.8408235294117647","0.08764705882352941","1.01","0.01","0.01","0.01","0.01","0.01","0.01","0.175","0.13774193548387098","0.7847826086956522","0.21135593220338986","0.6811864406779661","0.505"
"9","0.5263529411764706","0.18082352941176472","0.8524705882352941","0.18082352941176472","0.01","0.01","1.01","0.01","0.01","0.01","0.01","0.175","0.13774193548387098","0.7847826086956522","0.21135593220338986","0.6811864406779661","0.505"
"3","0.3089411764705882","0.9456470588235294","0.17694117647058824","0.05658823529411765","0.01","0.01","0.01","0.01","0.01","0.01","1.01","0.175","0.13774193548387098","0.7847826086956522","0.21135593220338986","0.6811864406779661","0.505"
"4","0.07211764705882352","0.4137647058823529","0.7243529411764705","0.4098823529411765","0.01","0.01","0.01","0.01","1.01","0.01","0.01","0.175","0.13774193548387098","0.7847826086956522","0.21135593220338986","0.6811864406779661","0.505"
"2","0.918470588235294","0.8097647058823529","0.45647058823529413","0.3011764705882353","0.01","0.01","0.01","0.01","0.01","0.01","1.01","0.175","0.13774193548387098","0.7847826086956522","0.21135593220338986","0.6811864406779661","0.505"
"5","0.7049411764705882","0.347764705882353","0.1847058823529412","0.464235294117647","0.01","0.01","1.01","0.01","0.01","0.01","0.01","0.175","0.13774193548387098","0.7847826086956522","0.21135593220338986","0.6811864406779661","0.505"
"0","0.31670588235294117","0.4525882352941177","0.36717647058823527","0.5147058823529411","0.01","1.01","0.01","0.01","0.01","0.01","0.01","0.175","0.13774193548387098","0.7847826086956522","0.21135593220338986","0.6979661016949152","0.505"
"8","0.07211764705882352","0.406","0.6389411764705882","0.1963529411764706","0.01","0.01","0.01","0.01","1.01","0.01","0.01","0.175","0.13774193548387098","0.7847826086956522","0.21135593220338986","0.6979661016949152","0.505"
"6","0.029411764705882353","0.9961176470588236","0.2235294117647059","0.6350588235294118","0.01","0.01","0.01","1.01","0.01","0.01","0.01","0.175","0.13774193548387098","0.7847826086956522","0.21135593220338986","0.6979661016949152","0.505"
"6","0.6195294117647059","0.17694117647058824","0.8796470588235294","0.6389411764705882","0.01","1.01","0.01","0.01","0.01","0.01","0.01","0.175","0.13774193548387098","0.7847826086956522","0.21135593220338986","0.6979661016949152","0.505"
"1","0.802","0.8912941176470588","0.5496470588235294","0.934","0.01","0.01","0.01","0.01","1.01","0.01","0.01","0.175","0.13774193548387098","0.7847826086956522","0.21135593220338986","0.6979661016949152","0.505"
"6","0.16141176470588237","0.5923529411764706","0.10317647058823529","0.47200000000000003","0.01","0.01","0.01","1.01","0.01","0.01","0.01","0.175","0.13774193548387098","0.7847826086956522","0.21135593220338986","0.6979661016949152","0.505"
"3","0.029411764705882353","0.10317647058823529","0.5185882352941176","0.5923529411764706","0.01","0.01","0.01","0.01","0.01","1.01","0.01","0.175","0.13774193548387098","0.7847826086956522","0.21135593220338986","0.6979661016949152","0.505"
"8","0.794235294117647","0.2235294117647059","0.3011764705882353","0.6699999999999999","0.01","0.01","0.01","0.01","0.01","1.01","0.01","0.175","0.13774193548387098","0.7847826086956522","0.21135593220338986","0.6979661016949152","0.505"
"1","0.6699999999999999","0.4758823529411765","0.918470588235294","0.3283529411764706","0.01","0.01","0.01","0.01","1.01","0.01","0.01","0.175","0.13774193548387098","0.7847826086956522","0.21135593220338986","0.6979661016949152","0.505"
"7","0.5069411764705882","0.8835294117647059","0.2351764705882353","0.06435294117647058","0.01","1.01","0.01","0.01","0.01","0.01","0.01","0.175","0.13774193548387098","0.7847826086956522","0.21135593220338986","0.6979661016949152","0.505"
"3","0.1575294117647059","0.604","0.0371764705882353","0.7631764705882352","0.01","0.01","0.01","0.01","0.01","0.01","1.01","0.175","0.13774193548387098","0.7847826086956522","0.21135593220338986","0.6979661016949152","0.505"
"9","0.3632941176470588","0.2390588235294118","0.4021176470588235","0.5302352941176471","0.01","1.01","0.01","0.01","0.01","0.01","0.01","0.175","0.13774193548387098","0.7847826086956522","0.21135593220338986","0.6979661016949152","0.505"
"3","0.5807058823529412","0.15364705882352944","0.8563529411764705","0.8912941176470588","1.01","0.01","0.01","0.01","0.01","0.01","0.01","0.175","0.13774193548387098","0.7847826086956522","0.21135593220338986","0.7147457627118644","0.505"
"4","0.8912941176470588","0.25070588235294117","0.9223529411764705","0.406","0.01","0.01","1.01","0.01","0.01","0.01","0.01","0.175","0.13774193548387098","0.7847826086956522","0.21135593220338986","0.7147457627118644","0.505"
"8","0.736","0.1847058823529412","0.7010588235294117","0.8835294117647059","0.01","1.01","0.01","0.01","0.01","0.01","0.01","0.175","0.13774193548387098","0.7847826086956522","0.21135593220338986","0.7147457627118644","0.505"
"8","0.8912941176470588","0.5496470588235294","0.9572941176470589","0.08376470588235294","1.01","0.01","0.01","0.01","0.01","0.01","0.01","0.175","0.13774193548387098","0.7847826086956522","0.21135593220338986","0.7147457627118644","0.505"
"2","0.7127058823529412","0.15364705882352944","0.5690588235294117","0.7748235294117647","0.01","1.01","0.01","0.01","0.01","0.01","0.01","0.175","0.13774193548387098","0.7847826086956522","0.21135593220338986","0.7147457627118644","0.505"
"8","0.3594117647058824","0.22741176470588237","0.8796470588235294","0.2584705882352941","0.01","0.01","0.01","0.01","0.01","1.01","0.01","0.175","0.13774193548387098","0.7847826086956522","0.21135593220338986","0.7147457627118644","0.505"
"2","0.8097647058823529","0.8175294117647058","0.07211764705882352","0.4603529411764706","0.01","0.01","0.01","1.01","0.01","0.01","0.01","0.175","0.13774193548387098","0.7847826086956522","0.21135593220338986","0.7147457627118644","0.505"
"7","0.5185882352941176","0.09541176470588235","0.7592941176470588","0.01","0.01","0.01","1.01","0.01","0.01","0.01","0.01","0.175","0.13774193548387098","0.7847826086956522","0.21135593220338986","0.7147457627118644","0.505"
"8","0.9145882352941176","0.4797647058823529","0.281764705882353","0.7049411764705882","0.01","1.01","0.01","0.01","0.01","0.01","0.01","0.175","0.13774193548387098","0.7847826086956522","0.21135593220338986","0.7147457627118644","0.505"
"9","0.5535294117647059","0.3128235294117647","0.19247058823529414","0.8097647058823529","1.01","0.01","0.01","0.01","0.01","0.01","0.01","0.175","0.13774193548387098","0.7847826086956522","0.21135593220338986","0.7147457627118644","0.505"
"6","0.8874117647058823","0.662235294117647","0.21964705882352942","0.11870588235294117","0.01","0.01","0.01","1.01","0.01","0.01","0.01","0.175","0.13774193548387098","0.7847826086956522","0.21135593220338986","0.7147457627118644","0.505"
"1","0.8097647058823529","0.8641176470588235","0.9572941176470589","0.6544705882352941","0.01","0.01","0.01","0.01","0.01","0.01","1.01","0.175","0.13774193548387098","0.7847826086956522","0.21135593220338986","0.7147457627118644","0.505"
"0","0.025529411764705884","0.7748235294117647","0.7321176470588235","0.01","0.01","1.01","0.01","0.01","0.01","0.01","0.01","0.175","0.13774193548387098","0.7847826086956522","0.21135593220338986","0.7315254237288135","0.505"
"5","0.7903529411764706","0.01776470588235294","0.6544705882352941","0.1264705882352941","0.01","1.01","0.01","0.01","0.01","0.01","0.01","0.175","0.13774193548387098","0.7847826086956522","0.21135593220338986","0.7315254237288135","0.505"
"5","0.9495294117647058","0.3749411764705883","0.1264705882352941","0.2934117647058823","0.01","0.01","0.01","0.01","0.01","0.01","1.01","0.175","0.13774193548387098","0.7847826086956522","0.21135593220338986","0.7315254237288135","0.505"
"2","0.4914117647058823","0.7787058823529412","0.4409411764705882","0.274","0.01","0.01","0.01","1.01","0.01","0.01","0.01","0.175","0.13774193548387098","0.7847826086956522","0.21135593220338986","0.7315254237288135","0.505"
"3","0.7554117647058823","0.1847058823529412","0.8563529411764705","0.7321176470588235","1.01","0.01","0.01","0.01","0.01","0.01","0.01","0.175","0.13774193548387098","0.7847826086956522","0.21135593220338986","0.7315254237288135","0.505"
"9","0.08376470588235294","0.9456470588235294","0.8291764705882353","0.48364705882352943","0.01","0.01","0.01","0.01","0.01","0.01","1.01","0.175","0.13774193548387098","0.7847826086956522","0.21135593220338986","0.7315254237288135","0.505"
"8","0.07988235294117646","0.5768235294117646","0.736","0.5574117647058824","0.01","0.01","0.01","0.01","0.01","0.01","1.01","0.175","0.13774193548387098","0.7847826086956522","0.21135593220338986","0.7315254237288135","0.505"
"6","0.9844705882352941","0.8369411764705883","0.8097647058823529","0.1148235294117647","0.01","1.01","0.01","0.01","0.01","0.01","0.01","0.175","0.13774193548387098","0.7847826086956522","0.21135593220338986","0.7315254237288135","0.505"
"8","0.21964705882352942","0.21188235294117647","0.8369411764705883","0.6971764705882353","0.01","1.01","0.01","0.01","0.01","0.01","0.01","0.175","0.13774193548387098","0.7847826086956522","0.21135593220338986","0.7315254237288135","0.505"
"5","0.8447058823529412","0.6001176470588235","0.44482352941176473","0.5418823529411765","0.01","0.01","1.01","0.01","0.01","0.01","0.01","0.175","0.13774193548387098","0.7847826086956522","0.21135593220338986","0.7315254237288135","0.505"
"6","0.868","0.5612941176470588","0.8874117647058823","0.41764705882352937","0.01","1.01","0.01","0.01","0.01","0.01","0.01","0.175","0.13774193548387098","0.7847826086956522","0.21135593220338986","0.7315254237288135","0.505"
"0","0.7981176470588235","0.27788235294117647","0.044941176470588234","0.49917647058823533","0.01","0.01","0.01","0.01","1.01","0.01","0.01","0.175","0.13774193548387098","0.7847826086956522","0.21135593220338986","0.7315254237288135","0.505"
"5","0.662235294117647","0.30505882352941177","0.3865882352941176","0.8330588235294119","0.01","0.01","0.01","1.01","0.01","0.01","0.01","0.175","0.13774193548387098","0.7847826086956522","0.21135593220338986","0.7483050847457627","0.505"
"5","0.20411764705882354","0.8718823529411764","0.9922352941176471","0.9262352941176472","0.01","0.01","0.01","0.01","0.01","0.01","1.01","0.175","0.13774193548387098","0.7847826086956522","0.21135593220338986","0.7483050847457627","0.505"
"7","0.2972941176470589","0.4331764705882353","0.01388235294117647","0.10317647058823529","1.01","0.01","0.01","0.01","0.01","0.01","0.01","0.175","0.13774193548387098","0.7847826086956522","0.21135593220338986","0.7483050847457627","0.505"
"2","0.4875294117647059","1.0","0.8796470588235294","0.6699999999999999","0.01","0.01","0.01","1.01","0.01","0.01","0.01","0.175","0.13774193548387098","0.7847826086956522","0.21135593220338986","0.7483050847457627","0.505"
"3","0.9883529411764707","0.4914117647058823","0.4409411764705882","0.3710588235294118","0.01","0.01","0.01","1.01","0.01","0.01","0.01","0.175","0.13774193548387098","0.7847826086956522","0.21135593220338986","0.7483050847457627","0.505"
"7","0.029411764705882353","0.9805882352941176","0.2390588235294118","0.8912941176470588","0.01","0.01","0.01","0.01","0.01","0.01","1.01","0.175","0.13774193548387098","0.7847826086956522","0.21135593220338986","0.7483050847457627","0.505"
"2","0.26235294117647057","0.6389411764705882","0.8874117647058823","0.7165882352941176","0.01","1.01","0.01","0.01","0.01","0.01","0.01","0.175","0.13774193548387098","0.7847826086956522","0.21135593220338986","0.7483050847457627","0.505"
"8","0.4370588235294118","0.9145882352941176","0.20800000000000002","0.9534117647058823","0.01","1.01","0.01","0.01","0.01","0.01","0.01","0.175","0.13774193548387098","0.7847826086956522","0.21135593220338986","0.7483050847457627","0.505"
"7","0.9107058823529411","0.25070588235294117","0.6195294117647059","0.4409411764705882","0.01","0.01","1.01","0.01","0.01","0.01","0.01","0.175","0.13774193548387098","0.7847826086956522","0.21135593220338986","0.7483050847457627","0.505"
"2","0.8330588235294119","0.941764705882353","0.7670588235294117","0.1458823529411765","0.01","1.01","0.01","0.01","0.01","0.01","0.01","0.175","0.13774193548387098","0.7847826086956522","0.21135593220338986","0.7483050847457627","0.505"
"5","0.3283529411764706","0.4098823529411765","0.6195294117647059","0.4331764705882353","0.01","0.01","0.01","1.01","0.01","0.01","0.01","0.175","0.13774193548387098","0.7847826086956522","0.21135593220338986","0.7483050847457627","0.505"
"1","0.918470588235294","0.36717647058823527","0.7592941176470588","0.9767058823529412","0.01","0.01","0.01","0.01","0.01","1.01","0.01","0.175","0.13774193548387098","0.7847826086956522","0.21135593220338986","0.7483050847457627","0.505"
"2","0.6777647058823529","0.30505882352941177","0.2701176470588236","0.45647058823529413","1.01","0.01","0.01","0.01","0.01","0.01","0.01","0.175","0.13774193548387098","0.7847826086956522","0.21135593220338986","0.7650847457627118","0.505"
"3","0.1303529411764706","0.9611764705882353","0.5690588235294117","0.802","0.01","0.01","0.01","0.01","0.01","0.01","1.01","0.175","0.13774193548387098","0.7847826086956522","0.21135593220338986","0.7650847457627118","0.505"
"5","0.8912941176470588","0.9805882352941176","0.8757647058823529","0.23129411764705884","0.01","1.01","0.01","0.01","0.01","0.01","0.01","0.175","0.13774193548387098","0.7847826086956522","0.21135593220338986","0.7650847457627118","0.505"
"4","0.01388235294117647","0.3011764705882353","0.662235294117647","0.10317647058823529","0.01","1.01","0.01","0.01","0.01","0.01","0.01","0.175","0.13774193548387098","0.7847826086956522","0.21135593220338986","0.7650847457627118","0.505"
"1","0.4875294117647059","0.7515294117647059","0.5535294117647059","0.7165882352941176","1.01","0.01","0.01","0.01","0.01","0.01","0.01","0.175","0.13774193548387098","0.7847826086956522","0.21135593220338986","0.7650847457627118","0.505"
"4","0.22741176470588237","0.274","0.5923529411764706","0.23129411764705884","1.01","0.01","0.01","0.01","0.01","0.01","0.01","0.175","0.13774193548387098","0.7847826086956522","0.21135593220338986","0.7650847457627118","0.505"
"5","0.7981176470588235","0.9068235294117647","0.7049411764705882","0.35552941176470587","0.01","0.01","0.01","0.01","0.01","0.01","1.01","0.175","0.13774193548387098","0.7847826086956522","0.21135593220338986","0.7650847457627118","0.505"
"2","0.7903529411764706","0.7476470588235294","0.5224705882352941","0.2972941176470589","0.01","0.01","1.01","0.01","0.01","0.01","0.01","0.175","0.13774193548387098","0.7847826086956522","0.21135593220338986","0.7650847457627118","0.505"
"2","1.0","0.02164705882352941","0.860235294117647","0.13423529411764706","1.01","0.01","0.01","0.01","0.01","0.01","0.01","0.175","0.13774193548387098","0.7847826086956522","0.21135593220338986","0.7650847457627118","0.505"
"9","0.7282352941176471","0.4331764705882353","0.3283529411764706","0.6544705882352941","0.01","0.01","0.01","0.01","0.01","1.01","0.01","0.175","0.13774193548387098","0.7847826086956522","0.21135593220338986","0.7650847457627118","0.505"
"8","0.4098823529411765","0.24294117647058824","0.7398823529411765","0.736","0.01","0.01","0.01","0.01","1.01","0.01","0.01","0.175","0.13774193548387098","0.7847826086956522","0.21135593220338986","0.7818644067796611","0.505"
"6","0.6156470588235294","0.3710588235294118","0.04882352941176471","0.4681176470588236","0.01","0.01","0.01","0.01","0.01","1.01","0.01","0.175","0.13774193548387098","0.7847826086956522","0.21135593220338986","0.7818644067796611","0.505"
"8","0.28952941176470587","0.12258823529411764","0.029411764705882353","0.5574117647058824","0.01","1.01","0.01","0.01","0.01","0.01","0.01","0.175","0.13774193548387098","0.7847826086956522","0.21135593220338986","0.7818644067796611","0.505"
"6","0.08376470588235294","0.6350588235294118","0.3904705882352941","0.18858823529411764","0.01","0.01","0.01","0.01","0.01","0.01","1.01","0.175","0.13774193548387098","0.7847826086956522","0.21135593220338986","0.7818644067796611","0.505"
"7","0.6311764705882353","0.3516470588235294","0.9689411764705882","0.45647058823529413","0.01","0.01","1.01","0.01","0.01","0.01","0.01","0.175","0.13774193548387098","0.7847826086956522","0.21135593220338986","0.7818644067796611","0.505"
"9","0.3788235294117647","0.21576470588235297","0.23129411764705884","0.3827058823529412","0.01","0.01","0.01","1.01","0.01","0.01","0.01","0.175","0.13774193548387098","0.7847826086956522","0.21135593220338986","0.7818644067796611","0.505"
"2","0.8330588235294119","0.5496470588235294","0.5807058823529412","0.41764705882352937","0.01","1.01","0.01","0.01","0.01","0.01","0.01","0.175","0.13774193548387098","0.7847826086956522","0.21135593220338986","0.7818644067796611","0.505"
"1","0.17694117647058824","0.9572941176470589","0.3322352941176471","0.26235294117647057","0.01","0.01","0.01","1.01","0.01","0.01","0.01","0.175","0.13774193548387098","0.7847826086956522","0.21135593220338986","0.7818644067796611","0.505"
"1","0.8175294117647058","0.5069411764705882","0.029411764705882353","0.7088235294117647","1.01","0.01","0.01","0.01","0.01","0.01","0.01","0.175","0.13774193548387098","0.7847826086956522","0.21135593220338986","0.7818644067796611","0.505"
"1","0.1458823529411765","0.8214117647058823","0.45647058823529413","0.347764705882353","0.01","0.01","0.01","1.01","0.01","0.01","0.01","0.175","0.13774193548387098","0.7847826086956522","0.21135593220338986","0.7818644067796611","0.505"
"6","0.6971764705882353","0.7010588235294117","0.31670588235294117","0.21964705882352942","0.01","0.01","1.01","0.01","0.01","0.01","0.01","0.175","0.13774193548387098","0.7847826086956522","0.21135593220338986","0.7818644067796611","0.505"
"7","0.8369411764705883","0.6078823529411764","0.4292941176470588","0.868","0.01","0.01","0.01","0.01","0.01","1.01","0.01","0.175","0.13774193548387098","0.7847826086956522","0.21135593220338986","0.7818644067796611","0.505"
"3","0.5768235294117646","0.11870588235294117","0.16141176470588237","0.8485882352941176","0.01","0.01","0.01","1.01","0.01","0.01","0.01","0.175","0.13774193548387098","0.7847826086956522","0.21135593220338986","0.7986440677966101","0.505"
"0","0.8990588235294118","0.6894117647058824","0.08764705882352941","0.6467058823529412","0.01","1.01","0.01","0.01","0.01","0.01","0.01","0.175","0.13774193548387098","0.7847826086956522","0.21135593220338986","0.7986440677966101","0.505"
"1","0.7204705882352941","0.8252941176470587","0.5263529411764706","0.6738823529411764","1.01","0.01","0.01","0.01","0.01","0.01","0.01","0.175","0.13774193548387098","0.7847826086956522","0.21135593220338986","0.7986440677966101","0.505"
"3","0.918470588235294","0.6544705882352941","0.14200000000000002","0.076","0.01","0.01","0.01","0.01","0.01","1.01","0.01","0.175","0.13774193548387098","0.7847826086956522","0.21135593220338986","0.7986440677966101","0.505"
"4","0.1963529411764706","0.3710588235294118","0.26623529411764707","0.3244705882352941","0.01","0.01","0.01","0.01","0.01","0.01","1.01","0.175","0.13774193548387098","0.7847826086956522","0.21135593220338986","0.7986440677966101","0.505"
"9","0.20800000000000002","0.7631764705882352","0.4409411764705882","0.6738823529411764","0.01","0.01","0.01","0.01","1.01","0.01","0.01","0.175","0.13774193548387098","0.7847826086956522","0.21135593220338986","0.7986440677966101","0.505"
"6","0.4021176470588235","0.9068235294117647","0.39435294117647063","0.5884705882352942","0.01","0.01","0.01","0.01","1.01","0.01","0.01","0.175","0.13774193548387098","0.7847826086956522","0.21135593220338986","0.7986440677966101","0.505"
"7","0.3749411764705883","0.7864705882352941","0.17305882352941176","0.2972941176470589","0.01","0.01","0.01","0.01","1.01","0.01","0.01","0.175","0.13774193548387098","0.7847826086956522","0.21135593220338986","0.7986440677966101","0.505"
"8","0.6816470588235295","0.7165882352941176","0.868","0.274","0.01","0.01","0.01","1.01","0.01","0.01","0.01","0.175","0.13774193548387098","0.7847826086956522","0.21135593220338986","0.7986440677966101","0.505"
"3","0.5651764705882353","0.8097647058823529","0.36717647058823527","0.4487058823529412","0.01","0.01","0.01","1.01","0.01","0.01","0.01","0.175","0.13774193548387098","0.7847826086956522","0.21135593220338986","0.7986440677966101","0.505"
"2","0.5108235294117647","0.5341176470588236","0.18082352941176472","0.12258823529411764","0.01","1.01","0.01","0.01","0.01","0.01","0.01","0.175","0.13774193548387098","0.7847826086956522","0.21135593220338986","0.8154237288135594","0.505"
"9","0.743764705882353","0.6428235294117647","0.2972941176470589","0.347764705882353","0.01","0.01","0.01","0.01","0.01","1.01","0.01","0.175","0.13774193548387098","0.7847826086956522","0.21135593220338986","0.8154237288135594","0.505"
"4","0.5729411764705882","0.6738823529411764","0.7515294117647059","0.3865882352941176","0.01","0.01","0.01","0.01","1.01","0.01","0.01","0.175","0.13774193548387098","0.7847826086956522","0.21135593220338986","0.8154237288135594","0.505"
"7","0.025529411764705884","0.9650588235294117","0.2351764705882353","0.044941176470588234","0.01","0.01","0.01","0.01","0.01","1.01","0.01","0.175","0.13774193548387098","0.7847826086956522","0.21135593220338986","0.8154237288135594","0.505"
"2","0.23129411764705884","0.1458823529411765","0.918470588235294","0.7165882352941176","0.01","0.01","0.01","1.01","0.01","0.01","0.01","0.175","0.13774193548387098","0.7847826086956522","0.21135593220338986","0.8154237288135594","0.505"
"4","0.8447058823529412","0.934","0.9107058823529411","0.8175294117647058","0.01","0.01","0.01","1.01","0.01","0.01","0.01","0.175","0.13774193548387098","0.7847826086956522","0.21135593220338986","0.8154237288135594","0.505"
"9","0.3283529411764706","0.041058823529411766","0.918470588235294","0.35552941176470587","1.01","0.01","0.01","0.01","0.01","0.01","0.01","0.175","0.13774193548387098","0.7847826086956522","0.21135593220338986","0.8154237288135594","0.505"
"0","0.9883529411764707","0.4370588235294118","0.9883529411764707","0.21576470588235297","0.01","0.01","1.01","0.01","0.01","0.01","0.01","0.175","0.13774193548387098","0.7847826086956522","0.21135593220338986","0.8154237288135594","0.505"
"2","0.5069411764705882","0.7631764705882352","0.1575294117647059","0.3205882352941177","1.01","0.01","0.01","0.01","0.01","0.01","0.01","0.175","0.13774193548387098","0.7847826086956522","0.21135593220338986","0.8154237288135594","0.505"
"1","0.2235294117647059","0.274","0.24294117647058824","0.8835294117647059","0.01","0.01","0.01","0.01","1.01","0.01","0.01","0.175","0.13774193548387098","0.7847826086956522","0.21135593220338986","0.8154237288135594","0.505"
"5","0.8447058823529412","0.5845882352941177","0.281764705882353","0.8485882352941176","0.01","0.01","0.01","0.01","0.01","0.01","1.01","0.175","0.13774193548387098","0.7847826086956522","0.21135593220338986","0.8154237288135594","0.505"
"0","0.11870588235294117","0.7243529411764705","0.36717647058823527","0.9456470588235294","1.01","0.01","0.01","0.01","0.01","0.01","0.01","0.175","0.13774193548387098","0.7847826086956522","0.21135593220338986","0.8154237288135594","0.505"
"8","0.464235294117647","0.49917647058823533","0.4409411764705882","0.6156470588235294","0.01","0.01","0.01","0.01","1.01","0.01","0.01","0.175","0.13774193548387098","0.7847826086956522","0.21135593220338986","0.8322033898305085","0.505"
"1","0.4137647058823529","0.3089411764705882","0.9689411764705882","0.15364705882352944","0.01","0.01","0.01","0.01","0.01","1.01","0.01","0.175","0.13774193548387098","0.7847826086956522","0.21135593220338986","0.8322033898305085","0.505"
"1","0.9883529411764707","0.2972941176470589","0.7476470588235294","0.6350588235294118","0.01","0.01","0.01","1.01","0.01","0.01","0.01","0.175","0.13774193548387098","0.7847826086956522","0.21135593220338986","0.8322033898305085","0.505"
"6","0.860235294117647","0.076","0.2584705882352941","0.03329411764705882","1.01","0.01","0.01","0.01","0.01","0.01","0.01","0.175","0.13774193548387098","0.7847826086956522","0.21135593220338986","0.8322033898305085","0.505"
"5","0.5263529411764706","0.1458823529411765","0.6699999999999999","0.060470588235294116","0.01","0.01","0.01","1.01","0.01","0.01","0.01","0.175","0.13774193548387098","0.7847826086956522","0.21135593220338986","0.8322033898305085","0.505"
"6","0.464235294117647","0.9728235294117646","0.4254117647058824","0.4370588235294118","0.01","0.01","0.01","0.01","0.01","0.01","1.01","0.175","0.13774193548387098","0.7847826086956522","0.21135593220338986","0.8322033898305085","0.505"
"0","0.23129411764705884","0.9689411764705882","0.5224705882352941","0.5768235294117646","0.01","0.01","0.01","1.01","0.01","0.01","0.01","0.175","0.13774193548387098","0.7847826086956522","0.21135593220338986","0.8322033898305085","0.505"
"8","0.076","0.1963529411764706","0.36717647058823527","0.01","1.01","0.01","0.01","0.01","0.01","0.01","0.01","0.175","0.13774193548387098","0.7847826086956522","0.21135593220338986","0.8322033898305085","0.505"
"2","0.4409411764705882","0.5807058823529412","0.5302352941176471","0.743764705882353","1.01","0.01","0.01","0.01","0.01","0.01","0.01","0.175","0.13774193548387098","0.7847826086956522","0.21135593220338986","0.8322033898305085","0.505"
"9","0.27788235294117647","0.5185882352941176","0.743764705882353","0.7476470588235294","0.01","1.01","0.01","0.01","0.01","0.01","0.01","0.175","0.13774193548387098","0.7847826086956522","0.21135593220338986","0.8322033898305085","0.505"
"4","0.060470588235294116","0.21188235294117647","0.9922352941176471","0.11094117647058822","0.01","0.01","1.01","0.01","0.01","0.01","0.01","0.175","0.13774193548387098","0.7847826086956522","0.21135593220338986","0.8322033898305085","0.505"
"5","0.10317647058823529","0.24682352941176472","0.6505882352941177","0.7631764705882352","1.01","0.01","0.01","0.01","0.01","0.01","0.01","0.175","0.13774193548387098","0.7847826086956522","0.21135593220338986","0.8322033898305085","0.505"
"2","0.4487058823529412","0.7398823529411765","0.3749411764705883","0.2934117647058823","0.01","0.01","0.01","0.01","1.01","0.01","0.01","0.175","0.13774193548387098","0.7847826086956522","0.21135593220338986","0.8489830508474576","0.505"
"4","0.36717647058823527","0.3788235294117647","0.6971764705882353","0.9145882352941176","0.01","0.01","0.01","1.01","0.01","0.01","0.01","0.175","0.13774193548387098","0.7847826086956522","0.21135593220338986","0.8489830508474576","0.505"
"0","0.8136470588235294","0.1303529411764706","0.9029411764705882","0.9223529411764705","0.01","0.01","0.01","0.01","1.01","0.01","0.01","0.175","0.13774193548387098","0.7847826086956522","0.21135593220338986","0.8489830508474576","0.505"
"8","0.7864705882352941","0.7088235294117647","0.9767058823529412","0.8990588235294118","0.01","0.01","0.01","0.01","0.01","0.01","1.01","0.175","0.13774193548387098","0.7847826086956522","0.21135593220338986","0.8489830508474576","0.505"
"6","0.17694117647058824","0.16917647058823532","0.35552941176470587","0.6156470588235294","0.01","1.01","0.01","0.01","0.01","0.01","0.01","0.175","0.13774193548387098","0.7847826086956522","0.21135593220338986","0.8489830508474576","0.505"
"9","0.8874117647058823","0.02164705882352941","0.30505882352941177","0.41764705882352937","0.01","0.01","0.01","0.01","0.01","1.01","0.01","0.175","0.13774193548387098","0.7847826086956522","0.21135593220338986","0.8489830508474576","0.505"
"3","0.4487058823529412","0.6350588235294118","0.1148235294117647","0.4487058823529412","0.01","1.01","0.01","0.01","0.01","0.01","0.01","0.175","0.13774193548387098","0.7847826086956522","0.21135593220338986","0.8657627118644068","0.505"
"2","0.1148235294117647","0.3865882352941176","0.16141176470588237","0.7010588235294117","0.01","0.01","0.01","0.01","0.01","1.01","0.01","0.175","0.13774193548387098","0.7847826086956522","0.21135593220338986","0.8657627118644068","0.505"
"7","0.7787058823529412","0.7321176470588235","0.4021176470588235","0.4021176470588235","0.01","0.01","0.01","0.01","0.01","1.01","0.01","0.175","0.13774193548387098","0.7847826086956522","0.21135593220338986","0.8657627118644068","0.505"
"3","0.934","0.4681176470588236","0.918470588235294","0.4487058823529412","0.01","0.01","0.01","1.01","0.01","0.01","0.01","0.175","0.13774193548387098","0.7847826086956522","0.21135593220338986","0.8657627118644068","0.505"
"3","0.4370588235294118","0.7398823529411765","0.07211764705882352","0.7709411764705882","0.01","0.01","0.01","0.01","1.01","0.01","0.01","0.175","0.13774193548387098","0.7847826086956522","0.21135593220338986","0.8657627118644068","0.505"
"4","0.9145882352941176","0.9495294117647058","0.09541176470588235","0.41764705882352937","1.01","0.01","0.01","0.01","0.01","0.01","0.01","0.175","0.13774193548387098","0.7847826086956522","0.21135593220338986","0.8657627118644068","0.505"
"9","0.604","0.11094117647058822","0.9107058823529411","0.4487058823529412","1.01","0.01","0.01","0.01","0.01","0.01","0.01","0.175","0.13774193548387098","0.7847826086956522","0.21135593220338986","0.8657627118644068","0.505"
"6","0.3594117647058824","0.5612941176470588","0.9844705882352941","0.23129411764705884","0.01","0.01","1.01","0.01","0.01","0.01","0.01","0.175","0.13774193548387098","0.7847826086956522","0.21135593220338986","0.8657627118644068","0.505"
"1","0.47200000000000003","0.07211764705882352","0.7903529411764706","0.22741176470588237","1.01","0.01","0.01","0.01","0.01","0.01","0.01","0.175","0.13774193548387098","0.7847826086956522","0.21135593220338986","0.882542372881356","0.505"
"3","0.5224705882352941","0.8874117647058823","0.0371764705882353","0.9844705882352941","0.01","0.01","0.01","1.01","0.01","0.01","0.01","0.175","0.13774193548387098","0.7847826086956522","0.21135593220338986","0.882542372881356","0.505"
"0","0.06435294117647058","0.5108235294117647","0.6932941176470588","0.7903529411764706","1.01","0.01","0.01","0.01","0.01","0.01","0.01","0.175","0.13774193548387098","0.7847826086956522","0.21135593220338986","0.882542372881356","0.505"
"2","0.6699999999999999","0.5263529411764706","0.918470588235294","0.5224705882352941","0.01","0.01","1.01","0.01","0.01","0.01","0.01","0.175","0.13774193548387098","0.7847826086956522","0.21135593220338986","0.882542372881356","0.505"
"1","0.23129411764705884","0.5535294117647059","0.6272941176470588","0.3749411764705883","0.01","0.01","1.01","0.01","0.01","0.01","0.01","0.175","0.13774193548387098","0.7847826086956522","0.21135593220338986","0.882542372881356","0.505"
"9","0.6932941176470588","0.7010588235294117","0.7398823529411765","0.49529411764705883","0.01","0.01","0.01","0.01","1.01","0.01","0.01","0.175","0.13774193548387098","0.7847826086956522","0.21135593220338986","0.882542372881356","0.505"
"4","0.9495294117647058","0.4409411764705882","0.5069411764705882","0.13423529411764706","0.01","0.01","1.01","0.01","0.01","0.01","0.01","0.175","0.13774193548387098","0.7847826086956522","0.21135593220338986","0.882542372881356","0.505"
"1","0.7282352941176471","0.41764705882352937","0.8718823529411764","0.8874117647058823","0.01","1.01","0.01","0.01","0.01","0.01","0.01","0.175","0.13774193548387098","0.7847826086956522","0.21135593220338986","0.882542372881356","0.505"
"7","0.49917647058823533","0.23129411764705884","0.07988235294117646","0.31670588235294117","0.01","0.01","0.01","0.01","0.01","0.01","1.01","0.175","0.13774193548387098","0.7847826086956522","0.21135593220338986","0.882542372881356","0.505"
"7","0.22741176470588237","0.8757647058823529","0.5224705882352941","0.3827058823529412","0.01","0.01","1.01","0.01","0.01","0.01","0.01","0.175","0.13774193548387098","0.7847826086956522","0.21135593220338986","0.882542372881356","0.505"
"4","0.06823529411764706","0.4021176470588235","0.6234117647058823","0.8757647058823529","0.01","1.01","0.01","0.01","0.01","0.01","0.01","0.175","0.13774193548387098","0.7847826086956522","0.21135593220338986","0.882542372881356","0.505"
"9","0.8408235294117647","0.7049411764705882","0.9961176470588236","0.09152941176470587","0.01","0.01","0.01","1.01","0.01","0.01","0.01","0.175","0.13774193548387098","0.7847826086956522","0.21135593220338986","0.882542372881356","0.505"
"2","0.47200000000000003","0.4254117647058824","0.2235294117647059","0.2351764705882353","1.01","0.01","0.01","0.01","0.01","0.01","0.01","0.175","0.13774193548387098","0.7847826086956522","0.21135593220338986","0.8993220338983051","0.505"
"1","0.5690588235294117","0.8524705882352941","0.7592941176470588","0.5302352941176471","0.01","0.01","0.01","0.01","0.01","1.01","0.01","0.175","0.13774193548387098","0.7847826086956522","0.21135593220338986","0.8993220338983051","0.505"
"5","0.8252941176470587","0.5768235294117646","0.6389411764705882","0.49529411764705883","1.01","0.01","0.01","0.01","0.01","0.01","0.01","0.175","0.13774193548387098","0.7847826086956522","0.21135593220338986","0.8993220338983051","0.505"
"2","0.3438823529411765","0.18082352941176472","0.7204705882352941","0.934","0.01","0.01","0.01","0.01","0.01","0.01","1.01","0.175","0.13774193548387098","0.7847826086956522","0.21135593220338986","0.8993220338983051","0.505"
"7","0.09541176470588235","0.9262352941176472","0.17694117647058824","0.7592941176470588","0.01","1.01","0.01","0.01","0.01","0.01","0.01","0.175","0.13774193548387098","0.7847826086956522","0.21135593220338986","0.8993220338983051","0.505"
"3","0.3632941176470588","0.3089411764705882","0.3749411764705883","0.7165882352941176","0.01","0.01","0.01","0.01","0.01","1.01","0.01","0.175","0.13774193548387098","0.7847826086956522","0.21135593220338986","0.8993220338983051","0.505"
"4","0.7515294117647059","0.24682352941176472","0.5224705882352941","0.09929411764705881","1.01","0.01","0.01","0.01","0.01","0.01","0.01","0.175","0.13774193548387098","0.7847826086956522","0.21135593220338986","0.8993220338983051","0.505"
"0","0.9805882352941176","0.6932941176470588","0.16917647058823532","0.5457647058823529","0.01","0.01","0.01","1.01","0.01","0.01","0.01","0.175","0.13774193548387098","0.7847826086956522","0.21135593220338986","0.8993220338983051","0.505"
"4","0.21576470588235297","0.26623529411764707","0.9728235294117646","0.7398823529411765","0.01","0.01","0.01","1.01","0.01","0.01","0.01","0.175","0.13774193548387098","0.7847826086956522","0.21135593220338986","0.8993220338983051","0.505"
"1","0.07211764705882352","0.44482352941176473","0.20800000000000002","0.060470588235294116","0.01","0.01","0.01","0.01","0.01","1.01","0.01","0.175","0.13774193548387098","0.7847826086956522","0.21135593220338986","0.8993220338983051","0.505"
"3","0.347764705882353","0.7476470588235294","0.8097647058823529","0.20411764705882354","0.01","0.01","1.01","0.01","0.01","0.01","0.01","0.175","0.13774193548387098","0.7847826086956522","0.21135593220338986","0.8993220338983051","0.505"
"4","0.20023529411764707","0.5263529411764706","0.23129411764705884","0.6350588235294118","0.01","0.01","0.01","0.01","0.01","0.01","1.01","0.175","0.13774193548387098","0.7847826086956522","0.21135593220338986","0.8993220338983051","0.505"
"7","0.941764705882353","0.8718823529411764","0.3710588235294118","0.7864705882352941","1.01","0.01","0.01","0.01","0.01","0.01","0.01","0.175","0.13774193548387098","0.7847826086956522","0.21135593220338986","0.9161016949152543","0.505"
"3","0.4292941176470588","0.9689411764705882","0.01","0.3632941176470588","0.01","1.01","0.01","0.01","0.01","0.01","0.01","0.175","0.13774193548387098","0.7847826086956522","0.21135593220338986","0.9161016949152543","0.505"
"5","0.6467058823529412","0.4409411764705882","0.3632941176470588","0.2972941176470589","0.01","1.01","0.01","0.01","0.01","0.01","0.01","0.175","0.13774193548387098","0.7847826086956522","0.21135593220338986","0.9161016949152543","0.505"
"8","0.538","0.5574117647058824","0.274","0.5108235294117647","0.01","1.01","0.01","0.01","0.01","0.01","0.01","0.175","0.13774193548387098","0.7847826086956522","0.21135593220338986","0.9161016949152543","0.505"
"8","0.5147058823529411","0.01","0.9922352941176471","0.5030588235294118","0.01","0.01","1.01","0.01","0.01","0.01","0.01","0.175","0.13774193548387098","0.7847826086956522","0.21135593220338986","0.9161016949152543","0.505"
"8","0.604","0.8485882352941176","0.8951764705882354","0.06823529411764706","0.01","0.01","0.01","1.01","0.01","0.01","0.01","0.175","0.13774193548387098","0.7847826086956522","0.21135593220338986","0.9161016949152543","0.505"
"7","0.7204705882352941","0.6389411764705882","0.06823529411764706","0.14200000000000002","0.01","0.01","0.01","0.01","0.01","1.01","0.01","0.175","0.13774193548387098","0.7847826086956522","0.21135593220338986","0.9161016949152543","0.505"
"1","0.02164705882352941","0.6078823529411764","0.5030588235294118","0.15364705882352944","0.01","0.01","0.01","0.01","1.01","0.01","0.01","0.175","0.13774193548387098","0.7847826086956522","0.21135593220338986","0.9161016949152543","0.505"
"4","0.6117647058823529","0.6894117647058824","0.4370588235294118","0.3128235294117647","0.01","0.01","0.01","0.01","0.01","0.01","1.01","0.175","0.13774193548387098","0.7847826086956522","0.21135593220338986","0.9161016949152543","0.505"
"2","0.7554117647058823","0.9029411764705882","0.8951764705882354","0.9572941176470589","0.01","0.01","0.01","1.01","0.01","0.01","0.01","0.175","0.13774193548387098","0.7847826086956522","0.21135593220338986","0.9161016949152543","0.505"
"6","0.4098823529411765","0.2934117647058823","0.7088235294117647","0.7670588235294117","0.01","0.01","0.01","0.01","0.01","1.01","0.01","0.175","0.13774193548387098","0.7847826086956522","0.21135593220338986","0.9161016949152543","0.505"
"7","0.7515294117647059","0.12258823529411764","0.7903529411764706","0.538","0.01","1.01","0.01","0.01","0.01","0.01","0.01","0.175","0.13774193548387098","0.7847826086956522","0.21135593220338986","0.9161016949152543","0.505"
"6","0.060470588235294116","0.6505882352941177","0.6894117647058824","0.4331764705882353","0.01","0.01","0.01","0.01","0.01","1.01","0.01","0.175","0.13774193548387098","0.7847826086956522","0.21135593220338986","0.9328813559322033","0.505"
"9","0.7709411764705882","0.20411764705882354","0.7398823529411765","0.09152941176470587","0.01","0.01","0.01","1.01","0.01","0.01","0.01","0.175","0.13774193548387098","0.7847826086956522","0.21135593220338986","0.9328813559322033","0.505"
"0","0.11870588235294117","0.21964705882352942","0.9145882352941176","0.11870588235294117","0.01","1.01","0.01","0.01","0.01","0.01","0.01","0.175","0.13774193548387098","0.7847826086956522","0.21135593220338986","0.9328813559322033","0.505"
"8","0.0371764705882353","0.6971764705882353","0.3244705882352941","0.3011764705882353","0.01","1.01","0.01","0.01","0.01","0.01","0.01","0.175","0.13774193548387098","0.7847826086956522","0.21135593220338986","0.9328813559322033","0.505"
"8","0.5807058823529412","0.8214117647058823","0.16529411764705884","0.281764705882353","0.01","0.01","1.01","0.01","0.01","0.01","0.01","0.175","0.13774193548387098","0.7847826086956522","0.21135593220338986","0.9328813559322033","0.505"
"8","0.4681176470588236","0.3128235294117647","0.2701176470588236","0.16917647058823532","0.01","0.01","1.01","0.01","0.01","0.01","0.01","0.175","0.13774193548387098","0.7847826086956522","0.21135593220338986","0.9328813559322033","0.505"
"7","0.4292941176470588","0.16141176470588237","0.6428235294117647","0.4603529411764706","1.01","0.01","0.01","0.01","0.01","0.01","0.01","0.175","0.13774193548387098","0.7847826086956522","0.21135593220338986","0.9328813559322033","0.505"
"9","0.7903529411764706","0.5535294117647059","0.0371764705882353","0.3982352941176471","0.01","0.01","1.01","0.01","0.01","0.01","0.01","0.175","0.13774193548387098","0.7847826086956522","0.21135593220338986","0.9328813559322033","0.505"
"0","0.7631764705882352","0.5923529411764706","0.33999999999999997","0.35552941176470587","0.01","1.01","0.01","0.01","0.01","0.01","0.01","0.175","0.13774193548387098","0.7847826086956522","0.21135593220338986","0.9328813559322033","0.505"
"9","0.5496470588235294","0.7243529411764705","0.04882352941176471","0.7981176470588235","0.01","0.01","0.01","0.01","0.01","1.01","0.01","0.175","0.13774193548387098","0.7847826086956522","0.21135593220338986","0.9328813559322033","0.505"
"3","0.2701176470588236","0.45647058823529413","0.7049411764705882","0.7049411764705882","0.01","0.01","0.01","0.01","0.01","0.01","1.01","0.175","0.13774193548387098","0.7847826086956522","0.21135593220338986","0.9328813559322033","0.505"
"9","0.4292941176470588","0.36717647058823527","0.406","0.4603529411764706","0.01","1.01","0.01","0.01","0.01","0.01","0.01","0.175","0.13774193548387098","0.7847826086956522","0.21135593220338986","0.9328813559322033","0.505"
"6","0.18082352941176472","0.17694117647058824","0.4254117647058824","0.3361176470588235","0.01","1.01","0.01","0.01","0.01","0.01","0.01","0.175","0.13774193548387098","0.7847826086956522","0.21135593220338986","0.9496610169491526","0.505"
"8","0.9223529411764705","0.7243529411764705","0.9456470588235294","0.3128235294117647","1.01","0.01","0.01","0.01","0.01","0.01","0.01","0.175","0.13774193548387098","0.7847826086956522","0.21135593220338986","0.9496610169491526","0.505"
"0","0.25070588235294117","0.6311764705882353","0.41764705882352937","0.25458823529411767","1.01","0.01","0.01","0.01","0.01","0.01","0.01","0.175","0.13774193548387098","0.7847826086956522","0.21135593220338986","0.9496610169491526","0.505"
"3","0.802","0.8369411764705883","0.941764705882353","0.4137647058823529","0.01","0.01","1.01","0.01","0.01","0.01","0.01","0.175","0.13774193548387098","0.7847826086956522","0.21135593220338986","0.9496610169491526","0.505"
"3","0.20800000000000002","0.7903529411764706","0.044941176470588234","0.33999999999999997","0.01","0.01","0.01","1.01","0.01","0.01","0.01","0.175","0.13774193548387098","0.7847826086956522","0.21135593220338986","0.9496610169491526","0.505"
"9","0.5612941176470588","0.20411764705882354","0.3244705882352941","0.4603529411764706","0.01","0.01","0.01","0.01","0.01","1.01","0.01","0.175","0.13774193548387098","0.7847826086956522","0.21135593220338986","0.9496610169491526","0.505"
"5","0.7010588235294117","0.3827058823529412","0.2701176470588236","0.6078823529411764","0.01","1.01","0.01","0.01","0.01","0.01","0.01","0.175","0.13774193548387098","0.7847826086956522","0.21135593220338986","0.9496610169491526","0.505"
"1","0.2235294117647059","0.36717647058823527","0.5768235294117646","0.4098823529411765","0.01","0.01","0.01","0.01","0.01","0.01","1.01","0.175","0.13774193548387098","0.7847826086956522","0.21135593220338986","0.9496610169491526","0.505"
"8","0.8058823529411765","0.6389411764705882","0.6195294117647059","0.16917647058823532","0.01","0.01","1.01","0.01","0.01","0.01","0.01","0.175","0.13774193548387098","0.7847826086956522","0.21135593220338986","0.9496610169491526","0.505"
"7","0.49917647058823533","0.6544705882352941","0.2701176470588236","0.6932941176470588","0.01","0.01","0.01","0.01","0.01","1.01","0.01","0.175","0.13774193548387098","0.7847826086956522","0.21135593220338986","0.9496610169491526","0.505"
"9","0.860235294117647","0.7748235294117647","0.9844705882352941","0.9145882352941176","0.01","1.01","0.01","0.01","0.01","0.01","0.01","0.175","0.13774193548387098","0.7847826086956522","0.21135593220338986","0.9496610169491526","0.505"
"2","0.05270588235294118","0.4603529411764706","0.6234117647058823","0.06823529411764706","0.01","0.01","0.01","0.01","0.01","0.01","1.01","0.175","0.13774193548387098","0.7847826086956522","0.21135593220338986","0.9496610169491526","0.505"
"1","0.41764705882352937","0.8447058823529412","0.1264705882352941","0.2390588235294118","1.01","0.01","0.01","0.01","0.01","0.01","0.01","0.175","0.13774193548387098","0.7847826086956522","0.21135593220338986","0.9664406779661017","0.505"
"1","0.2235294117647059","0.4254117647058824","0.8990588235294118","0.25070588235294117","0.01","1.01","0.01","0.01","0.01","0.01","0.01","0.175","0.13774193548387098","0.7847826086956522","0.21135593220338986","0.9664406779661017","0.505"
"2","0.9262352941176472","0.281764705882353","0.7282352941176471","0.9689411764705882","0.01","0.01","1.01","0.01","0.01","0.01","0.01","0.175","0.13774193548387098","0.7847826086956522","0.21135593220338986","0.9664406779661017","0.505"
"9","0.1458823529411765","0.9107058823529411","0.4331764705882353","0.13423529411764706","0.01","0.01","0.01","0.01","0.01","1.01","0.01","0.175","0.13774193548387098","0.7847826086956522","0.21135593220338986","0.9664406779661017","0.505"
"2","0.7748235294117647","0.5690588235294117","0.6156470588235294","0.16141176470588237","0.01","0.01","0.01","0.01","0.01","0.01","1.01","0.175","0.13774193548387098","0.7847826086956522","0.21135593220338986","0.9664406779661017","0.505"
"6","0.7243529411764705","0.8136470588235294","0.4098823529411765","0.8951764705882354","0.01","0.01","1.01","0.01","0.01","0.01","0.01","0.175","0.13774193548387098","0.7847826086956522","0.21135593220338986","0.9664406779661017","0.505"
"5","0.5496470588235294","0.5457647058823529","0.3710588235294118","0.1458823529411765","0.01","0.01","0.01","1.01","0.01","0.01","0.01","0.175","0.13774193548387098","0.7847826086956522","0.21135593220338986","0.9664406779661017","0.505"
"6","1.0","0.26235294117647057","0.33999999999999997","0.041058823529411766","0.01","0.01","0.01","0.01","0.01","1.01","0.01","0.175","0.13774193548387098","0.7847826086956522","0.21135593220338986","0.9664406779661017","0.505"
"8","0.281764705882353","0.24682352941176472","0.7165882352941176","0.9223529411764705","0.01","0.01","1.01","0.01","0.01","0.01","0.01","0.175","0.13774193548387098","0.7847826086956522","0.21135593220338986","0.9664406779661017","0.505"
"4","0.3749411764705883","0.27788235294117647","0.01","0.7282352941176471","0.01","0.01","0.01","0.01","0.01","1.01","0.01","0.175","0.13774193548387098","0.7847826086956522","0.21135593220338986","0.9664406779661017","0.505"
"5","0.7748235294117647","0.2390588235294118","0.24682352941176472","0.5224705882352941","0.01","0.01","0.01","0.01","0.01","1.01","0.01","0.175","0.13774193548387098","0.7847826086956522","0.21135593220338986","0.9664406779661017","0.505"
"3","0.45647058823529413","0.9961176470588236","0.1264705882352941","0.060470588235294116","0.01","1.01","0.01","0.01","0.01","0.01","0.01","0.175","0.13774193548387098","0.7847826086956522","0.21135593220338986","0.983220338983051","0.505"
"4","0.9495294117647058","0.06823529411764706","0.3982352941176471","0.21576470588235297","0.01","0.01","0.01","1.01","0.01","0.01","0.01","0.175","0.13774193548387098","0.7847826086956522","0.21135593220338986","0.983220338983051","0.505"
"3","0.9805882352941176","0.4409411764705882","0.6467058823529412","0.16529411764705884","0.01","0.01","0.01","0.01","0.01","0.01","1.01","0.175","0.13774193548387098","0.7847826086956522","0.21135593220338986","0.983220338983051","0.505"
"4","0.16917647058823532","0.15364705882352944","0.5069411764705882","0.20800000000000002","0.01","0.01","0.01","0.01","0.01","0.01","1.01","0.175","0.13774193548387098","0.7847826086956522","0.21135593220338986","0.983220338983051","0.505"
"7","0.8136470588235294","0.01776470588235294","0.27788235294117647","0.3244705882352941","1.01","0.01","0.01","0.01","0.01","0.01","0.01","0.175","0.13774193548387098","0.7847826086956522","0.21135593220338986","0.983220338983051","0.505"
"0","0.1575294117647059","0.044941176470588234","0.868","0.06435294117647058","0.01","0.01","0.01","0.01","0.01","0.01","1.01","0.175","0.13774193548387098","0.7847826086956522","0.21135593220338986","0.983220338983051","0.505"
"2","0.2235294117647059","0.281764705882353","0.5108235294117647","0.10317647058823529","0.01","0.01","0.01","0.01","0.01","1.01","0.01","0.175","0.13774193548387098","0.7847826086956522","0.21135593220338986","0.983220338983051","0.505"
"6","0.662235294117647","0.5147058823529411","0.4137647058823529","0.04882352941176471","0.01","0.01","0.01","0.01","0.01","1.01","0.01","0.175","0.13774193548387098","0.7847826086956522","0.21135593220338986","0.983220338983051","0.505"
"8","0.23129411764705884","0.6583529411764706","0.5845882352941177","0.12258823529411764","0.01","0.01","0.01","0.01","0.01","0.01","1.01","0.175","0.13774193548387098","0.7847826086956522","0.21135593220338986","0.983220338983051","0.505"
"0","0.26235294117647057","0.3011764705882353","0.3011764705882353","0.15364705882352944","0.01","0.01","1.01","0.01","0.01","0.01","0.01","0.175","0.13774193548387098","0.7847826086956522","0.21135593220338986","0.983220338983051","0.505"
"6","0.5224705882352941","0.31670588235294117","0.4370588235294118","0.47200000000000003","0.01","0.01","1.01","0.01","0.01","0.01","0.01","0.175","0.13774193548387098","0.7847826086956522","0.21135593220338986","0.983220338983051","0.505"
"6","0.14200000000000002","0.3244705882352941","0.8058823529411765","0.44482352941176473","0.01","0.01","1.01","0.01","0.01","0.01","0.01","0.175","0.13774193548387098","0.7847826086956522","0.21135593220338986","0.983220338983051","0.505"
"8","0.9378823529411765","0.11094117647058822","0.4021176470588235","0.5263529411764706","0.01","0.01","0.01","1.01","0.01","0.01","0.01","0.175","0.13774193548387098","0.7847826086956522","0.21135593220338986","1.0","0.505"
"6","0.6272941176470588","0.06823529411764706","0.3244705882352941","0.8912941176470588","0.01","0.01","0.01","1.01","0.01","0.01","0.01","0.175","0.13774193548387098","0.7847826086956522","0.21135593220338986","1.0","0.505"
"3","0.9534117647058823","0.3516470588235294","0.45647058823529413","0.6699999999999999","0.01","0.01","0.01","0.01","1.01","0.01","0.01","0.175","0.13774193548387098","0.7847826086956522","0.21135593220338986","1.0","0.505"
"6","0.662235294117647","0.9378823529411765","0.9262352941176472","0.2934117647058823","0.01","0.01","0.01","1.01","0.01","0.01","0.01","0.175","0.13774193548387098","0.7847826086956522","0.21135593220338986","1.0","0.505"
"7","0.5574117647058824","0.5651764705882353","0.6078823529411764","0.7165882352941176","0.01","0.01","0.01","1.01","0.01","0.01","0.01","0.175","0.13774193548387098","0.7847826086956522","0.21135593220338986","1.0","0.505"
"8","0.868","0.041058823529411766","0.4797647058823529","0.39435294117647063","0.01","0.01","1.01","0.01","0.01","0.01","0.01","0.175","0.13774193548387098","0.7847826086956522","0.21135593220338986","1.0","0.505"
"7","0.11870588235294117","0.3827058823529412","0.3128235294117647","0.8951764705882354","0.01","0.01","0.01","0.01","0.01","1.01","0.01","0.175","0.13774193548387098","0.7847826086956522","0.21135593220338986","1.0","0.505"
"3","0.5457647058823529","0.10705882352941176","0.060470588235294116","0.3594117647058824","0.01","0.01","0.01","0.01","0.01","0.01","1.01","0.175","0.13774193548387098","0.7847826086956522","0.21135593220338986","1.0","0.505"
"9","0.13811764705882354","0.6971764705882353","0.0371764705882353","0.7631764705882352","0.01","0.01","0.01","0.01","0.01","0.01","1.01","0.175","0.13774193548387098","0.7847826086956522","0.21135593220338986","1.0","0.505"
"3","0.6971764705882353","0.4021176470588235","0.9456470588235294","0.49917647058823533","1.01","0.01","0.01","0.01","0.01","0.01","0.01","0.175","0.13774193548387098","0.7847826086956522","0.21135593220338986","1.0","0.505"
"7","0.13423529411764706","0.3904705882352941","0.7903529411764706","0.2390588235294118","0.01","0.01","1.01","0.01","0.01","0.01","0.01","0.175","0.13774193548387098","0.7847826086956522","0.21135593220338986","1.0","0.505"
"9","0.3283529411764706","0.3788235294117647","0.5612941176470588","0.029411764705882353","0.01","0.01","0.01","1.01","0.01","0.01","0.01","0.175","0.13774193548387098","0.7847826086956522","0.21135593220338986","1.0","0.505"
"2","0.7631764705882352","0.2235294117647059","0.1264705882352941","0.8718823529411764","0.01","0.01","0.01","0.01","1.01","0.01","0.01","0.175","0.13774193548387098","0.7847826086956522","0.228135593220339","0.01","0.505"
"3","0.3361176470588235","0.2934117647058823","0.5845882352941177","0.3865882352941176","0.01","0.01","0.01","1.01","0.01","0.01","0.01","0.175","0.13774193548387098","0.7847826086956522","0.228135593220339","0.01","0.505"
"3","0.4098823529411765","0.16141176470588237","0.6078823529411764","0.30505882352941177","1.01","0.01","0.01","0.01","0.01","0.01","0.01","0.175","0.13774193548387098","0.7847826086956522","0.228135593220339","0.01","0.505"
"0","0.6894117647058824","0.28952941176470587","0.7321176470588235","0.6505882352941177","0.01","0.01","0.01","0.01","1.01","0.01","0.01","0.175","0.13774193548387098","0.7847826086956522","0.228135593220339","0.01","0.505"
"7","0.7825882352941177","0.3827058823529412","0.05658823529411765","0.3904705882352941","0.01","0.01","0.01","0.01","0.01","1.01","0.01","0.175","0.13774193548387098","0.7847826086956522","0.228135593220339","0.01","0.505"
"5","0.9689411764705882","0.4525882352941177","0.01","0.3982352941176471","0.01","0.01","0.01","0.01","1.01","0.01","0.01","0.175","0.13774193548387098","0.7847826086956522","0.228135593220339","0.01","0.505"
"2","0.9534117647058823","0.7088235294117647","0.7010588235294117","0.6777647058823529","0.01","0.01","0.01","0.01","0.01","1.01","0.01","0.175","0.13774193548387098","0.7847826086956522","0.228135593220339","0.01","0.505"
"8","0.6428235294117647","0.044941176470588234","0.17694117647058824","0.3904705882352941","0.01","0.01","1.01","0.01","0.01","0.01","0.01","0.175","0.13774193548387098","0.7847826086956522","0.228135593220339","0.01","0.505"
"9","0.060470588235294116","1.0","0.6855294117647059","0.3128235294117647","0.01","0.01","0.01","1.01","0.01","0.01","0.01","0.175","0.13774193548387098","0.7847826086956522","0.228135593220339","0.01","0.505"
"1","0.25070588235294117","0.8874117647058823","0.9495294117647058","0.18082352941176472","0.01","0.01","0.01","0.01","1.01","0.01","0.01","0.175","0.13774193548387098","0.7847826086956522","0.228135593220339","0.01","0.505"
"8","0.26235294117647057","0.6971764705882353","0.26623529411764707","0.17305882352941176","0.01","0.01","0.01","1.01","0.01","0.01","0.01","0.175","0.13774193548387098","0.7847826086956522","0.228135593220339","0.01","0.505"
"4","0.10705882352941176","0.060470588235294116","0.5224705882352941","0.1148235294117647","0.01","0.01","0.01","0.01","0.01","0.01","1.01","0.175","0.13774193548387098","0.7847826086956522","0.228135593220339","0.01","0.505"
"8","0.9728235294117646","0.5224705882352941","0.9534117647058823","0.7903529411764706","0.01","0.01","0.01","0.01","1.01","0.01","0.01","0.175","0.13774193548387098","0.7847826086956522","0.228135593220339","0.026779661016949154","0.505"
"8","0.6234117647058823","0.7554117647058823","0.1575294117647059","0.4525882352941177","0.01","0.01","0.01","0.01","0.01","0.01","1.01","0.175","0.13774193548387098","0.7847826086956522","0.228135593220339","0.026779661016949154","0.505"
"0","0.9145882352941176","0.9844705882352941","0.802","0.662235294117647","0.01","0.01","0.01","1.01","0.01","0.01","0.01","0.175","0.13774193548387098","0.7847826086956522","0.228135593220339","0.026779661016949154","0.505"
"7","0.5845882352941177","0.5574117647058824","0.06435294117647058","0.9456470588235294","0.01","0.01","0.01","0.01","1.01","0.01","0.01","0.175","0.13774193548387098","0.7847826086956522","0.228135593220339","0.026779661016949154","0.505"
"8","0.347764705882353","0.16529411764705884","0.44482352941176473","0.7127058823529412","0.01","0.01","0.01","0.01","0.01","0.01","1.01","0.175","0.13774193548387098","0.7847826086956522","0.228135593220339","0.026779661016949154","0.505"
"4","0.20411764705882354","0.42152941176470593","0.21964705882352942","0.5341176470588236","0.01","0.01","0.01","0.01","1.01","0.01","0.01","0.175","0.13774193548387098","0.7847826086956522","0.228135593220339","0.026779661016949154","0.505"
"6","0.09541176470588235","0.9107058823529411","0.8330588235294119","0.4137647058823529","0.01","0.01","0.01","1.01","0.01","0.01","0.01","0.175","0.13774193548387098","0.7847826086956522","0.228135593220339","0.026779661016949154","0.505"
"5","0.281764705882353","0.1148235294117647","0.8835294117647059","0.10705882352941176","0.01","1.01","0.01","0.01","0.01","0.01","0.01","0.175","0.13774193548387098","0.7847826086956522","0.228135593220339","0.026779661016949154","0.505"
"6","0.01776470588235294","0.934","0.7864705882352941","0.4137647058823529","0.01","0.01","0.01","0.01","0.01","0.01","1.01","0.175","0.13774193548387098","0.7847826086956522","0.228135593220339","0.026779661016949154","0.505"
"4","0.347764705882353","0.274","0.6311764705882353","0.8175294117647058","0.01","0.01","0.01","0.01","0.01","1.01","0.01","0.175","0.13774193548387098","0.7847826086956522","0.228135593220339","0.026779661016949154","0.505"
"1","0.3632941176470588","0.4681176470588236","0.8291764705882353","0.2701176470588236","0.01","0.01","0.01","0.01","1.01","0.01","0.01","0.175","0.13774193548387098","0.7847826086956522","0.228135593220339","0.026779661016949154","0.505"
"3","0.8330588235294119","0.14976470588235294","0.6738823529411764","0.2390588235294118","0.01","0.01","0.01","0.01","1.01","0.01","0.01","0.175","0.13774193548387098","0.7847826086956522","0.228135593220339","0.026779661016949154","0.505"
"1","0.7515294117647059","0.347764705882353","0.7010588235294117","0.8485882352941176","0.01","1.01","0.01","0.01","0.01","0.01","0.01","0.175","0.13774193548387098","0.7847826086956522","0.228135593220339","0.043559322033898305","0.505"
"3","0.09541176470588235","0.08764705882352941","0.7398823529411765","0.20800000000000002","0.01","0.01","0.01","0.01","0.01","1.01","0.01","0.175","0.13774193548387098","0.7847826086956522","0.228135593220339","0.043559322033898305","0.505"
"2","0.6311764705882353","0.3594117647058824","0.9378823529411765","0.4331764705882353","0.01","0.01","0.01","0.01","0.01","1.01","0.01","0.175","0.13774193548387098","0.7847826086956522","0.228135593220339","0.043559322033898305","0.505"
"5","0.5768235294117646","0.16141176470588237","0.4292941176470588","0.3982352941176471","0.01","1.01","0.01","0.01","0.01","0.01","0.01","0.175","0.13774193548387098","0.7847826086956522","0.228135593220339","0.043559322033898305","0.505"
"1","0.3788235294117647","0.5690588235294117","0.8757647058823529","0.4525882352941177","1.01","0.01","0.01","0.01","0.01","0.01","0.01","0.175","0.13774193548387098","0.7847826086956522","0.228135593220339","0.043559322033898305","0.505"
"3","0.45647058823529413","0.5302352941176471","0.4254117647058824","0.47200000000000003","0.01","0.01","1.01","0.01","0.01","0.01","0.01","0.175","0.13774193548387098","0.7847826086956522","0.228135593220339","0.043559322033898305","0.505"
"4","0.14200000000000002","0.21188235294117647","0.3516470588235294","0.6156470588235294","0.01","0.01","1.01","0.01","0.01","0.01","0.01","0.175","0.13774193548387098","0.7847826086956522","0.228135593220339","0.0771186440677966","0.505"
"2","0.9728235294117646","0.6932941176470588","0.7088235294117647","0.6816470588235295","0.01","0.01","0.01","0.01","0.01","1.01","0.01","0.175","0.13774193548387098","0.7847826086956522","0.228135593220339","0.0771186440677966","0.505"
"8","0.6971764705882353","0.36717647058823527","0.7631764705882352","0.6467058823529412","0.01","0.01","1.01","0.01","0.01","0.01","0.01","0.175","0.13774193548387098","0.7847826086956522","0.228135593220339","0.0771186440677966","0.505"
"6","0.3749411764705883","0.02164705882352941","0.6855294117647059","0.2584705882352941","0.01","0.01","0.01","0.01","1.01","0.01","0.01","0.175","0.13774193548387098","0.7847826086956522","0.228135593220339","0.0771186440677966","0.505"
"7","0.22741176470588237","0.6195294117647059","0.5612941176470588","0.31670588235294117","0.01","1.01","0.01","0.01","0.01","0.01","0.01","0.175","0.13774193548387098","0.7847826086956522","0.228135593220339","0.09389830508474575","0.505"
"0","0.8912941176470588","0.8951764705882354","0.8097647058823529","0.9572941176470589","0.01","0.01","0.01","1.01","0.01","0.01","0.01","0.175","0.13774193548387098","0.7847826086956522","0.228135593220339","0.09389830508474575","0.505"
"8","0.20411764705882354","0.8485882352941176","0.17305882352941176","0.14976470588235294","1.01","0.01","0.01","0.01","0.01","0.01","0.01","0.175","0.13774193548387098","0.7847826086956522","0.228135593220339","0.09389830508474575","0.505"
"9","0.8058823529411765","0.18082352941176472","0.5224705882352941","0.7321176470588235","0.01","0.01","1.01","0.01","0.01","0.01","0.01","0.175","0.13774193548387098","0.7847826086956522","0.228135593220339","0.09389830508474575","0.505"
"6","0.05658823529411765","0.47200000000000003","0.6156470588235294","0.9805882352941176","0.01","0.01","0.01","0.01","0.01","1.01","0.01","0.175","0.13774193548387098","0.7847826086956522","0.228135593220339","0.09389830508474575","0.505"
"0","0.3205882352941177","0.1963529411764706","0.24294117647058824","0.7088235294117647","1.01","0.01","0.01","0.01","0.01","0.01","0.01","0.175","0.13774193548387098","0.7847826086956522","0.228135593220339","0.09389830508474575","0.505"
"1","0.3594117647058824","0.918470588235294","0.4098823529411765","0.7903529411764706","0.01","1.01","0.01","0.01","0.01","0.01","0.01","0.175","0.13774193548387098","0.7847826086956522","0.228135593220339","0.09389830508474575","0.505"
"0","0.3128235294117647","0.4487058823529412","0.029411764705882353","0.8447058823529412","0.01","0.01","1.01","0.01","0.01","0.01","0.01","0.175","0.13774193548387098","0.7847826086956522","0.228135593220339","0.09389830508474575","0.505"
"6","0.4137647058823529","0.8563529411764705","0.8252941176470587","0.15364705882352944","0.01","0.01","1.01","0.01","0.01","0.01","0.01","0.175","0.13774193548387098","0.7847826086956522","0.228135593220339","0.09389830508474575","0.505"
"4","0.6195294117647059","0.1575294117647059","0.07988235294117646","0.060470588235294116","0.01","0.01","0.01","0.01","0.01","0.01","1.01","0.175","0.13774193548387098","0.7847826086956522","0.228135593220339","0.09389830508474575","0.505"
"4","0.9844705882352941","0.6311764705882353","0.11094117647058822","0.20023529411764707","0.01","0.01","0.01","0.01","0.01","0.01","1.01","0.175","0.13774193548387098","0.7847826086956522","0.228135593220339","0.09389830508474575","0.505"
"9","0.7864705882352941","0.918470588235294","0.6195294117647059","0.9495294117647058","0.01","1.01","0.01","0.01","0.01","0.01","0.01","0.175","0.13774193548387098","0.7847826086956522","0.228135593220339","0.09389830508474575","0.505"
"8","0.7787058823529412","0.01","0.5457647058823529","0.4875294117647059","0.01","1.01","0.01","0.01","0.01","0.01","0.01","0.175","0.13774193548387098","0.7847826086956522","0.228135593220339","0.09389830508474575","0.505"
"4","0.9728235294117646","0.3594117647058824","0.538","0.02164705882352941","0.01","0.01","0.01","0.01","0.01","0.01","1.01","0.175","0.13774193548387098","0.7847826086956522","0.228135593220339","0.11067796610169492","0.505"
"8","0.347764705882353","0.860235294117647","0.26235294117647057","0.5807058823529412","0.01","1.01","0.01","0.01","0.01","0.01","0.01","0.175","0.13774193548387098","0.7847826086956522","0.228135593220339","0.11067796610169492","0.505"
"6","0.4525882352941177","0.09929411764705881","0.3827058823529412","0.9068235294117647","0.01","1.01","0.01","0.01","0.01","0.01","0.01","0.175","0.13774193548387098","0.7847826086956522","0.228135593220339","0.11067796610169492","0.505"
"7","0.8796470588235294","0.20800000000000002","0.6699999999999999","0.5108235294117647","0.01","0.01","0.01","1.01","0.01","0.01","0.01","0.175","0.13774193548387098","0.7847826086956522","0.228135593220339","0.11067796610169492","0.505"
"3","0.041058823529411766","0.736","0.7476470588235294","0.16141176470588237","1.01","0.01","0.01","0.01","0.01","0.01","0.01","0.175","0.13774193548387098","0.7847826086956522","0.228135593220339","0.11067796610169492","0.505"
"3","0.9301176470588236","0.7670588235294117","0.029411764705882353","0.49529411764705883","0.01","0.01","1.01","0.01","0.01","0.01","0.01","0.175","0.13774193548387098","0.7847826086956522","0.228135593220339","0.11067796610169492","0.505"
"8","0.3322352941176471","0.6350588235294118","0.6738823529411764","0.802","1.01","0.01","0.01","0.01","0.01","0.01","0.01","0.175","0.13774193548387098","0.7847826086956522","0.228135593220339","0.11067796610169492","0.505"
"3","0.2584705882352941","0.8408235294117647","0.7049411764705882","0.16529411764705884","0.01","0.01","0.01","0.01","1.01","0.01","0.01","0.175","0.13774193548387098","0.7847826086956522","0.228135593220339","0.11067796610169492","0.505"
"3","0.8369411764705883","0.9107058823529411","0.25458823529411767","0.8369411764705883","0.01","1.01","0.01","0.01","0.01","0.01","0.01","0.175","0.13774193548387098","0.7847826086956522","0.228135593220339","0.11067796610169492","0.505"
"9","0.16529411764705884","0.9456470588235294","0.029411764705882353","0.9572941176470589","0.01","0.01","0.01","0.01","0.01","0.01","1.01","0.175","0.13774193548387098","0.7847826086956522","0.228135593220339","0.11067796610169492","0.505"
"1","0.18858823529411764","0.02164705882352941","0.8447058823529412","0.934","0.01","0.01","0.01","0.01","0.01","1.01","0.01","0.175","0.13774193548387098","0.7847826086956522","0.228135593220339","0.11067796610169492","0.505"
"3","0.3128235294117647","0.49917647058823533","0.7088235294117647","0.6389411764705882","0.01","0.01","0.01","0.01","0.01","0.01","1.01","0.175","0.13774193548387098","0.7847826086956522","0.228135593220339","0.12745762711864408","0.505"
"7","0.406","0.7981176470588235","0.9107058823529411","0.060470588235294116","0.01","1.01","0.01","0.01","0.01","0.01","0.01","0.175","0.13774193548387098","0.7847826086956522","0.228135593220339","0.12745762711864408","0.505"
"6","0.9844705882352941","0.27788235294117647","0.11094117647058822","0.4914117647058823","0.01","0.01","0.01","0.01","1.01","0.01","0.01","0.175","0.13774193548387098","0.7847826086956522","0.228135593220339","0.12745762711864408","0.505"
"1","0.14976470588235294","0.060470588235294116","0.9145882352941176","0.8796470588235294","0.01","0.01","1.01","0.01","0.01","0.01","0.01","0.175","0.13774193548387098","0.7847826086956522","0.228135593220339","0.12745762711864408","0.505"
"0","0.21188235294117647","0.11094117647058822","0.7825882352941177","0.1148235294117647","0.01","0.01","0.01","1.01","0.01","0.01","0.01","0.175","0.13774193548387098","0.7847826086956522","0.228135593220339","0.12745762711864408","0.505"
"8","0.6777647058823529","0.4797647058823529","0.01388235294117647","0.5923529411764706","0.01","0.01","0.01","0.01","1.01","0.01","0.01","0.175","0.13774193548387098","0.7847826086956522","0.228135593220339","0.12745762711864408","0.505"
"0","0.6272941176470588","0.604","0.9262352941176472","0.7049411764705882","0.01","0.01","0.01","1.01","0.01","0.01","0.01","0.175","0.13774193548387098","0.7847826086956522","0.228135593220339","0.12745762711864408","0.505"
"4","0.7010588235294117","0.9611764705882353","0.2235294117647059","0.6661176470588235","0.01","1.01","0.01","0.01","0.01","0.01","0.01","0.175","0.13774193548387098","0.7847826086956522","0.228135593220339","0.12745762711864408","0.505"
"1","0.9922352941176471","0.6272941176470588","0.6583529411764706","0.13811764705882354","0.01","0.01","0.01","1.01","0.01","0.01","0.01","0.175","0.13774193548387098","0.7847826086956522","0.228135593220339","0.12745762711864408","0.505"
"0","0.3438823529411765","0.01","0.3516470588235294","0.6894117647058824","0.01","0.01","0.01","1.01","0.01","0.01","0.01","0.175","0.13774193548387098","0.7847826086956522","0.228135593220339","0.12745762711864408","0.505"
"4","0.6467058823529412","0.5923529411764706","0.2701176470588236","0.04882352941176471","0.01","0.01","1.01","0.01","0.01","0.01","0.01","0.175","0.13774193548387098","0.7847826086956522","0.228135593220339","0.14423728813559322","0.505"
"6","0.4487058823529412","0.24682352941176472","0.9728235294117646","0.5496470588235294","0.01","0.01","0.01","1.01","0.01","0.01","0.01","0.175","0.13774193548387098","0.7847826086956522","0.228135593220339","0.14423728813559322","0.505"
"6","0.9844705882352941","0.9767058823529412","0.8485882352941176","0.36717647058823527","0.01","0.01","0.01","0.01","0.01","1.01","0.01","0.175","0.13774193548387098","0.7847826086956522","0.228135593220339","0.14423728813559322","0.505"
"5","0.8951764705882354","0.9650588235294117","0.4797647058823529","0.7204705882352941","0.01","0.01","0.01","0.01","0.01","1.01","0.01","0.175","0.13774193548387098","0.7847826086956522","0.228135593220339","0.14423728813559322","0.505"
"5","0.029411764705882353","0.918470588235294","0.3788235294117647","0.7127058823529412","0.01","0.01","0.01","1.01","0.01","0.01","0.01","0.175","0.13774193548387098","0.7847826086956522","0.228135593220339","0.14423728813559322","0.505"
"9","0.49529411764705883","0.918470588235294","0.2934117647058823","0.7321176470588235","1.01","0.01","0.01","0.01","0.01","0.01","0.01","0.175","0.13774193548387098","0.7847826086956522","0.228135593220339","0.14423728813559322","0.505"
"5","0.7981176470588235","0.025529411764705884","0.5069411764705882","0.3361176470588235","0.01","1.01","0.01","0.01","0.01","0.01","0.01","0.175","0.13774193548387098","0.7847826086956522","0.228135593220339","0.14423728813559322","0.505"
"5","0.07988235294117646","0.9922352941176471","0.3205882352941177","0.8136470588235294","0.01","0.01","0.01","0.01","0.01","1.01","0.01","0.175","0.13774193548387098","0.7847826086956522","0.228135593220339","0.14423728813559322","0.505"
"5","0.8291764705882353","0.2934117647058823","0.36717647058823527","0.39435294117647063","0.01","0.01","0.01","0.01","0.01","1.01","0.01","0.175","0.13774193548387098","0.7847826086956522","0.228135593220339","0.14423728813559322","0.505"
"1","0.8369411764705883","0.3749411764705883","0.05270588235294118","0.3904705882352941","1.01","0.01","0.01","0.01","0.01","0.01","0.01","0.175","0.13774193548387098","0.7847826086956522","0.228135593220339","0.14423728813559322","0.505"
"2","0.4525882352941177","0.16141176470588237","0.7127058823529412","0.2934117647058823","0.01","0.01","0.01","0.01","0.01","1.01","0.01","0.175","0.13774193548387098","0.7847826086956522","0.228135593220339","0.14423728813559322","0.505"
"4","0.6389411764705882","0.794235294117647","0.736","0.538","1.01","0.01","0.01","0.01","0.01","0.01","0.01","0.175","0.13774193548387098","0.7847826086956522","0.228135593220339","0.14423728813559322","0.505"
"8","0.4409411764705882","0.3283529411764706","0.20800000000000002","0.13423529411764706","0.01","0.01","0.01","0.01","0.01","1.01","0.01","0.175","0.13774193548387098","0.7847826086956522","0.228135593220339","0.1610169491525424","0.505"
"7","0.06823529411764706","0.8175294117647058","0.9650588235294117","0.9301176470588236","0.01","1.01","0.01","0.01","0.01","0.01","0.01","0.175","0.13774193548387098","0.7847826086956522","0.228135593220339","0.1610169491525424","0.505"
"6","0.3710588235294118","0.22741176470588237","0.4098823529411765","0.4797647058823529","0.01","0.01","0.01","0.01","0.01","1.01","0.01","0.175","0.13774193548387098","0.7847826086956522","0.228135593220339","0.1610169491525424","0.505"
"9","0.9844705882352941","0.8990588235294118","0.5069411764705882","0.8835294117647059","0.01","0.01","0.01","1.01","0.01","0.01","0.01","0.175","0.13774193548387098","0.7847826086956522","0.228135593220339","0.1610169491525424","0.505"
"5","0.4292941176470588","0.9767058823529412","0.794235294117647","0.36717647058823527","0.01","0.01","0.01","0.01","0.01","1.01","0.01","0.175","0.13774193548387098","0.7847826086956522","0.228135593220339","0.1610169491525424","0.505"
"3","0.39435294117647063","0.6777647058823529","0.26623529411764707","0.6894117647058824","0.01","0.01","0.01","1.01","0.01","0.01","0.01","0.175","0.13774193548387098","0.7847826086956522","0.228135593220339","0.1610169491525424","0.505"
"6","0.16917647058823532","0.3904705882352941","0.16917647058823532","0.1847058823529412","0.01","0.01","1.01","0.01","0.01","0.01","0.01","0.175","0.13774193548387098","0.7847826086956522","0.228135593220339","0.1610169491525424","0.505"
"4","0.3788235294117647","0.4137647058823529","0.7088235294117647","0.662235294117647","0.01","0.01","1.01","0.01","0.01","0.01","0.01","0.175","0.13774193548387098","0.7847826086956522","0.228135593220339","0.1610169491525424","0.505"
"6","0.3982352941176471","0.03329411764705882","0.26623529411764707","0.21576470588235297","0.01","1.01","0.01","0.01","0.01","0.01","0.01","0.175","0.13774193548387098","0.7847826086956522","0.228135593220339","0.1610169491525424","0.505"
"9","0.1148235294117647","0.7243529411764705","0.9961176470588236","0.1458823529411765","0.01","0.01","0.01","0.01","1.01","0.01","0.01","0.175","0.13774193548387098","0.7847826086956522","0.228135593220339","0.1610169491525424","0.505"
"9","0.7670588235294117","0.9572941176470589","0.8641176470588235","0.044941176470588234","0.01","0.01","0.01","0.01","0.01","1.01","0.01","0.175","0.13774193548387098","0.7847826086956522","0.228135593220339","0.1610169491525424","0.505"
"5","0.7864705882352941","0.7592941176470588","0.11094117647058822","0.3205882352941177","0.01","0.01","0.01","1.01","0.01","0.01","0.01","0.175","0.13774193548387098","0.7847826086956522","0.228135593220339","0.1610169491525424","0.505"
"5","0.4681176470588236","0.5341176470588236","0.39435294117647063","0.4487058823529412","0.01","0.01","0.01","0.01","1.01","0.01","0.01","0.175","0.13774193548387098","0.7847826086956522","0.228135593220339","0.17779661016949153","0.505"
"2","0.21188235294117647","0.9107058823529411","0.736","0.4292941176470588","0.01","0.01","1.01","0.01","0.01","0.01","0.01","0.175","0.13774193548387098","0.7847826086956522","0.228135593220339","0.17779661016949153","0.505"
"0","0.6583529411764706","0.9728235294117646","0.5263529411764706","0.24682352941176472","1.01","0.01","0.01","0.01","0.01","0.01","0.01","0.175","0.13774193548387098","0.7847826086956522","0.228135593220339","0.17779661016949153","0.505"
"8","0.8136470588235294","0.7398823529411765","0.6428235294117647","0.5069411764705882","0.01","0.01","0.01","0.01","0.01","1.01","0.01","0.175","0.13774193548387098","0.7847826086956522","0.228135593220339","0.17779661016949153","0.505"
"9","0.7592941176470588","0.7398823529411765","0.01","0.24682352941176472","0.01","0.01","0.01","1.01","0.01","0.01","0.01","0.175","0.13774193548387098","0.7847826086956522","0.228135593220339","0.17779661016949153","0.505"
"5","0.5612941176470588","0.26235294117647057","0.6117647058823529","0.45647058823529413","0.01","0.01","0.01","0.01","0.01","0.01","1.01","0.175","0.13774193548387098","0.7847826086956522","0.228135593220339","0.17779661016949153","0.505"
"0","0.24682352941176472","0.5457647058823529","0.347764705882353","0.6661176470588235","0.01","0.01","0.01","1.01","0.01","0.01","0.01","0.175","0.13774193548387098","0.7847826086956522","0.228135593220339","0.17779661016949153","0.505"
"4","0.49917647058823533","0.281764705882353","0.49529411764705883","0.7825882352941177","0.01","0.01","0.01","0.01","0.01","1.01","0.01","0.175","0.13774193548387098","0.7847826086956522","0.228135593220339","0.17779661016949153","0.505"
"6","0.7825882352941177","0.4603529411764706","0.5612941176470588","0.16917647058823532","0.01","0.01","0.01","0.01","1.01","0.01","0.01","0.175","0.13774193548387098","0.7847826086956522","0.228135593220339","0.17779661016949153","0.505"
"7","0.5729411764705882","0.1963529411764706","0.281764705882353","0.7204705882352941","0.01","0.01","0.01","0.01","1.01","0.01","0.01","0.175","0.13774193548387098","0.7847826086956522","0.228135593220339","0.17779661016949153","0.505"
"5","0.11094117647058822","0.33999999999999997","0.7127058823529412","0.8291764705882353","0.01","1.01","0.01","0.01","0.01","0.01","0.01","0.175","0.13774193548387098","0.7847826086956522","0.228135593220339","0.1945762711864407","0.505"
"4","0.604","0.9107058823529411","0.4137647058823529","0.5807058823529412","1.01","0.01","0.01","0.01","0.01","0.01","0.01","0.175","0.13774193548387098","0.7847826086956522","0.228135593220339","0.1945762711864407","0.505"
"7","0.5651764705882353","0.464235294117647","0.9728235294117646","0.15364705882352944","0.01","0.01","0.01","0.01","1.01","0.01","0.01","0.175","0.13774193548387098","0.7847826086956522","0.228135593220339","0.1945762711864407","0.505"
"4","0.12258823529411764","0.7903529411764706","0.0371764705882353","0.09152941176470587","0.01","0.01","1.01","0.01","0.01","0.01","0.01","0.175","0.13774193548387098","0.7847826086956522","0.228135593220339","0.1945762711864407","0.505"
"4","0.20800000000000002","0.23129411764705884","0.5457647058823529","0.274","1.01","0.01","0.01","0.01","0.01","0.01","0.01","0.175","0.13774193548387098","0.7847826086956522","0.228135593220339","0.1945762711864407","0.505"
"1","0.8796470588235294","0.5807058823529412","0.868","0.743764705882353","0.01","0.01","0.01","0.01","0.01","0.01","1.01","0.175","0.13774193548387098","0.7847826086956522","0.228135593220339","0.1945762711864407","0.505"
"4","0.025529411764705884","0.7554117647058823","0.6777647058823529","0.662235294117647","0.01","0.01","0.01","0.01","1.01","0.01","0.01","0.175","0.13774193548387098","0.7847826086956522","0.228135593220339","0.1945762711864407","0.505"
"6","0.8641176470588235","0.281764705882353","0.8097647058823529","0.8912941176470588","0.01","0.01","0.01","0.01","0.01","0.01","1.01","0.175","0.13774193548387098","0.7847826086956522","0.228135593220339","0.1945762711864407","0.505"
"1","0.21188235294117647","1.0","0.14976470588235294","0.7515294117647059","0.01","1.01","0.01","0.01","0.01","0.01","0.01","0.175","0.13774193548387098","0.7847826086956522","0.228135593220339","0.1945762711864407","0.505"
"9","0.8718823529411764","0.08764705882352941","0.3205882352941177","0.7709411764705882","0.01","0.01","0.01","0.01","0.01","0.01","1.01","0.175","0.13774193548387098","0.7847826086956522","0.228135593220339","0.1945762711864407","0.505"
"0","0.4603529411764706","0.20800000000000002","0.6001176470588235","0.4681176470588236","1.01","0.01","0.01","0.01","0.01","0.01","0.01","0.175","0.13774193548387098","0.7847826086956522","0.228135593220339","0.1945762711864407","0.505"
"8","0.06435294117647058","0.25070588235294117","0.8369411764705883","0.918470588235294","0.01","0.01","0.01","0.01","1.01","0.01","0.01","0.175","0.13774193548387098","0.7847826086956522","0.228135593220339","0.1945762711864407","0.505"
"6","0.1303529411764706","0.11870588235294117","0.05658823529411765","0.8447058823529412","0.01","0.01","0.01","1.01","0.01","0.01","0.01","0.175","0.13774193548387098","0.7847826086956522","0.228135593220339","0.21135593220338986","0.505"
"9","0.7515294117647059","0.9145882352941176","0.464235294117647","0.14976470588235294","0.01","0.01","1.01","0.01","0.01","0.01","0.01","0.175","0.13774193548387098","0.7847826086956522","0.228135593220339","0.21135593220338986","0.505"
"1","0.8485882352941176","0.3982352941176471","0.7515294117647059","0.9534117647058823","0.01","0.01","0.01","1.01","0.01","0.01","0.01","0.175","0.13774193548387098","0.7847826086956522","0.228135593220339","0.21135593220338986","0.505"
"6","0.7088235294117647","0.5263529411764706","0.2972941176470589","0.6311764705882353","0.01","0.01","0.01","1.01","0.01","0.01","0.01","0.175","0.13774193548387098","0.7847826086956522","0.228135593220339","0.21135593220338986","0.505"
"2","0.3594117647058824","0.41764705882352937","0.04882352941176471","0.8291764705882353","0.01","0.01","0.01","0.01","1.01","0.01","0.01","0.175","0.13774193548387098","0.7847826086956522","0.228135593220339","0.21135593220338986","0.505"
"5","0.7321176470588235","0.6544705882352941","0.04882352941176471","0.14200000000000002","0.01","0.01","0.01","1.01","0.01","0.01","0.01","0.175","0.13774193548387098","0.7847826086956522","0.228135593220339","0.21135593220338986","0.505"
"1","0.14200000000000002","0.8796470588235294","0.8524705882352941","0.9689411764705882","0.01","1.01","0.01","0.01","0.01","0.01","0.01","0.175","0.13774193548387098","0.7847826086956522","0.228135593220339","0.21135593220338986","0.505"
"8","0.10317647058823529","0.9456470588235294","0.2934117647058823","0.4137647058823529","0.01","0.01","0.01","1.01","0.01","0.01","0.01","0.175","0.13774193548387098","0.7847826086956522","0.228135593220339","0.21135593220338986","0.505"
"6","0.3594117647058824","0.07988235294117646","0.21964705882352942","0.44482352941176473","0.01","1.01","0.01","0.01","0.01","0.01","0.01","0.175","0.13774193548387098","0.7847826086956522","0.228135593220339","0.21135593220338986","0.505"
"3","0.5302352941176471","0.25458823529411767","0.7592941176470588","0.4525882352941177","0.01","1.01","0.01","0.01","0.01","0.01","0.01","0.175","0.13774193548387098","0.7847826086956522","0.228135593220339","0.21135593220338986","0.505"
"6","0.7864705882352941","0.13423529411764706","0.7010588235294117","0.21576470588235297","0.01","1.01","0.01","0.01","0.01","0.01","0.01","0.175","0.13774193548387098","0.7847826086956522","0.228135593220339","0.21135593220338986","0.505"
"4","0.01388235294117647","0.918470588235294","0.3244705882352941","0.2351764705882353","0.01","1.01","0.01","0.01","0.01","0.01","0.01","0.175","0.13774193548387098","0.7847826086956522","0.228135593220339","0.21135593220338986","0.505"
"5","0.28952941176470587","0.4875294117647059","0.5962352941176471","0.3011764705882353","0.01","0.01","0.01","0.01","0.01","0.01","1.01","0.175","0.13774193548387098","0.7847826086956522","0.228135593220339","0.228135593220339","0.505"
"5","0.9728235294117646","0.6428235294117647","0.01","0.9844705882352941","0.01","0.01","0.01","0.01","0.01","1.01","0.01","0.175","0.13774193548387098","0.7847826086956522","0.228135593220339","0.228135593220339","0.505"
"0","0.25070588235294117","0.794235294117647","0.8835294117647059","0.35552941176470587","0.01","0.01","0.01","0.01","0.01","0.01","1.01","0.175","0.13774193548387098","0.7847826086956522","0.228135593220339","0.228135593220339","0.505"
"8","0.7670588235294117","0.48364705882352943","0.0371764705882353","0.7903529411764706","0.01","0.01","0.01","1.01","0.01","0.01","0.01","0.175","0.13774193548387098","0.7847826086956522","0.228135593220339","0.228135593220339","0.505"
"4","0.9805882352941176","0.3749411764705883","0.3827058823529412","0.3322352941176471","1.01","0.01","0.01","0.01","0.01","0.01","0.01","0.175","0.13774193548387098","0.7847826086956522","0.228135593220339","0.228135593220339","0.505"
"3","0.4875294117647059","0.7127058823529412","0.30505882352941177","0.11094117647058822","0.01","0.01","1.01","0.01","0.01","0.01","0.01","0.175","0.13774193548387098","0.7847826086956522","0.228135593220339","0.228135593220339","0.505"
"3","0.6661176470588235","0.6894117647058824","0.8524705882352941","0.9068235294117647","0.01","0.01","0.01","0.01","1.01","0.01","0.01","0.175","0.13774193548387098","0.7847826086956522","0.228135593220339","0.228135593220339","0.505"
"6","0.3594117647058824","0.6699999999999999","0.2972941176470589","0.3516470588235294","0.01","0.01","0.01","0.01","0.01","1.01","0.01","0.175","0.13774193548387098","0.7847826086956522","0.228135593220339","0.24491525423728816","0.505"
"7","0.05658823529411765","0.3982352941176471","0.5845882352941177","0.36717647058823527","0.01","0.01","0.01","1.01","0.01","0.01","0.01","0.175","0.13774193548387098","0.7847826086956522","0.228135593220339","0.24491525423728816","0.505"
"0","0.918470588235294","0.28952941176470587","0.11094117647058822","0.2351764705882353","0.01","0.01","1.01","0.01","0.01","0.01","0.01","0.175","0.13774193548387098","0.7847826086956522","0.228135593220339","0.24491525423728816","0.505"
"7","0.5185882352941176","0.3632941176470588","0.3361176470588235","0.5457647058823529","1.01","0.01","0.01","0.01","0.01","0.01","0.01","0.175","0.13774193548387098","0.7847826086956522","0.228135593220339","0.24491525423728816","0.505"
"7","0.347764705882353","0.7010588235294117","0.5496470588235294","0.25458823529411767","0.01","0.01","0.01","0.01","0.01","0.01","1.01","0.175","0.13774193548387098","0.7847826086956522","0.228135593220339","0.24491525423728816","0.505"
"6","0.941764705882353","0.23129411764705884","0.6195294117647059","0.11870588235294117","0.01","0.01","1.01","0.01","0.01","0.01","0.01","0.175","0.13774193548387098","0.7847826086956522","0.228135593220339","0.24491525423728816","0.505"
"1","0.860235294117647","0.9262352941176472","0.9262352941176472","0.9145882352941176","0.01","0.01","0.01","0.01","0.01","0.01","1.01","0.175","0.13774193548387098","0.7847826086956522","0.228135593220339","0.24491525423728816","0.505"
"7","0.538","0.076","0.3749411764705883","0.01388235294117647","1.01","0.01","0.01","0.01","0.01","0.01","0.01","0.175","0.13774193548387098","0.7847826086956522","0.228135593220339","0.24491525423728816","0.505"
"4","0.8408235294117647","0.6272941176470588","0.4487058823529412","0.3788235294117647","0.01","0.01","1.01","0.01","0.01","0.01","0.01","0.175","0.13774193548387098","0.7847826086956522","0.228135593220339","0.24491525423728816","0.505"
"2","0.28952941176470587","0.8252941176470587","0.8524705882352941","0.662235294117647","0.01","0.01","1.01","0.01","0.01","0.01","0.01","0.175","0.13774193548387098","0.7847826086956522","0.228135593220339","0.24491525423728816","0.505"
"6","0.13811764705882354","0.7165882352941176","0.9689411764705882","0.13811764705882354","0.01","0.01","0.01","1.01","0.01","0.01","0.01","0.175","0.13774193548387098","0.7847826086956522","0.228135593220339","0.24491525423728816","0.505"
"9","0.860235294117647","0.5069411764705882","0.3089411764705882","0.8874117647058823","0.01","1.01","0.01","0.01","0.01","0.01","0.01","0.175","0.13774193548387098","0.7847826086956522","0.228135593220339","0.24491525423728816","0.505"
"4","0.9767058823529412","0.10317647058823529","0.8058823529411765","0.3438823529411765","0.01","1.01","0.01","0.01","0.01","0.01","0.01","0.175","0.13774193548387098","0.7847826086956522","0.228135593220339","0.26169491525423727","0.505"
"9","0.7787058823529412","0.3128235294117647","0.5535294117647059","0.7282352941176471","1.01","0.01","0.01","0.01","0.01","0.01","0.01","0.175","0.13774193548387098","0.7847826086956522","0.228135593220339","0.26169491525423727","0.505"
"2","0.4331764705882353","0.9223529411764705","0.5496470588235294","0.6894117647058824","0.01","0.01","0.01","0.01","1.01","0.01","0.01","0.175","0.13774193548387098","0.7847826086956522","0.228135593220339","0.26169491525423727","0.505"
"8","0.347764705882353","0.0371764705882353","0.1148235294117647","0.20023529411764707","0.01","0.01","0.01","0.01","1.01","0.01","0.01","0.175","0.13774193548387098","0.7847826086956522","0.228135593220339","0.26169491525423727","0.505"
"9","0.16529411764705884","0.5690588235294117","0.05658823529411765","0.5690588235294117","0.01","0.01","0.01","0.01","0.01","0.01","1.01","0.175","0.13774193548387098","0.7847826086956522","0.228135593220339","0.26169491525423727","0.505"
"5","0.1148235294117647","0.4409411764705882","0.39435294117647063","0.6738823529411764","0.01","0.01","0.01","0.01","0.01","1.01","0.01","0.175","0.13774193548387098","0.7847826086956522","0.228135593220339","0.26169491525423727","0.505"
"3","0.5263529411764706","0.3904705882352941","0.24682352941176472","0.14200000000000002","0.01","1.01","0.01","0.01","0.01","0.01","0.01","0.175","0.13774193548387098","0.7847826086956522","0.228135593220339","0.26169491525423727","0.505"
"3","0.6156470588235294","0.33999999999999997","0.6932941176470588","0.24682352941176472","0.01","0.01","0.01","1.01","0.01","0.01","0.01","0.175","0.13774193548387098","0.7847826086956522","0.228135593220339","0.26169491525423727","0.505"
"6","0.5496470588235294","0.5030588235294118","0.2701176470588236","0.9611764705882353","0.01","0.01","1.01","0.01","0.01","0.01","0.01","0.175","0.13774193548387098","0.7847826086956522","0.228135593220339","0.26169491525423727","0.505"
"4","0.8524705882352941","0.4331764705882353","0.9068235294117647","0.9883529411764707","0.01","0.01","0.01","1.01","0.01","0.01","0.01","0.175","0.13774193548387098","0.7847826086956522","0.228135593220339","0.26169491525423727","0.505"
"0","0.7631764705882352","0.9611764705882353","0.347764705882353","0.6467058823529412","0.01","0.01","0.01","0.01","0.01","1.01","0.01","0.175","0.13774193548387098","0.7847826086956522","0.228135593220339","0.26169491525423727","0.505"
"9","0.8408235294117647","0.4370588235294118","0.1963529411764706","0.9805882352941176","0.01","0.01","1.01","0.01","0.01","0.01","0.01","0.175","0.13774193548387098","0.7847826086956522","0.228135593220339","0.26169491525423727","0.505"
"8","0.8252941176470587","0.9611764705882353","0.7554117647058823","0.8912941176470588","0.01","0.01","0.01","1.01","0.01","0.01","0.01","0.175","0.13774193548387098","0.7847826086956522","0.228135593220339","0.26169491525423727","0.505"
"8","0.6971764705882353","0.7243529411764705","0.18858823529411764","0.3128235294117647","0.01","0.01","0.01","0.01","0.01","1.01","0.01","0.175","0.13774193548387098","0.7847826086956522","0.228135593220339","0.27847457627118644","0.505"
"3","0.13423529411764706","0.4875294117647059","0.029411764705882353","0.6738823529411764","0.01","0.01","0.01","0.01","1.01","0.01","0.01","0.175","0.13774193548387098","0.7847826086956522","0.228135593220339","0.27847457627118644","0.505"
"1","0.8912941176470588","0.8718823529411764","0.5535294117647059","0.6777647058823529","0.01","0.01","0.01","0.01","0.01","0.01","1.01","0.175","0.13774193548387098","0.7847826086956522","0.228135593220339","0.27847457627118644","0.505"
"8","0.9689411764705882","0.8136470588235294","0.1847058823529412","0.7398823529411765","0.01","1.01","0.01","0.01","0.01","0.01","0.01","0.175","0.13774193548387098","0.7847826086956522","0.228135593220339","0.27847457627118644","0.505"
"7","0.3982352941176471","0.6001176470588235","0.347764705882353","0.9262352941176472","0.01","0.01","0.01","1.01","0.01","0.01","0.01","0.175","0.13774193548387098","0.7847826086956522","0.228135593220339","0.27847457627118644","0.505"
"4","0.9883529411764707","0.4370588235294118","0.6932941176470588","0.8058823529411765","0.01","0.01","0.01","0.01","0.01","0.01","1.01","0.175","0.13774193548387098","0.7847826086956522","0.228135593220339","0.27847457627118644","0.505"
"1","0.3827058823529412","0.5069411764705882","0.076","0.5418823529411765","0.01","0.01","1.01","0.01","0.01","0.01","0.01","0.175","0.13774193548387098","0.7847826086956522","0.228135593220339","0.27847457627118644","0.505"
"6","0.9223529411764705","0.3438823529411765","0.8447058823529412","0.934","0.01","0.01","0.01","0.01","1.01","0.01","0.01","0.175","0.13774193548387098","0.7847826086956522","0.228135593220339","0.27847457627118644","0.505"
"1","0.6738823529411764","0.8718823529411764","0.8990588235294118","0.7282352941176471","0.01","0.01","0.01","0.01","1.01","0.01","0.01","0.175","0.13774193548387098","0.7847826086956522","0.228135593220339","0.27847457627118644","0.505"
"3","0.49917647058823533","0.3788235294117647","0.27788235294117647","0.24682352941176472","0.01","0.01","0.01","0.01","1.01","0.01","0.01","0.175","0.13774193548387098","0.7847826086956522","0.228135593220339","0.27847457627118644","0.505"
"1","0.11870588235294117","0.10317647058823529","0.20411764705882354","0.44482352941176473","0.01","0.01","0.01","0.01","0.01","0.01","1.01","0.175","0.13774193548387098","0.7847826086956522","0.228135593220339","0.2952542372881356","0.505"
"6","0.4681176470588236","0.4525882352941177","0.49529411764705883","0.9107058823529411","0.01","0.01","1.01","0.01","0.01","0.01","0.01","0.175","0.13774193548387098","0.7847826086956522","0.228135593220339","0.2952542372881356","0.505"
"2","0.6350588235294118","0.08764705882352941","0.1847058823529412","0.6272941176470588","0.01","1.01","0.01","0.01","0.01","0.01","0.01","0.175","0.13774193548387098","0.7847826086956522","0.228135593220339","0.2952542372881356","0.505"
"7","0.10317647058823529","0.9767058823529412","0.1458823529411765","0.3749411764705883","0.01","0.01","1.01","0.01","0.01","0.01","0.01","0.175","0.13774193548387098","0.7847826086956522","0.228135593220339","0.2952542372881356","0.505"
"3","0.4914117647058823","0.5923529411764706","0.3982352941176471","0.060470588235294116","0.01","0.01","0.01","1.01","0.01","0.01","0.01","0.175","0.13774193548387098","0.7847826086956522","0.228135593220339","0.2952542372881356","0.505"
"4","0.7981176470588235","0.9805882352941176","0.9029411764705882","0.01776470588235294","0.01","0.01","0.01","1.01","0.01","0.01","0.01","0.175","0.13774193548387098","0.7847826086956522","0.228135593220339","0.2952542372881356","0.505"
"4","0.2972941176470589","0.49917647058823533","0.14200000000000002","0.7282352941176471","1.01","0.01","0.01","0.01","0.01","0.01","0.01","0.175","0.13774193548387098","0.7847826086956522","0.228135593220339","0.2952542372881356","0.505"
"8","0.48364705882352943","0.9611764705882353","0.30505882352941177","0.044941176470588234","0.01","0.01","1.01","0.01","0.01","0.01","0.01","0.175","0.13774193548387098","0.7847826086956522","0.228135593220339","0.2952542372881356","0.505"
"3","0.07211764705882352","0.7243529411764705","0.7321176470588235","0.9922352941176471","1.01","0.01","0.01","0.01","0.01","0.01","0.01","0.175","0.13774193548387098","0.7847826086956522","0.228135593220339","0.2952542372881356","0.505"
"9","0.27788235294117647","0.24682352941176472","0.6583529411764706","0.9029411764705882","0.01","0.01","0.01","0.01","0.01","1.01","0.01","0.175","0.13774193548387098","0.7847826086956522","0.228135593220339","0.2952542372881356","0.505"
"4","0.06435294117647058","0.8291764705882353","0.8058823529411765","0.6389411764705882","0.01","1.01","0.01","0.01","0.01","0.01","0.01","0.175","0.13774193548387098","0.7847826086956522","0.228135593220339","0.2952542372881356","0.505"
"8","0.17694117647058824","0.3904705882352941","0.6699999999999999","0.3244705882352941","0.01","0.01","1.01","0.01","0.01","0.01","0.01","0.175","0.13774193548387098","0.7847826086956522","0.228135593220339","0.2952542372881356","0.505"
"4","0.8408235294117647","0.4914117647058823","0.11870588235294117","0.6428235294117647","0.01","1.01","0.01","0.01","0.01","0.01","0.01","0.175","0.13774193548387098","0.7847826086956522","0.228135593220339","0.31203389830508477","0.505"
"7","0.2972941176470589","0.9611764705882353","0.6894117647058824","0.4021176470588235","0.01","0.01","0.01","0.01","0.01","0.01","1.01","0.175","0.13774193548387098","0.7847826086956522","0.228135593220339","0.31203389830508477","0.505"
"9","0.4021176470588235","0.3128235294117647","0.7864705882352941","0.17694117647058824","0.01","0.01","0.01","1.01","0.01","0.01","0.01","0.175","0.13774193548387098","0.7847826086956522","0.228135593220339","0.31203389830508477","0.505"
"7","0.4254117647058824","0.45647058823529413","0.3438823529411765","0.538","0.01","1.01","0.01","0.01","0.01","0.01","0.01","0.175","0.13774193548387098","0.7847826086956522","0.228135593220339","0.31203389830508477","0.505"
"8","0.9689411764705882","0.01","0.6777647058823529","0.2972941176470589","1.01","0.01","0.01","0.01","0.01","0.01","0.01","0.175","0.13774193548387098","0.7847826086956522","0.228135593220339","0.31203389830508477","0.505"
"2","0.6350588235294118","0.49917647058823533","0.5768235294117646","0.07988235294117646","0.01","1.01","0.01","0.01","0.01","0.01","0.01","0.175","0.13774193548387098","0.7847826086956522","0.228135593220339","0.31203389830508477","0.505"
"2","0.6311764705882353","0.9922352941176471","0.3982352941176471","0.01388235294117647","0.01","0.01","0.01","0.01","0.01","1.01","0.01","0.175","0.13774193548387098","0.7847826086956522","0.228135593220339","0.31203389830508477","0.505"
"7","0.8136470588235294","0.26623529411764707","0.6544705882352941","0.4098823529411765","0.01","0.01","0.01","0.01","0.01","1.01","0.01","0.175","0.13774193548387098","0.7847826086956522","0.228135593220339","0.31203389830508477","0.505"
"8","0.21576470588235297","0.6117647058823529","0.8175294117647058","0.7127058823529412","0.01","0.01","0.01","0.01","1.01","0.01","0.01","0.175","0.13774193548387098","0.7847826086956522","0.228135593220339","0.3288135593220339","0.505"
"0","0.736","0.3089411764705882","0.5341176470588236","0.860235294117647","1.01","0.01","0.01","0.01","0.01","0.01","0.01","0.175","0.13774193548387098","0.7847826086956522","0.228135593220339","0.3288135593220339","0.505"
"2","0.5651764705882353","0.19247058823529414","0.8718823529411764","0.06823529411764706","0.01","0.01","0.01","0.01","0.01","1.01","0.01","0.175","0.13774193548387098","0.7847826086956522","0.228135593220339","0.3288135593220339","0.505"
"2","0.5690588235294117","0.7787058823529412","0.05658823529411765","0.8252941176470587","0.01","0.01","0.01","0.01","1.01","0.01","0.01","0.175","0.13774193548387098","0.7847826086956522","0.228135593220339","0.3288135593220339","0.505"
"1","0.9922352941176471","0.4487058823529412","0.347764705882353","0.5185882352941176","0.01","1.01","0.01","0.01","0.01","0.01","0.01","0.175","0.13774193548387098","0.7847826086956522","0.228135593220339","0.34559322033898304","0.505"
"3","0.941764705882353","0.8252941176470587","0.2390588235294118","1.0","1.01","0.01","0.01","0.01","0.01","0.01","0.01","0.175","0.13774193548387098","0.7847826086956522","0.228135593220339","0.34559322033898304","0.505"
"5","0.7282352941176471","0.19247058823529414","0.281764705882353","0.04882352941176471","0.01","0.01","0.01","0.01","1.01","0.01","0.01","0.175","0.13774193548387098","0.7847826086956522","0.228135593220339","0.34559322033898304","0.505"
"5","0.6932941176470588","0.5263529411764706","0.2584705882352941","0.868","1.01","0.01","0.01","0.01","0.01","0.01","0.01","0.175","0.13774193548387098","0.7847826086956522","0.228135593220339","0.34559322033898304","0.505"
"2","0.14976470588235294","0.2972941176470589","0.6428235294117647","0.9805882352941176","0.01","0.01","0.01","0.01","0.01","0.01","1.01","0.175","0.13774193548387098","0.7847826086956522","0.228135593220339","0.34559322033898304","0.505"
"5","0.3283529411764706","0.36717647058823527","0.044941176470588234","0.7127058823529412","0.01","0.01","0.01","0.01","0.01","0.01","1.01","0.175","0.13774193548387098","0.7847826086956522","0.228135593220339","0.34559322033898304","0.505"
"1","0.3827058823529412","0.25070588235294117","0.18082352941176472","0.6661176470588235","0.01","1.01","0.01","0.01","0.01","0.01","0.01","0.175","0.13774193548387098","0.7847826086956522","0.228135593220339","0.34559322033898304","0.505"
"0","0.4331764705882353","0.6971764705882353","0.06823529411764706","0.1264705882352941","0.01","0.01","0.01","0.01","1.01","0.01","0.01","0.175","0.13774193548387098","0.7847826086956522","0.228135593220339","0.34559322033898304","0.505"
"0","0.01388235294117647","0.05270588235294118","0.7748235294117647","0.15364705882352944","1.01","0.01","0.01","0.01","0.01","0.01","0.01","0.175","0.13774193548387098","0.7847826086956522","0.228135593220339","0.34559322033898304","0.505"
"6","0.3361176470588235","0.5962352941176471","0.42152941176470593","0.8252941176470587","0.01","0.01","0.01","0.01","0.01","0.01","1.01","0.175","0.13774193548387098","0.7847826086956522","0.228135593220339","0.34559322033898304","0.505"
"4","0.8291764705882353","0.8175294117647058","0.7127058823529412","0.08376470588235294","0.01","0.01","0.01","0.01","0.01","0.01","1.01","0.175","0.13774193548387098","0.7847826086956522","0.228135593220339","0.3623728813559322","0.505"
"9","0.41764705882352937","0.6777647058823529","0.3244705882352941","0.5418823529411765","0.01","0.01","0.01","1.01","0.01","0.01","0.01","0.175","0.13774193548387098","0.7847826086956522","0.228135593220339","0.3623728813559322","0.505"
"6","0.20411764705882354","0.5807058823529412","0.3788235294117647","0.5962352941176471","0.01","0.01","0.01","1.01","0.01","0.01","0.01","0.175","0.13774193548387098","0.7847826086956522","0.228135593220339","0.3623728813559322","0.505"
"6","0.4487058823529412","0.7127058823529412","0.2701176470588236","0.8912941176470588","1.01","0.01","0.01","0.01","0.01","0.01","0.01","0.175","0.13774193548387098","0.7847826086956522","0.228135593220339","0.3623728813559322","0.505"
"6","0.4409411764705882","0.5030588235294118","0.22741176470588237","0.5535294117647059","0.01","0.01","0.01","0.01","0.01","1.01","0.01","0.175","0.13774193548387098","0.7847826086956522","0.228135593220339","0.3623728813559322","0.505"
"3","0.041058823529411766","0.9650588235294117","0.5457647058823529","0.7787058823529412","0.01","0.01","0.01","0.01","0.01","0.01","1.01","0.175","0.13774193548387098","0.7847826086956522","0.228135593220339","0.3623728813559322","0.505"
"8","0.7127058823529412","0.9456470588235294","0.7787058823529412","0.4021176470588235","0.01","0.01","0.01","1.01","0.01","0.01","0.01","0.175","0.13774193548387098","0.7847826086956522","0.228135593220339","0.3623728813559322","0.505"
"4","0.3361176470588235","0.45647058823529413","0.3516470588235294","0.6699999999999999","0.01","1.01","0.01","0.01","0.01","0.01","0.01","0.175","0.13774193548387098","0.7847826086956522","0.228135593220339","0.3623728813559322","0.505"
"9","0.7554117647058823","0.07211764705882352","0.3594117647058824","0.08764705882352941","0.01","1.01","0.01","0.01","0.01","0.01","0.01","0.175","0.13774193548387098","0.7847826086956522","0.228135593220339","0.3623728813559322","0.505"
"8","0.18858823529411764","0.029411764705882353","0.17305882352941176","0.7787058823529412","0.01","0.01","0.01","0.01","0.01","0.01","1.01","0.175","0.13774193548387098","0.7847826086956522","0.228135593220339","0.3623728813559322","0.505"
"0","0.6738823529411764","0.3982352941176471","0.8641176470588235","0.934","0.01","0.01","0.01","0.01","0.01","1.01","0.01","0.175","0.13774193548387098","0.7847826086956522","0.228135593220339","0.3623728813559322","0.505"
"7","0.8058823529411765","0.3865882352941176","0.918470588235294","0.8175294117647058","0.01","0.01","0.01","0.01","1.01","0.01","0.01","0.175","0.13774193548387098","0.7847826086956522","0.228135593220339","0.3623728813559322","0.505"
"4","0.9572941176470589","0.1847058823529412","0.13811764705882354","0.9495294117647058","0.01","0.01","0.01","0.01","1.01","0.01","0.01","0.175","0.13774193548387098","0.7847826086956522","0.228135593220339","0.3791525423728814","0.505"
"5","0.2701176470588236","0.743764705882353","0.7670588235294117","0.3865882352941176","0.01","0.01","0.01","0.01","1.01","0.01","0.01","0.175","0.13774193548387098","0.7847826086956522","0.228135593220339","0.3791525423728814","0.505"
"3","0.9223529411764705","0.662235294117647","0.27788235294117647","0.9223529411764705","0.01","0.01","0.01","0.01","1.01","0.01","0.01","0.175","0.13774193548387098","0.7847826086956522","0.228135593220339","0.3791525423728814","0.505"
"7","0.9767058823529412","0.06823529411764706","0.13423529411764706","0.7321176470588235","0.01","0.01","1.01","0.01","0.01","0.01","0.01","0.175","0.13774193548387098","0.7847826086956522","0.228135593220339","0.3791525423728814","0.505"
"3","0.5069411764705882","0.20411764705882354","0.8718823529411764","0.8796470588235294","0.01","0.01","0.01","1.01","0.01","0.01","0.01","0.175","0.13774193548387098","0.7847826086956522","0.228135593220339","0.3791525423728814","0.505"
"0","0.21576470588235297","0.6505882352941177","0.9728235294117646","0.7165882352941176","0.01","0.01","0.01","0.01","0.01","0.01","1.01","0.175","0.13774193548387098","0.7847826086956522","0.228135593220339","0.3791525423728814","0.505"
"9","0.3749411764705883","0.3982352941176471","0.1264705882352941","0.45647058823529413","0.01","0.01","0.01","1.01","0.01","0.01","0.01","0.175","0.13774193548387098","0.7847826086956522","0.228135593220339","0.3791525423728814","0.505"
"0","0.4331764705882353","0.8485882352941176","0.19247058823529414","0.30505882352941177","0.01","0.01","0.01","0.01","1.01","0.01","0.01","0.175","0.13774193548387098","0.7847826086956522","0.228135593220339","0.3791525423728814","0.505"
"0","0.7321176470588235","0.9495294117647058","0.9301176470588236","0.5612941176470588","0.01","0.01","1.01","0.01","0.01","0.01","0.01","0.175","0.13774193548387098","0.7847826086956522","0.228135593220339","0.39593220338983054","0.505"
"2","0.8097647058823529","0.5807058823529412","0.3322352941176471","0.4525882352941177","1.01","0.01","0.01","0.01","0.01","0.01","0.01","0.175","0.13774193548387098","0.7847826086956522","0.228135593220339","0.39593220338983054","0.505"
"4","0.6350588235294118","0.8563529411764705","0.8874117647058823","0.6117647058823529","1.01","0.01","0.01","0.01","0.01","0.01","0.01","0.175","0.13774193548387098","0.7847826086956522","0.228135593220339","0.39593220338983054","0.505"
"9","0.2701176470588236","0.6467058823529412","0.8214117647058823","0.7787058823529412","0.01","0.01","0.01","0.01","1.01","0.01","0.01","0.175","0.13774193548387098","0.7847826086956522","0.228135593220339","0.39593220338983054","0.505"
"6","0.7787058823529412","0.4603529411764706","0.5418823529411765","0.802","0.01","0.01","1.01","0.01","0.01","0.01","0.01","0.175","0.13774193548387098","0.7847826086956522","0.228135593220339","0.39593220338983054","0.505"
"1","0.7825882352941177","0.8291764705882353","0.5185882352941176","0.5302352941176471","0.01","0.01","0.01","0.01","0.01","1.01","0.01","0.175","0.13774193548387098","0.7847826086956522","0.228135593220339","0.39593220338983054","0.505"
"3","0.8990588235294118","0.21576470588235297","0.802","0.9029411764705882","0.01","0.01","0.01","0.01","1.01","0.01","0.01","0.175","0.13774193548387098","0.7847826086956522","0.228135593220339","0.39593220338983054","0.505"
"7","0.20800000000000002","0.07988235294117646","0.6855294117647059","0.26235294117647057","1.01","0.01","0.01","0.01","0.01","0.01","0.01","0.175","0.13774193548387098","0.7847826086956522","0.228135593220339","0.39593220338983054","0.505"
"8","0.10317647058823529","0.1264705882352941","0.6467058823529412","0.060470588235294116","0.01","1.01","0.01","0.01","0.01","0.01","0.01","0.175","0.13774193548387098","0.7847826086956522","0.228135593220339","0.39593220338983054","0.505"
"7","0.9883529411764707","0.736","0.9805882352941176","0.09541176470588235","0.01","1.01","0.01","0.01","0.01","0.01","0.01","0.175","0.13774193548387098","0.7847826086956522","0.228135593220339","0.39593220338983054","0.505"
"7","0.5768235294117646","0.2351764705882353","0.406","0.8330588235294119","0.01","0.01","0.01","0.01","1.01","0.01","0.01","0.175","0.13774193548387098","0.7847826086956522","0.228135593220339","0.4127118644067797","0.505"
"5","0.7709411764705882","0.17305882352941176","0.1575294117647059","0.044941176470588234","0.01","0.01","0.01","1.01","0.01","0.01","0.01","0.175","0.13774193548387098","0.7847826086956522","0.228135593220339","0.4127118644067797","0.505"
"0","0.8485882352941176","0.7864705882352941","0.09541176470588235","0.9223529411764705","0.01","0.01","0.01","1.01","0.01","0.01","0.01","0.175","0.13774193548387098","0.7847826086956522","0.228135593220339","0.4127118644067797","0.505"
"9","0.30505882352941177","0.1303529411764706","0.6661176470588235","0.9922352941176471","0.01","0.01","0.01","0.01","1.01","0.01","0.01","0.175","0.13774193548387098","0.7847826086956522","0.228135593220339","0.4127118644067797","0.505"
"5","0.3749411764705883","0.39435294117647063","0.6894117647058824","0.08764705882352941","0.01","0.01","0.01","1.01","0.01","0.01","0.01","0.175","0.13774193548387098","0.7847826086956522","0.228135593220339","0.4127118644067797","0.505"
"9","0.3283529411764706","0.9029411764705882","0.5147058823529411","0.7864705882352941","0.01","0.01","0.01","0.01","0.01","0.01","1.01","0.175","0.13774193548387098","0.7847826086956522","0.228135593220339","0.4127118644067797","0.505"
"0","0.18858823529411764","0.16917647058823532","0.7709411764705882","0.3788235294117647","0.01","0.01","0.01","0.01","0.01","1.01","0.01","0.175","0.13774193548387098","0.7847826086956522","0.228135593220339","0.4127118644067797","0.505"
"8","0.7321176470588235","0.9844705882352941","0.31670588235294117","0.3283529411764706","0.01","0.01","0.01","0.01","0.01","1.01","0.01","0.175","0.13774193548387098","0.7847826086956522","0.228135593220339","0.4294915254237288","0.505"
"5","0.07211764705882352","0.918470588235294","0.3516470588235294","0.25458823529411767","0.01","0.01","0.01","0.01","0.01","1.01","0.01","0.175","0.13774193548387098","0.7847826086956522","0.228135593220339","0.4294915254237288","0.505"
"8","0.7554117647058823","0.5729411764705882","0.6001176470588235","0.8951764705882354","0.01","1.01","0.01","0.01","0.01","0.01","0.01","0.175","0.13774193548387098","0.7847826086956522","0.228135593220339","0.4294915254237288","0.505"
"0","0.5690588235294117","0.45647058823529413","0.49529411764705883","0.076","0.01","1.01","0.01","0.01","0.01","0.01","0.01","0.175","0.13774193548387098","0.7847826086956522","0.228135593220339","0.4294915254237288","0.505"
"4","0.044941176470588234","0.1458823529411765","0.6932941176470588","0.2351764705882353","0.01","0.01","1.01","0.01","0.01","0.01","0.01","0.175","0.13774193548387098","0.7847826086956522","0.228135593220339","0.4294915254237288","0.505"
"7","0.9068235294117647","0.8097647058823529","0.5457647058823529","0.7243529411764705","0.01","0.01","0.01","0.01","0.01","0.01","1.01","0.175","0.13774193548387098","0.7847826086956522","0.228135593220339","0.4294915254237288","0.505"
"5","0.09929411764705881","0.7515294117647059","0.9611764705882353","0.8641176470588235","0.01","0.01","0.01","1.01","0.01","0.01","0.01","0.175","0.13774193548387098","0.7847826086956522","0.228135593220339","0.4294915254237288","0.505"
"0","0.12258823529411764","0.6428235294117647","0.04882352941176471","0.5224705882352941","1.01","0.01","0.01","0.01","0.01","0.01","0.01","0.175","0.13774193548387098","0.7847826086956522","0.228135593220339","0.4294915254237288","0.505"
"6","0.3865882352941176","0.27788235294117647","0.9767058823529412","0.5069411764705882","0.01","1.01","0.01","0.01","0.01","0.01","0.01","0.175","0.13774193548387098","0.7847826086956522","0.228135593220339","0.4294915254237288","0.505"
"8","0.27788235294117647","0.5845882352941177","0.4254117647058824","0.8291764705882353","0.01","0.01","0.01","0.01","0.01","0.01","1.01","0.175","0.13774193548387098","0.7847826086956522","0.228135593220339","0.4294915254237288","0.505"
"4","0.029411764705882353","0.06435294117647058","0.5418823529411765","0.20800000000000002","0.01","0.01","1.01","0.01","0.01","0.01","0.01","0.175","0.13774193548387098","0.7847826086956522","0.228135593220339","0.4294915254237288","0.505"
"1","0.21188235294117647","0.7864705882352941","0.5418823529411765","0.49917647058823533","0.01","0.01","0.01","0.01","0.01","0.01","1.01","0.175","0.13774193548387098","0.7847826086956522","0.228135593220339","0.446271186440678","0.505"
"0","0.5418823529411765","0.7088235294117647","0.3982352941176471","0.12258823529411764","0.01","1.01","0.01","0.01","0.01","0.01","0.01","0.175","0.13774193548387098","0.7847826086956522","0.228135593220339","0.446271186440678","0.505"
"3","0.4254117647058824","0.42152941176470593","0.3322352941176471","0.9029411764705882","0.01","0.01","0.01","0.01","0.01","0.01","1.01","0.175","0.13774193548387098","0.7847826086956522","0.228135593220339","0.446271186440678","0.505"
"2","0.8252941176470587","0.5923529411764706","0.6661176470588235","0.7282352941176471","1.01","0.01","0.01","0.01","0.01","0.01","0.01","0.175","0.13774193548387098","0.7847826086956522","0.228135593220339","0.446271186440678","0.505"
"0","0.868","0.09929411764705881","0.934","0.28952941176470587","0.01","0.01","0.01","0.01","1.01","0.01","0.01","0.175","0.13774193548387098","0.7847826086956522","0.228135593220339","0.446271186440678","0.505"
"1","0.7204705882352941","0.5069411764705882","0.3011764705882353","0.6156470588235294","0.01","0.01","0.01","0.01","0.01","0.01","1.01","0.175","0.13774193548387098","0.7847826086956522","0.228135593220339","0.446271186440678","0.505"
"6","0.9534117647058823","0.4487058823529412","0.6001176470588235","0.26235294117647057","0.01","0.01","0.01","1.01","0.01","0.01","0.01","0.175","0.13774193548387098","0.7847826086956522","0.228135593220339","0.446271186440678","0.505"
"4","0.6195294117647059","0.19247058823529414","0.39435294117647063","0.860235294117647","0.01","0.01","1.01","0.01","0.01","0.01","0.01","0.175","0.13774193548387098","0.7847826086956522","0.228135593220339","0.446271186440678","0.505"
"5","0.2235294117647059","0.4370588235294118","0.8757647058823529","0.8330588235294119","0.01","0.01","0.01","1.01","0.01","0.01","0.01","0.175","0.13774193548387098","0.7847826086956522","0.228135593220339","0.446271186440678","0.505"
"6","0.26235294117647057","0.8524705882352941","0.4409411764705882","0.6001176470588235","0.01","0.01","0.01","1.01","0.01","0.01","0.01","0.175","0.13774193548387098","0.7847826086956522","0.228135593220339","0.446271186440678","0.505"
"4","0.9223529411764705","0.5768235294117646","0.8136470588235294","0.14200000000000002","0.01","0.01","0.01","0.01","0.01","1.01","0.01","0.175","0.13774193548387098","0.7847826086956522","0.228135593220339","0.46305084745762715","0.505"
"6","0.9805882352941176","0.7787058823529412","0.6001176470588235","0.8757647058823529","1.01","0.01","0.01","0.01","0.01","0.01","0.01","0.175","0.13774193548387098","0.7847826086956522","0.228135593220339","0.46305084745762715","0.505"
"5","0.20411764705882354","0.3594117647058824","0.9922352941176471","0.6661176470588235","0.01","0.01","0.01","1.01","0.01","0.01","0.01","0.175","0.13774193548387098","0.7847826086956522","0.228135593220339","0.46305084745762715","0.505"
"4","0.8291764705882353","0.6389411764705882","0.6467058823529412","0.5263529411764706","0.01","0.01","1.01","0.01","0.01","0.01","0.01","0.175","0.13774193548387098","0.7847826086956522","0.228135593220339","0.46305084745762715","0.505"
"2","0.21576470588235297","0.6816470588235295","0.3710588235294118","0.7049411764705882","1.01","0.01","0.01","0.01","0.01","0.01","0.01","0.175","0.13774193548387098","0.7847826086956522","0.228135593220339","0.46305084745762715","0.505"
"1","0.6932941176470588","0.17694117647058824","0.029411764705882353","0.6428235294117647","0.01","0.01","1.01","0.01","0.01","0.01","0.01","0.175","0.13774193548387098","0.7847826086956522","0.228135593220339","0.46305084745762715","0.505"
"9","0.4292941176470588","0.5069411764705882","0.6505882352941177","0.3749411764705883","0.01","0.01","0.01","0.01","1.01","0.01","0.01","0.175","0.13774193548387098","0.7847826086956522","0.228135593220339","0.46305084745762715","0.505"
"2","0.44482352941176473","0.6932941176470588","0.3827058823529412","0.4525882352941177","0.01","0.01","0.01","0.01","0.01","0.01","1.01","0.175","0.13774193548387098","0.7847826086956522","0.228135593220339","0.46305084745762715","0.505"
"5","0.1148235294117647","0.802","0.9805882352941176","0.3011764705882353","0.01","0.01","0.01","0.01","0.01","1.01","0.01","0.175","0.13774193548387098","0.7847826086956522","0.228135593220339","0.46305084745762715","0.505"
"6","0.281764705882353","0.8563529411764705","0.076","0.5651764705882353","1.01","0.01","0.01","0.01","0.01","0.01","0.01","0.175","0.13774193548387098","0.7847826086956522","0.228135593220339","0.46305084745762715","0.505"
"8","0.33999999999999997","0.33999999999999997","0.1264705882352941","0.7825882352941177","0.01","0.01","0.01","1.01","0.01","0.01","0.01","0.175","0.13774193548387098","0.7847826086956522","0.228135593220339","0.46305084745762715","0.505"
"7","0.8447058823529412","0.3594117647058824","0.8447058823529412","0.05270588235294118","1.01","0.01","0.01","0.01","0.01","0.01","0.01","0.175","0.13774193548387098","0.7847826086956522","0.228135593220339","0.4798305084745763","0.505"
"9","0.16917647058823532","0.9107058823529411","0.6738823529411764","0.7321176470588235","0.01","0.01","0.01","1.01","0.01","0.01","0.01","0.175","0.13774193548387098","0.7847826086956522","0.228135593220339","0.4798305084745763","0.505"
"3","0.4875294117647059","0.3865882352941176","0.6156470588235294","0.538","0.01","0.01","0.01","0.01","0.01","0.01","1.01","0.175","0.13774193548387098","0.7847826086956522","0.228135593220339","0.4798305084745763","0.505"
"5","0.8369411764705883","0.6156470588235294","0.1303529411764706","0.6428235294117647","0.01","0.01","0.01","0.01","0.01","0.01","1.01","0.175","0.13774193548387098","0.7847826086956522","0.228135593220339","0.4798305084745763","0.505"
"5","0.8990588235294118","0.9689411764705882","0.11870588235294117","0.802","0.01","0.01","0.01","1.01","0.01","0.01","0.01","0.175","0.13774193548387098","0.7847826086956522","0.228135593220339","0.4798305084745763","0.505"
"8","0.4603529411764706","0.16917647058823532","0.14976470588235294","0.02164705882352941","0.01","0.01","0.01","1.01","0.01","0.01","0.01","0.175","0.13774193548387098","0.7847826086956522","0.228135593220339","0.4798305084745763","0.505"
"5","0.9378823529411765","0.3244705882352941","0.3788235294117647","0.5185882352941176","0.01","0.01","0.01","1.01","0.01","0.01","0.01","0.175","0.13774193548387098","0.7847826086956522","0.228135593220339","0.4798305084745763","0.505"
"5","0.06435294117647058","0.918470588235294","0.7825882352941177","0.7010588235294117","1.01","0.01","0.01","0.01","0.01","0.01","0.01","0.175","0.13774193548387098","0.7847826086956522","0.228135593220339","0.4798305084745763","0.505"
"1","0.7282352941176471","0.6699999999999999","0.464235294117647","0.5923529411764706","0.01","0.01","0.01","1.01","0.01","0.01","0.01","0.175","0.13774193548387098","0.7847826086956522","0.228135593220339","0.4798305084745763","0.505"
"1","0.10705882352941176","0.3904705882352941","0.9495294117647058","0.060470588235294116","0.01","0.01","1.01","0.01","0.01","0.01","0.01","0.175","0.13774193548387098","0.7847826086956522","0.228135593220339","0.4798305084745763","0.505"
"8","0.09541176470588235","0.06435294117647058","0.07211764705882352","0.9572941176470589","0.01","0.01","0.01","0.01","1.01","0.01","0.01","0.175","0.13774193548387098","0.7847826086956522","0.228135593220339","0.4798305084745763","0.505"
"8","0.1458823529411765","0.20411764705882354","0.8175294117647058","0.9378823529411765","0.01","0.01","0.01","1.01","0.01","0.01","0.01","0.175","0.13774193548387098","0.7847826086956522","0.228135593220339","0.4966101694915255","0.505"
"2","0.9728235294117646","0.8330588235294119","0.8524705882352941","0.5496470588235294","0.01","0.01","0.01","0.01","1.01","0.01","0.01","0.175","0.13774193548387098","0.7847826086956522","0.228135593220339","0.4966101694915255","0.505"
"9","0.6971764705882353","0.025529411764705884","0.4021176470588235","0.2235294117647059","0.01","0.01","0.01","0.01","0.01","1.01","0.01","0.175","0.13774193548387098","0.7847826086956522","0.228135593220339","0.4966101694915255","0.505"
"6","0.941764705882353","0.5884705882352942","0.5069411764705882","0.9922352941176471","0.01","0.01","0.01","0.01","0.01","1.01","0.01","0.175","0.13774193548387098","0.7847826086956522","0.228135593220339","0.4966101694915255","0.505"
"9","0.041058823529411766","0.060470588235294116","0.08376470588235294","0.3516470588235294","0.01","0.01","1.01","0.01","0.01","0.01","0.01","0.175","0.13774193548387098","0.7847826086956522","0.228135593220339","0.4966101694915255","0.505"
"9","0.6544705882352941","0.16141176470588237","0.1847058823529412","0.9029411764705882","0.01","0.01","1.01","0.01","0.01","0.01","0.01","0.175","0.13774193548387098","0.7847826086956522","0.228135593220339","0.4966101694915255","0.505"
"5","0.25458823529411767","0.1847058823529412","0.3865882352941176","0.7709411764705882","0.01","0.01","0.01","0.01","0.01","1.01","0.01","0.175","0.13774193548387098","0.7847826086956522","0.228135593220339","0.4966101694915255","0.505"
"9","0.5147058823529411","0.03329411764705882","0.23129411764705884","0.7592941176470588","1.01","0.01","0.01","0.01","0.01","0.01","0.01","0.175","0.13774193548387098","0.7847826086956522","0.228135593220339","0.4966101694915255","0.505"
"9","0.7127058823529412","0.794235294117647","0.18082352941176472","0.13423529411764706","0.01","0.01","0.01","0.01","1.01","0.01","0.01","0.175","0.13774193548387098","0.7847826086956522","0.228135593220339","0.4966101694915255","0.505"
"1","0.9805882352941176","0.7825882352941177","0.9029411764705882","0.3516470588235294","0.01","1.01","0.01","0.01","0.01","0.01","0.01","0.175","0.13774193548387098","0.7847826086956522","0.228135593220339","0.4966101694915255","0.505"
"5","0.6544705882352941","0.5729411764705882","0.5224705882352941","0.8291764705882353","0.01","0.01","0.01","0.01","0.01","1.01","0.01","0.175","0.13774193548387098","0.7847826086956522","0.228135593220339","0.4966101694915255","0.505"
"2","0.347764705882353","0.5690588235294117","0.06823529411764706","0.5690588235294117","0.01","0.01","0.01","0.01","0.01","0.01","1.01","0.175","0.13774193548387098","0.7847826086956522","0.228135593220339","0.5133898305084745","0.505"
"5","0.5535294117647059","0.5923529411764706","0.8796470588235294","0.35552941176470587","0.01","0.01","0.01","0.01","0.01","0.01","1.01","0.175","0.13774193548387098","0.7847826086956522","0.228135593220339","0.5133898305084745","0.505"
"0","0.4681176470588236","0.5690588235294117","0.31670588235294117","0.5807058823529412","0.01","0.01","0.01","0.01","0.01","0.01","1.01","0.175","0.13774193548387098","0.7847826086956522","0.228135593220339","0.5133898305084745","0.505"
"8","0.3904705882352941","0.9534117647058823","0.3244705882352941","0.8291764705882353","0.01","0.01","1.01","0.01","0.01","0.01","0.01","0.175","0.13774193548387098","0.7847826086956522","0.228135593220339","0.5133898305084745","0.505"
"2","0.7592941176470588","0.7592941176470588","0.5729411764705882","0.49529411764705883","0.01","0.01","0.01","0.01","0.01","0.01","1.01","0.175","0.13774193548387098","0.7847826086956522","0.228135593220339","0.5133898305084745","0.505"
"7","0.6583529411764706","0.3788235294117647","0.9805882352941176","0.3516470588235294","0.01","0.01","0.01","0.01","1.01","0.01","0.01","0.175","0.13774193548387098","0.7847826086956522","0.228135593220339","0.5133898305084745","0.505"
"8","0.13811764705882354","0.5030588235294118","0.36717647058823527","0.8524705882352941","0.01","1.01","0.01","0.01","0.01","0.01","0.01","0.175","0.13774193548387098","0.7847826086956522","0.228135593220339","0.5133898305084745","0.505"
"8","0.9767058823529412","0.6971764705882353","0.743764705882353","0.5845882352941177","0.01","0.01","0.01","0.01","0.01","1.01","0.01","0.175","0.13774193548387098","0.7847826086956522","0.228135593220339","0.5133898305084745","0.505"
"3","0.5185882352941176","0.1458823529411765","0.8524705882352941","0.5535294117647059","0.01","1.01","0.01","0.01","0.01","0.01","0.01","0.175","0.13774193548387098","0.7847826086956522","0.228135593220339","0.5133898305084745","0.505"
"9","0.8874117647058823","0.9650588235294117","0.09929411764705881","0.9883529411764707","0.01","0.01","0.01","1.01","0.01","0.01","0.01","0.175","0.13774193548387098","0.7847826086956522","0.228135593220339","0.5133898305084745","0.505"
"4","0.4603529411764706","0.6156470588235294","0.33999999999999997","0.9534117647058823","0.01","0.01","0.01","0.01","0.01","0.01","1.01","0.175","0.13774193548387098","0.7847826086956522","0.228135593220339","0.5133898305084745","0.505"
"6","0.6699999999999999","0.5807058823529412","0.941764705882353","0.1847058823529412","0.01","0.01","0.01","0.01","0.01","1.01","0.01","0.175","0.13774193548387098","0.7847826086956522","0.228135593220339","0.5133898305084745","0.505"
"0","0.9728235294117646","0.604","1.0","0.538","1.01","0.01","0.01","0.01","0.01","0.01","0.01","0.175","0.13774193548387098","0.7847826086956522","0.228135593220339","0.5301694915254238","0.505"
"4","0.6156470588235294","0.04882352941176471","0.6117647058823529","0.20023529411764707","0.01","0.01","0.01","0.01","0.01","1.01","0.01","0.175","0.13774193548387098","0.7847826086956522","0.228135593220339","0.5301694915254238","0.505"
"6","0.17694117647058824","0.8563529411764705","0.31670588235294117","0.13811764705882354","1.01","0.01","0.01","0.01","0.01","0.01","0.01","0.175","0.13774193548387098","0.7847826086956522","0.228135593220339","0.5301694915254238","0.505"
"0","0.6661176470588235","0.7864705882352941","0.5729411764705882","0.3438823529411765","0.01","0.01","1.01","0.01","0.01","0.01","0.01","0.175","0.13774193548387098","0.7847826086956522","0.228135593220339","0.5301694915254238","0.505"
"5","0.6389411764705882","0.16917647058823532","0.14200000000000002","0.2934117647058823","0.01","0.01","0.01","0.01","1.01","0.01","0.01","0.175","0.13774193548387098","0.7847826086956522","0.228135593220339","0.5301694915254238","0.505"
"4","0.8641176470588235","0.2584705882352941","0.9689411764705882","0.3089411764705882","0.01","0.01","0.01","0.01","1.01","0.01","0.01","0.175","0.13774193548387098","0.7847826086956522","0.228135593220339","0.5301694915254238","0.505"
"7","0.2235294117647059","0.347764705882353","0.2934117647058823","0.9068235294117647","1.01","0.01","0.01","0.01","0.01","0.01","0.01","0.175","0.13774193548387098","0.7847826086956522","0.228135593220339","0.5301694915254238","0.505"
"2","0.22741176470588237","0.6699999999999999","0.3283529411764706","0.464235294117647","0.01","1.01","0.01","0.01","0.01","0.01","0.01","0.175","0.13774193548387098","0.7847826086956522","0.228135593220339","0.5301694915254238","0.505"
"4","0.9534117647058823","0.743764705882353","0.9145882352941176","0.4292941176470588","0.01","0.01","0.01","0.01","0.01","1.01","0.01","0.175","0.13774193548387098","0.7847826086956522","0.228135593220339","0.5301694915254238","0.505"
"0","0.18858823529411764","0.23129411764705884","0.5612941176470588","0.6932941176470588","1.01","0.01","0.01","0.01","0.01","0.01","0.01","0.175","0.13774193548387098","0.7847826086956522","0.228135593220339","0.5301694915254238","0.505"
"3","0.08764705882352941","0.5224705882352941","0.3982352941176471","0.7476470588235294","0.01","0.01","0.01","0.01","1.01","0.01","0.01","0.175","0.13774193548387098","0.7847826086956522","0.228135593220339","0.5301694915254238","0.505"
"7","0.3865882352941176","0.281764705882353","0.1148235294117647","0.5962352941176471","0.01","0.01","0.01","0.01","0.01","0.01","1.01","0.175","0.13774193548387098","0.7847826086956522","0.228135593220339","0.5301694915254238","0.505"
"0","0.7088235294117647","0.13811764705882354","0.041058823529411766","0.5962352941176471","1.01","0.01","0.01","0.01","0.01","0.01","0.01","0.175","0.13774193548387098","0.7847826086956522","0.228135593220339","0.5469491525423729","0.505"
"0","0.7787058823529412","0.06823529411764706","0.7127058823529412","0.24294117647058824","0.01","0.01","0.01","0.01","1.01","0.01","0.01","0.175","0.13774193548387098","0.7847826086956522","0.228135593220339","0.5469491525423729","0.505"
"1","0.12258823529411764","0.5069411764705882","0.7592941176470588","0.604","0.01","0.01","0.01","0.01","1.01","0.01","0.01","0.175","0.13774193548387098","0.7847826086956522","0.228135593220339","0.5469491525423729","0.505"
"3","0.1458823529411765","0.8136470588235294","0.41764705882352937","0.6699999999999999","0.01","1.01","0.01","0.01","0.01","0.01","0.01","0.175","0.13774193548387098","0.7847826086956522","0.228135593220339","0.5469491525423729","0.505"
"5","0.5535294117647059","0.6699999999999999","1.0","0.6428235294117647","1.01","0.01","0.01","0.01","0.01","0.01","0.01","0.175","0.13774193548387098","0.7847826086956522","0.228135593220339","0.5469491525423729","0.505"
"6","0.8641176470588235","0.9883529411764707","0.8136470588235294","0.7321176470588235","0.01","0.01","1.01","0.01","0.01","0.01","0.01","0.175","0.13774193548387098","0.7847826086956522","0.228135593220339","0.5469491525423729","0.505"
"3","0.1148235294117647","0.8136470588235294","0.23129411764705884","0.6699999999999999","0.01","0.01","1.01","0.01","0.01","0.01","0.01","0.175","0.13774193548387098","0.7847826086956522","0.228135593220339","0.5469491525423729","0.505"
"7","0.9572941176470589","0.9728235294117646","0.6932941176470588","0.07988235294117646","0.01","1.01","0.01","0.01","0.01","0.01","0.01","0.175","0.13774193548387098","0.7847826086956522","0.228135593220339","0.5469491525423729","0.505"
"3","0.4875294117647059","0.45647058823529413","0.6661176470588235","0.6272941176470588","0.01","0.01","0.01","0.01","0.01","0.01","1.01","0.175","0.13774193548387098","0.7847826086956522","0.228135593220339","0.5469491525423729","0.505"
"9","0.7903529411764706","0.6583529411764706","0.7127058823529412","0.8796470588235294","0.01","0.01","0.01","0.01","0.01","1.01","0.01","0.175","0.13774193548387098","0.7847826086956522","0.228135593220339","0.5469491525423729","0.505"
"0","0.9262352941176472","0.41764705882352937","0.18082352941176472","0.9029411764705882","0.01","0.01","0.01","0.01","1.01","0.01","0.01","0.175","0.13774193548387098","0.7847826086956522","0.228135593220339","0.5469491525423729","0.505"
"7","0.7165882352941176","0.19247058823529414","0.7088235294117647","0.6699999999999999","0.01","0.01","0.01","0.01","1.01","0.01","0.01","0.175","0.13774193548387098","0.7847826086956522","0.228135593220339","0.563728813559322","0.505"
"4","0.8291764705882353","0.21576470588235297","0.24294117647058824","0.12258823529411764","0.01","0.01","1.01","0.01","0.01","0.01","0.01","0.175","0.13774193548387098","0.7847826086956522","0.228135593220339","0.563728813559322","0.505"
"3","0.9728235294117646","0.20023529411764707","0.48364705882352943","0.6234117647058823","0.01","0.01","0.01","1.01","0.01","0.01","0.01","0.175","0.13774193548387098","0.7847826086956522","0.228135593220339","0.563728813559322","0.505"
"4","0.9844705882352941","0.8058823529411765","0.2701176470588236","0.07988235294117646","0.01","1.01","0.01","0.01","0.01","0.01","0.01","0.175","0.13774193548387098","0.7847826086956522","0.228135593220339","0.563728813559322","0.505"
"5","0.604","0.8097647058823529","0.3244705882352941","0.30505882352941177","1.01","0.01","0.01","0.01","0.01","0.01","0.01","0.175","0.13774193548387098","0.7847826086956522","0.228135593220339","0.563728813559322","0.505"
"4","0.8447058823529412","0.3788235294117647","0.25070588235294117","0.31670588235294117","1.01","0.01","0.01","0.01","0.01","0.01","0.01","0.175","0.13774193548387098","0.7847826086956522","0.228135593220339","0.563728813559322","0.505"
"4","0.3128235294117647","0.09541176470588235","0.7592941176470588","0.21188235294117647","0.01","0.01","0.01","0.01","0.01","0.01","1.01","0.175","0.13774193548387098","0.7847826086956522","0.228135593220339","0.563728813559322","0.505"
"8","0.02164705882352941","0.7282352941176471","0.22741176470588237","0.860235294117647","0.01","0.01","1.01","0.01","0.01","0.01","0.01","0.175","0.13774193548387098","0.7847826086956522","0.228135593220339","0.563728813559322","0.505"
"8","0.27788235294117647","0.5263529411764706","0.7709411764705882","0.23129411764705884","1.01","0.01","0.01","0.01","0.01","0.01","0.01","0.175","0.13774193548387098","0.7847826086956522","0.228135593220339","0.563728813559322","0.505"
"4","0.3089411764705882","0.5030588235294118","0.9145882352941176","0.9922352941176471","1.01","0.01","0.01","0.01","0.01","0.01","0.01","0.175","0.13774193548387098","0.7847826086956522","0.228135593220339","0.563728813559322","0.505"
"7","0.464235294117647","0.5612941176470588","0.3788235294117647","0.5069411764705882","0.01","0.01","0.01","0.01","0.01","1.01","0.01","0.175","0.13774193548387098","0.7847826086956522","0.228135593220339","0.563728813559322","0.505"
"4","0.9689411764705882","0.21576470588235297","0.18082352941176472","0.20411764705882354","0.01","0.01","0.01","0.01","0.01","0.01","1.01","0.175","0.13774193548387098","0.7847826086956522","0.228135593220339","0.5805084745762712","0.505"
"3","0.7825882352941177","0.3710588235294118","0.8874117647058823","0.5108235294117647","0.01","0.01","1.01","0.01","0.01","0.01","0.01","0.175","0.13774193548387098","0.7847826086956522","0.228135593220339","0.5805084745762712","0.505"
"7","0.934","0.05658823529411765","0.7165882352941176","0.2390588235294118","0.01","0.01","1.01","0.01","0.01","0.01","0.01","0.175","0.13774193548387098","0.7847826086956522","0.228135593220339","0.5805084745762712","0.505"
"6","0.23129411764705884","0.2351764705882353","0.5224705882352941","0.9068235294117647","0.01","0.01","0.01","0.01","1.01","0.01","0.01","0.175","0.13774193548387098","0.7847826086956522","0.228135593220339","0.5805084745762712","0.505"
"4","0.2584705882352941","0.8058823529411765","0.8058823529411765","0.3749411764705883","0.01","0.01","0.01","1.01","0.01","0.01","0.01","0.175","0.13774193548387098","0.7847826086956522","0.228135593220339","0.5805084745762712","0.505"
"4","0.4603529411764706","0.13423529411764706","1.0","0.6195294117647059","0.01","0.01","0.01","0.01","1.01","0.01","0.01","0.175","0.13774193548387098","0.7847826086956522","0.228135593220339","0.5805084745762712","0.505"
"8","0.6001176470588235","0.7748235294117647","0.6505882352941177","0.4254117647058824","0.01","0.01","0.01","1.01","0.01","0.01","0.01","0.175","0.13774193548387098","0.7847826086956522","0.228135593220339","0.5805084745762712","0.505"
"0","0.49529411764705883","0.6234117647058823","1.0","0.7282352941176471","0.01","0.01","0.01","0.01","0.01","1.01","0.01","0.175","0.13774193548387098","0.7847826086956522","0.228135593220339","0.5805084745762712","0.505"
"4","0.2972941176470589","0.8757647058823529","0.5962352941176471","0.06823529411764706","0.01","0.01","1.01","0.01","0.01","0.01","0.01","0.175","0.13774193548387098","0.7847826086956522","0.228135593220339","0.5805084745762712","0.505"
"6","0.44482352941176473","0.9767058823529412","0.9378823529411765","0.5962352941176471","0.01","0.01","0.01","0.01","1.01","0.01","0.01","0.175","0.13774193548387098","0.7847826086956522","0.228135593220339","0.5805084745762712","0.505"
"7","0.8252941176470587","0.5690588235294117","0.09152941176470587","0.8485882352941176","0.01","1.01","0.01","0.01","0.01","0.01","0.01","0.175","0.13774193548387098","0.7847826086956522","0.228135593220339","0.5805084745762712","0.505"
"6","0.3710588235294118","0.6932941176470588","0.41764705882352937","0.8214117647058823","0.01","0.01","0.01","0.01","0.01","1.01","0.01","0.175","0.13774193548387098","0.7847826086956522","0.228135593220339","0.5972881355932204","0.505"
"9","0.8835294117647059","0.2701176470588236","0.4525882352941177","0.28952941176470587","0.01","0.01","0.01","0.01","0.01","0.01","1.01","0.175","0.13774193548387098","0.7847826086956522","0.228135593220339","0.5972881355932204","0.505"
"4","0.8330588235294119","0.7010588235294117","0.10317647058823529","0.7321176470588235","0.01","0.01","0.01","0.01","0.01","0.01","1.01","0.175","0.13774193548387098","0.7847826086956522","0.228135593220339","0.5972881355932204","0.505"
"2","0.48364705882352943","0.08764705882352941","0.8912941176470588","0.7787058823529412","1.01","0.01","0.01","0.01","0.01","0.01","0.01","0.175","0.13774193548387098","0.7847826086956522","0.228135593220339","0.5972881355932204","0.505"
"1","0.6389411764705882","0.5147058823529411","0.3632941176470588","0.7981176470588235","0.01","0.01","0.01","0.01","0.01","1.01","0.01","0.175","0.13774193548387098","0.7847826086956522","0.228135593220339","0.5972881355932204","0.505"
"4","0.2934117647058823","0.7282352941176471","0.5185882352941176","0.9767058823529412","0.01","0.01","1.01","0.01","0.01","0.01","0.01","0.175","0.13774193548387098","0.7847826086956522","0.228135593220339","0.5972881355932204","0.505"
"0","0.16917647058823532","0.4254117647058824","0.6777647058823529","0.8214117647058823","0.01","0.01","0.01","1.01","0.01","0.01","0.01","0.175","0.13774193548387098","0.7847826086956522","0.228135593220339","0.5972881355932204","0.505"
"1","0.3244705882352941","0.7204705882352941","0.2701176470588236","0.2934117647058823","0.01","1.01","0.01","0.01","0.01","0.01","0.01","0.175","0.13774193548387098","0.7847826086956522","0.228135593220339","0.5972881355932204","0.505"
"4","1.0","0.16917647058823532","0.26235294117647057","0.4875294117647059","0.01","0.01","0.01","1.01","0.01","0.01","0.01","0.175","0.13774193548387098","0.7847826086956522","0.228135593220339","0.5972881355932204","0.505"
"1","0.6234117647058823","0.5069411764705882","0.9689411764705882","0.12258823529411764","0.01","1.01","0.01","0.01","0.01","0.01","0.01","0.175","0.13774193548387098","0.7847826086956522","0.228135593220339","0.5972881355932204","0.505"
"8","0.07988235294117646","0.09152941176470587","0.42152941176470593","0.12258823529411764","0.01","1.01","0.01","0.01","0.01","0.01","0.01","0.175","0.13774193548387098","0.7847826086956522","0.228135593220339","0.5972881355932204","0.505"
"0","0.5263529411764706","0.8214117647058823","0.9883529411764707","0.6855294117647059","1.01","0.01","0.01","0.01","0.01","0.01","0.01","0.175","0.13774193548387098","0.7847826086956522","0.228135593220339","0.5972881355932204","0.505"
"7","0.8369411764705883","0.30505882352941177","0.5069411764705882","1.0","0.01","0.01","0.01","1.01","0.01","0.01","0.01","0.175","0.13774193548387098","0.7847826086956522","0.228135593220339","0.6140677966101695","0.505"
"9","0.941764705882353","0.8835294117647059","0.5729411764705882","0.04882352941176471","0.01","1.01","0.01","0.01","0.01","0.01","0.01","0.175","0.13774193548387098","0.7847826086956522","0.228135593220339","0.6140677966101695","0.505"
"1","0.5224705882352941","0.5845882352941177","0.28952941176470587","0.6932941176470588","0.01","0.01","0.01","0.01","0.01","0.01","1.01","0.175","0.13774193548387098","0.7847826086956522","0.228135593220339","0.6140677966101695","0.505"
"3","0.5884705882352942","0.8447058823529412","0.5690588235294117","0.08764705882352941","0.01","0.01","0.01","0.01","0.01","0.01","1.01","0.175","0.13774193548387098","0.7847826086956522","0.228135593220339","0.6140677966101695","0.505"
"8","0.4603529411764706","0.604","0.8990588235294118","0.9029411764705882","0.01","1.01","0.01","0.01","0.01","0.01","0.01","0.175","0.13774193548387098","0.7847826086956522","0.228135593220339","0.6140677966101695","0.505"
"3","0.736","0.3749411764705883","0.27788235294117647","0.1264705882352941","0.01","0.01","0.01","0.01","1.01","0.01","0.01","0.175","0.13774193548387098","0.7847826086956522","0.228135593220339","0.6140677966101695","0.505"
"3","0.281764705882353","0.9961176470588236","0.33999999999999997","0.01","0.01","0.01","0.01","1.01","0.01","0.01","0.01","0.175","0.13774193548387098","0.7847826086956522","0.228135593220339","0.6140677966101695","0.505"
"7","0.5457647058823529","0.49529411764705883","0.4292941176470588","0.2856470588235294","0.01","0.01","1.01","0.01","0.01","0.01","0.01","0.175","0.13774193548387098","0.7847826086956522","0.228135593220339","0.6140677966101695","0.505"
"8","0.26235294117647057","0.9844705882352941","0.7592941176470588","0.5612941176470588","0.01","0.01","0.01","0.01","0.01","1.01","0.01","0.175","0.13774193548387098","0.7847826086956522","0.228135593220339","0.6140677966101695","0.505"
"5","0.8874117647058823","0.538","0.7981176470588235","0.5030588235294118","0.01","0.01","0.01","0.01","1.01","0.01","0.01","0.175","0.13774193548387098","0.7847826086956522","0.228135593220339","0.6140677966101695","0.505"
"3","0.48364705882352943","0.8058823529411765","0.2584705882352941","0.406","0.01","0.01","0.01","0.01","0.01","0.01","1.01","0.175","0.13774193548387098","0.7847826086956522","0.228135593220339","0.6140677966101695","0.505"
"2","0.3516470588235294","0.25458823529411767","0.5030588235294118","0.6078823529411764","0.01","0.01","0.01","1.01","0.01","0.01","0.01","0.175","0.13774193548387098","0.7847826086956522","0.228135593220339","0.6140677966101695","0.505"
"8","0.7049411764705882","0.4487058823529412","0.5962352941176471","0.01776470588235294","0.01","0.01","0.01","0.01","1.01","0.01","0.01","0.175","0.13774193548387098","0.7847826086956522","0.228135593220339","0.6308474576271187","0.505"
"4","0.3283529411764706","0.6156470588235294","0.7049411764705882","0.6894117647058824","0.01","0.01","0.01","0.01","1.01","0.01","0.01","0.175","0.13774193548387098","0.7847826086956522","0.228135593220339","0.6308474576271187","0.505"
"6","0.941764705882353","0.7127058823529412","0.21576470588235297","0.3710588235294118","1.01","0.01","0.01","0.01","0.01","0.01","0.01","0.175","0.13774193548387098","0.7847826086956522","0.228135593220339","0.6308474576271187","0.505"
"7","0.3361176470588235","0.17694117647058824","0.9767058823529412","0.4487058823529412","0.01","0.01","0.01","0.01","0.01","1.01","0.01","0.175","0.13774193548387098","0.7847826086956522","0.228135593220339","0.6308474576271187","0.505"
"7","0.9301176470588236","0.9029411764705882","0.04882352941176471","0.03329411764705882","0.01","0.01","0.01","0.01","0.01","0.01","1.01","0.175","0.13774193548387098","0.7847826086956522","0.228135593220339","0.6308474576271187","0.505"
"3","0.9805882352941176","0.5768235294117646","0.6311764705882353","0.044941176470588234","0.01","1.01","0.01","0.01","0.01","0.01","0.01","0.175","0.13774193548387098","0.7847826086956522","0.228135593220339","0.6308474576271187","0.505"
"9","0.21576470588235297","0.3283529411764706","0.6971764705882353","0.49529411764705883","0.01","0.01","0.01","0.01","1.01","0.01","0.01","0.175","0.13774193548387098","0.7847826086956522","0.228135593220339","0.6308474576271187","0.505"
"7","0.4331764705882353","0.5147058823529411","0.9767058823529412","0.35552941176470587","1.01","0.01","0.01","0.01","0.01","0.01","0.01","0.175","0.13774193548387098","0.7847826086956522","0.228135593220339","0.6308474576271187","0.505"
"6","0.9107058823529411","0.7010588235294117","0.9378823529411765","0.9223529411764705","0.01","0.01","0.01","0.01","0.01","0.01","1.01","0.175","0.13774193548387098","0.7847826086956522","0.228135593220339","0.6308474576271187","0.505"
"2","0.5263529411764706","0.27788235294117647","0.6350588235294118","0.8563529411764705","0.01","0.01","0.01","0.01","0.01","1.01","0.01","0.175","0.13774193548387098","0.7847826086956522","0.228135593220339","0.6308474576271187","0.505"
"3","0.5341176470588236","0.3632941176470588","0.8485882352941176","0.4681176470588236","0.01","0.01","1.01","0.01","0.01","0.01","0.01","0.175","0.13774193548387098","0.7847826086956522","0.228135593220339","0.6476271186440677","0.505"
"1","0.8835294117647059","0.5729411764705882","0.09152941176470587","0.1264705882352941","0.01","1.01","0.01","0.01","0.01","0.01","0.01","0.175","0.13774193548387098","0.7847826086956522","0.228135593220339","0.6476271186440677","0.505"
"0","0.406","0.3089411764705882","0.941764705882353","0.060470588235294116","0.01","0.01","0.01","0.01","0.01","0.01","1.01","0.175","0.13774193548387098","0.7847826086956522","0.228135593220339","0.6476271186440677","0.505"
"9","0.3128235294117647","0.5535294117647059","0.6971764705882353","0.8641176470588235","1.01","0.01","0.01","0.01","0.01","0.01","0.01","0.175","0.13774193548387098","0.7847826086956522","0.228135593220339","0.6476271186440677","0.505"
"0","0.3361176470588235","0.4797647058823529","0.6156470588235294","0.19247058823529414","0.01","0.01","0.01","1.01","0.01","0.01","0.01","0.175","0.13774193548387098","0.7847826086956522","0.228135593220339","0.6476271186440677","0.505"
"7","0.4098823529411765","0.9767058823529412","0.9378823529411765","0.9728235294117646","0.01","0.01","0.01","1.01","0.01","0.01","0.01","0.175","0.13774193548387098","0.7847826086956522","0.228135593220339","0.6476271186440677","0.505"
"3","0.3128235294117647","0.7398823529411765","0.24294117647058824","0.01388235294117647","0.01","0.01","0.01","0.01","1.01","0.01","0.01","0.175","0.13774193548387098","0.7847826086956522","0.228135593220339","0.6476271186440677","0.505"
"1","0.9844705882352941","0.9883529411764707","0.05270588235294118","0.076","1.01","0.01","0.01","0.01","0.01","0.01","0.01","0.175","0.13774193548387098","0.7847826086956522","0.228135593220339","0.6476271186440677","0.505"
"8","0.3788235294117647","0.5185882352941176","0.03329411764705882","0.8136470588235294","0.01","1.01","0.01","0.01","0.01","0.01","0.01","0.175","0.13774193548387098","0.7847826086956522","0.228135593220339","0.6476271186440677","0.505"
"7","0.5962352941176471","0.7165882352941176","0.30505882352941177","0.01388235294117647","1.01","0.01","0.01","0.01","0.01","0.01","0.01","0.175","0.13774193548387098","0.7847826086956522","0.228135593220339","0.6476271186440677","0.505"
"7","0.5147058823529411","0.934","0.11870588235294117","0.6855294117647059","0.01","0.01","0.01","1.01","0.01","0.01","0.01","0.175","0.13774193548387098","0.7847826086956522","0.228135593220339","0.6476271186440677","0.505"
"6","0.736","0.21188235294117647","0.5263529411764706","0.3011764705882353","0.01","0.01","0.01","0.01","0.01","1.01","0.01","0.175","0.13774193548387098","0.7847826086956522","0.228135593220339","0.6476271186440677","0.505"
"6","0.736","0.03329411764705882","0.538","0.5535294117647059","0.01","0.01","0.01","0.01","0.01","0.01","1.01","0.175","0.13774193548387098","0.7847826086956522","0.228135593220339","0.664406779661017","0.505"
"2","0.5341176470588236","0.3632941176470588","0.45647058823529413","0.3594117647058824","0.01","0.01","0.01","0.01","1.01","0.01","0.01","0.175","0.13774193548387098","0.7847826086956522","0.228135593220339","0.664406779661017","0.505"
"6","0.42152941176470593","0.5651764705882353","0.9767058823529412","0.025529411764705884","0.01","0.01","0.01","0.01","0.01","1.01","0.01","0.175","0.13774193548387098","0.7847826086956522","0.228135593220339","0.664406779661017","0.505"
"3","0.5069411764705882","0.04882352941176471","0.3205882352941177","0.9961176470588236","1.01","0.01","0.01","0.01","0.01","0.01","0.01","0.175","0.13774193548387098","0.7847826086956522","0.228135593220339","0.664406779661017","0.505"
"3","0.5612941176470588","0.16529411764705884","0.14976470588235294","0.4254117647058824","0.01","1.01","0.01","0.01","0.01","0.01","0.01","0.175","0.13774193548387098","0.7847826086956522","0.228135593220339","0.664406779661017","0.505"
"9","0.8175294117647058","0.15364705882352944","0.9223529411764705","0.9844705882352941","0.01","1.01","0.01","0.01","0.01","0.01","0.01","0.175","0.13774193548387098","0.7847826086956522","0.228135593220339","0.664406779661017","0.505"
"5","0.8835294117647059","0.9068235294117647","0.01776470588235294","0.48364705882352943","0.01","0.01","0.01","1.01","0.01","0.01","0.01","0.175","0.13774193548387098","0.7847826086956522","0.228135593220339","0.664406779661017","0.505"
"9","0.19247058823529414","0.24294117647058824","0.08376470588235294","0.7592941176470588","0.01","0.01","1.01","0.01","0.01","0.01","0.01","0.175","0.13774193548387098","0.7847826086956522","0.228135593220339","0.664406779661017","0.505"
"4","0.21576470588235297","0.5574117647058824","0.941764705882353","0.7165882352941176","0.01","0.01","0.01","1.01","0.01","0.01","0.01","0.175","0.13774193548387098","0.7847826086956522","0.228135593220339","0.664406779661017","0.505"
"0","0.3128235294117647","0.6816470588235295","0.01776470588235294","0.041058823529411766","0.01","0.01","0.01","0.01","1.01","0.01","0.01","0.175","0.13774193548387098","0.7847826086956522","0.228135593220339","0.664406779661017","0.505"
"9","0.736","0.1264705882352941","0.10317647058823529","0.9611764705882353","0.01","0.01","0.01","1.01","0.01","0.01","0.01","0.175","0.13774193548387098","0.7847826086956522","0.228135593220339","0.664406779661017","0.505"
"3","0.31670588235294117","0.25070588235294117","0.6894117647058824","0.802","0.01","0.01","0.01","0.01","1.01","0.01","0.01","0.175","0.13774193548387098","0.7847826086956522","0.228135593220339","0.664406779661017","0.505"
"0","0.03329411764705882","0.23129411764705884","0.5729411764705882","0.8097647058823529","0.01","0.01","1.01","0.01","0.01","0.01","0.01","0.175","0.13774193548387098","0.7847826086956522","0.228135593220339","0.6811864406779661","0.505"
"7","0.5108235294117647","0.04882352941176471","0.3594117647058824","0.9262352941176472","0.01","0.01","0.01","0.01","0.01","1.01","0.01","0.175","0.13774193548387098","0.7847826086956522","0.228135593220339","0.6811864406779661","0.505"
"1","0.8175294117647058","0.4681176470588236","0.21576470588235297","0.8369411764705883","0.01","0.01","0.01","0.01","0.01","0.01","1.01","0.175","0.13774193548387098","0.7847826086956522","0.228135593220339","0.6811864406779661","0.505"
"1","0.7088235294117647","0.08376470588235294","0.743764705882353","0.8330588235294119","0.01","0.01","0.01","0.01","0.01","1.01","0.01","0.175","0.13774193548387098","0.7847826086956522","0.228135593220339","0.6811864406779661","0.505"
"8","0.802","0.16917647058823532","0.918470588235294","0.9068235294117647","0.01","0.01","1.01","0.01","0.01","0.01","0.01","0.175","0.13774193548387098","0.7847826086956522","0.228135593220339","0.6811864406779661","0.505"
"5","0.6234117647058823","0.03329411764705882","0.5263529411764706","0.025529411764705884","0.01","0.01","0.01","1.01","0.01","0.01","0.01","0.175","0.13774193548387098","0.7847826086956522","0.228135593220339","0.6811864406779661","0.505"
"3","0.26235294117647057","0.5574117647058824","0.7787058823529412","0.274","0.01","0.01","1.01","0.01","0.01","0.01","0.01","0.175","0.13774193548387098","0.7847826086956522","0.228135593220339","0.6811864406779661","0.505"
"0","0.5108235294117647","0.5845882352941177","0.09929411764705881","0.09929411764705881","0.01","0.01","0.01","0.01","1.01","0.01","0.01","0.175","0.13774193548387098","0.7847826086956522","0.228135593220339","0.6811864406779661","0.505"
"9","0.6350588235294118","0.5263529411764706","0.26623529411764707","0.3594117647058824","0.01","0.01","1.01","0.01","0.01","0.01","0.01","0.175","0.13774193548387098","0.7847826086956522","0.228135593220339","0.6811864406779661","0.505"
"4","0.7515294117647059","0.7321176470588235","0.03329411764705882","0.21576470588235297","0.01","1.01","0.01","0.01","0.01","0.01","0.01","0.175","0.13774193548387098","0.7847826086956522","0.228135593220339","0.6811864406779661","0.505"
"4","0.1575294117647059","0.4797647058823529","0.07211764705882352","0.39435294117647063","0.01","1.01","0.01","0.01","0.01","0.01","0.01","0.175","0.13774193548387098","0.7847826086956522","0.228135593220339","0.6811864406779661","0.505"
"1","0.31670588235294117","0.347764705882353","0.7515294117647059","0.26623529411764707","0.01","0.01","0.01","0.01","1.01","0.01","0.01","0.175","0.13774193548387098","0.7847826086956522","0.228135593220339","0.6811864406779661","0.505"
"5","0.347764705882353","0.9301176470588236","0.16141176470588237","0.3438823529411765","1.01","0.01","0.01","0.01","0.01","0.01","0.01","0.175","0.13774193548387098","0.7847826086956522","0.228135593220339","0.6979661016949152","0.505"
"3","0.7864705882352941","0.09541176470588235","0.6156470588235294","0.36717647058823527","0.01","1.01","0.01","0.01","0.01","0.01","0.01","0.175","0.13774193548387098","0.7847826086956522","0.228135593220339","0.6979661016949152","0.505"
"5","0.8252941176470587","0.6544705882352941","0.7398823529411765","0.9961176470588236","0.01","1.01","0.01","0.01","0.01","0.01","0.01","0.175","0.13774193548387098","0.7847826086956522","0.228135593220339","0.6979661016949152","0.505"
"1","0.5923529411764706","0.5069411764705882","0.6117647058823529","0.8214117647058823","0.01","0.01","1.01","0.01","0.01","0.01","0.01","0.175","0.13774193548387098","0.7847826086956522","0.228135593220339","0.6979661016949152","0.505"
"6","0.8058823529411765","0.662235294117647","0.347764705882353","0.9262352941176472","0.01","1.01","0.01","0.01","0.01","0.01","0.01","0.175","0.13774193548387098","0.7847826086956522","0.228135593220339","0.6979661016949152","0.505"
"0","0.7554117647058823","0.4292941176470588","0.5729411764705882","0.9611764705882353","0.01","0.01","0.01","0.01","1.01","0.01","0.01","0.175","0.13774193548387098","0.7847826086956522","0.228135593220339","0.6979661016949152","0.505"
"9","0.7010588235294117","0.10317647058823529","0.9456470588235294","0.16529411764705884","0.01","0.01","0.01","0.01","1.01","0.01","0.01","0.175","0.13774193548387098","0.7847826086956522","0.228135593220339","0.6979661016949152","0.505"
"7","0.5768235294117646","0.17305882352941176","0.8718823529411764","0.23129411764705884","0.01","0.01","1.01","0.01","0.01","0.01","0.01","0.175","0.13774193548387098","0.7847826086956522","0.228135593220339","0.6979661016949152","0.505"
"7","0.7243529411764705","0.4487058823529412","0.3827058823529412","0.3710588235294118","0.01","0.01","0.01","1.01","0.01","0.01","0.01","0.175","0.13774193548387098","0.7847826086956522","0.228135593220339","0.6979661016949152","0.505"
"3","0.8408235294117647","0.041058823529411766","0.33999999999999997","0.7864705882352941","0.01","0.01","1.01","0.01","0.01","0.01","0.01","0.175","0.13774193548387098","0.7847826086956522","0.228135593220339","0.6979661016949152","0.505"
"3","0.736","0.406","0.11094117647058822","0.6156470588235294","0.01","0.01","0.01","0.01","0.01","1.01","0.01","0.175","0.13774193548387098","0.7847826086956522","0.228135593220339","0.6979661016949152","0.505"
"5","0.8408235294117647","0.4797647058823529","0.7243529411764705","0.6467058823529412","0.01","0.01","0.01","0.01","0.01","1.01","0.01","0.175","0.13774193548387098","0.7847826086956522","0.228135593220339","0.7147457627118644","0.505"
"6","0.7127058823529412","0.7787058823529412","0.2934117647058823","0.3089411764705882","0.01","0.01","0.01","0.01","1.01","0.01","0.01","0.175","0.13774193548387098","0.7847826086956522","0.228135593220339","0.7147457627118644","0.505"
"8","0.22741176470588237","0.868","0.07988235294117646","0.3205882352941177","0.01","0.01","0.01","0.01","1.01","0.01","0.01","0.175","0.13774193548387098","0.7847826086956522","0.228135593220339","0.7147457627118644","0.505"
"4","0.47200000000000003","0.6583529411764706","0.18082352941176472","0.18082352941176472","0.01","0.01","0.01","1.01","0.01","0.01","0.01","0.175","0.13774193548387098","0.7847826086956522","0.228135593220339","0.7147457627118644","0.505"
"3","0.4292941176470588","0.20411764705882354","0.26623529411764707","0.18858823529411764","0.01","0.01","0.01","0.01","0.01","1.01","0.01","0.175","0.13774193548387098","0.7847826086956522","0.228135593220339","0.7147457627118644","0.505"
"2","0.347764705882353","0.49917647058823533","0.18082352941176472","0.11870588235294117","0.01","0.01","0.01","0.01","0.01","0.01","1.01","0.175","0.13774193548387098","0.7847826086956522","0.228135593220339","0.7147457627118644","0.505"
"3","0.6699999999999999","0.26623529411764707","0.6505882352941177","0.794235294117647","0.01","0.01","0.01","1.01","0.01","0.01","0.01","0.175","0.13774193548387098","0.7847826086956522","0.228135593220339","0.7147457627118644","0.505"
"5","0.8718823529411764","0.7049411764705882","0.025529411764705884","0.3244705882352941","0.01","0.01","0.01","1.01","0.01","0.01","0.01","0.175","0.13774193548387098","0.7847826086956522","0.228135593220339","0.7147457627118644","0.505"
"6","0.8951764705882354","0.7981176470588235","0.9301176470588236","0.19247058823529414","0.01","0.01","0.01","0.01","0.01","0.01","1.01","0.175","0.13774193548387098","0.7847826086956522","0.228135593220339","0.7147457627118644","0.505"
"2","0.5535294117647059","0.5768235294117646","0.5185882352941176","0.7787058823529412","0.01","0.01","0.01","0.01","0.01","1.01","0.01","0.175","0.13774193548387098","0.7847826086956522","0.228135593220339","0.7147457627118644","0.505"
"3","0.794235294117647","0.4681176470588236","0.07988235294117646","0.6272941176470588","1.01","0.01","0.01","0.01","0.01","0.01","0.01","0.175","0.13774193548387098","0.7847826086956522","0.228135593220339","0.7147457627118644","0.505"
"6","0.3827058823529412","0.5807058823529412","0.5224705882352941","0.041058823529411766","0.01","0.01","0.01","0.01","0.01","1.01","0.01","0.175","0.13774193548387098","0.7847826086956522","0.228135593220339","0.7315254237288135","0.505"
"4","0.6777647058823529","0.1963529411764706","0.4603529411764706","0.25070588235294117","0.01","0.01","0.01","1.01","0.01","0.01","0.01","0.175","0.13774193548387098","0.7847826086956522","0.228135593220339","0.7315254237288135","0.505"
"6","0.7321176470588235","0.5962352941176471","0.5069411764705882","0.7670588235294117","0.01","0.01","0.01","0.01","0.01","1.01","0.01","0.175","0.13774193548387098","0.7847826086956522","0.228135593220339","0.7315254237288135","0.505"
"4","0.42152941176470593","0.6234117647058823","0.5574117647058824","0.5185882352941176","0.01","0.01","0.01","0.01","0.01","0.01","1.01","0.175","0.13774193548387098","0.7847826086956522","0.228135593220339","0.7315254237288135","0.505"
"8","0.9068235294117647","0.5302352941176471","0.13423529411764706","0.5069411764705882","1.01","0.01","0.01","0.01","0.01","0.01","0.01","0.175","0.13774193548387098","0.7847826086956522","0.228135593220339","0.7315254237288135","0.505"
"8","0.26235294117647057","0.076","0.2934117647058823","0.464235294117647","0.01","0.01","0.01","0.01","0.01","1.01","0.01","0.175","0.13774193548387098","0.7847826086956522","0.228135593220339","0.7315254237288135","0.505"
"1","0.3904705882352941","0.05270588235294118","0.4331764705882353","0.02164705882352941","0.01","0.01","0.01","0.01","0.01","0.01","1.01","0.175","0.13774193548387098","0.7847826086956522","0.228135593220339","0.7315254237288135","0.505"
"6","0.8097647058823529","0.5457647058823529","0.3788235294117647","0.7282352941176471","1.01","0.01","0.01","0.01","0.01","0.01","0.01","0.175","0.13774193548387098","0.7847826086956522","0.228135593220339","0.7315254237288135","0.505"
"3","0.5923529411764706","0.6467058823529412","0.029411764705882353","0.7165882352941176","0.01","0.01","0.01","1.01","0.01","0.01","0.01","0.175","0.13774193548387098","0.7847826086956522","0.228135593220339","0.7315254237288135","0.505"
"2","0.04882352941176471","0.9301176470588236","0.10317647058823529","0.3516470588235294","0.01","1.01","0.01","0.01","0.01","0.01","0.01","0.175","0.13774193548387098","0.7847826086956522","0.228135593220339","0.7315254237288135","0.505"
"5","0.6855294117647059","0.5651764705882353","0.6971764705882353","0.7825882352941177","0.01","1.01","0.01","0.01","0.01","0.01","0.01","0.175","0.13774193548387098","0.7847826086956522","0.228135593220339","0.7315254237288135","0.505"
"8","0.4370588235294118","0.8485882352941176","0.4603529411764706","0.6234117647058823","0.01","0.01","0.01","0.01","0.01","1.01","0.01","0.175","0.13774193548387098","0.7847826086956522","0.228135593220339","0.7483050847457627","0.505"
"8","0.8718823529411764","0.5030588235294118","0.3128235294117647","0.7049411764705882","0.01","0.01","0.01","0.01","1.01","0.01","0.01","0.175","0.13774193548387098","0.7847826086956522","0.228135593220339","0.7483050847457627","0.505"
"2","0.9495294117647058","0.6583529411764706","0.6001176470588235","0.6661176470588235","0.01","0.01","0.01","1.01","0.01","0.01","0.01","0.175","0.13774193548387098","0.7847826086956522","0.228135593220339","0.7483050847457627","0.505"
"5","0.6195294117647059","0.4331764705882353","0.6505882352941177","0.36717647058823527","0.01","0.01","0.01","0.01","0.01","0.01","1.01","0.175","0.13774193548387098","0.7847826086956522","0.228135593220339","0.7483050847457627","0.505"
"2","0.9456470588235294","0.4098823529411765","0.044941176470588234","0.604","0.01","0.01","0.01","0.01","1.01","0.01","0.01","0.175","0.13774193548387098","0.7847826086956522","0.228135593220339","0.7483050847457627","0.505"
"9","0.5263529411764706","0.2934117647058823","0.06823529411764706","0.3128235294117647","0.01","1.01","0.01","0.01","0.01","0.01","0.01","0.175","0.13774193548387098","0.7847826086956522","0.228135593220339","0.7483050847457627","0.505"
"4","0.7088235294117647","0.7049411764705882","0.7321176470588235","1.0","0.01","0.01","0.01","0.01","0.01","1.01","0.01","0.175","0.13774193548387098","0.7847826086956522","0.228135593220339","0.7483050847457627","0.505"
"5","0.5768235294117646","0.8214117647058823","0.48364705882352943","0.8330588235294119","0.01","0.01","0.01","0.01","1.01","0.01","0.01","0.175","0.13774193548387098","0.7847826086956522","0.228135593220339","0.7483050847457627","0.505"
"8","0.941764705882353","0.09152941176470587","0.9145882352941176","0.5768235294117646","0.01","0.01","1.01","0.01","0.01","0.01","0.01","0.175","0.13774193548387098","0.7847826086956522","0.228135593220339","0.7483050847457627","0.505"
"1","0.5302352941176471","0.7165882352941176","0.281764705882353","0.8291764705882353","0.01","0.01","0.01","0.01","0.01","0.01","1.01","0.175","0.13774193548387098","0.7847826086956522","0.228135593220339","0.7483050847457627","0.505"
"8","0.7088235294117647","0.918470588235294","0.2701176470588236","0.6583529411764706","0.01","0.01","0.01","0.01","0.01","0.01","1.01","0.175","0.13774193548387098","0.7847826086956522","0.228135593220339","0.7483050847457627","0.505"
"5","0.9301176470588236","0.4098823529411765","0.9456470588235294","0.9572941176470589","1.01","0.01","0.01","0.01","0.01","0.01","0.01","0.175","0.13774193548387098","0.7847826086956522","0.228135593220339","0.7650847457627118","0.505"
"2","0.274","0.26235294117647057","0.9029411764705882","0.31670588235294117","1.01","0.01","0.01","0.01","0.01","0.01","0.01","0.175","0.13774193548387098","0.7847826086956522","0.228135593220339","0.7650847457627118","0.505"
"3","0.4098823529411765","0.01","0.33999999999999997","0.5690588235294117","0.01","0.01","0.01","1.01","0.01","0.01","0.01","0.175","0.13774193548387098","0.7847826086956522","0.228135593220339","0.7650847457627118","0.505"
"0","0.18858823529411764","0.6350588235294118","0.42152941176470593","0.04882352941176471","0.01","0.01","0.01","0.01","0.01","0.01","1.01","0.175","0.13774193548387098","0.7847826086956522","0.228135593220339","0.7650847457627118","0.505"
"6","0.36717647058823527","0.9223529411764705","0.6117647058823529","0.041058823529411766","0.01","1.01","0.01","0.01","0.01","0.01","0.01","0.175","0.13774193548387098","0.7847826086956522","0.228135593220339","0.7650847457627118","0.505"
"9","0.5341176470588236","0.2701176470588236","0.7398823529411765","0.21188235294117647","0.01","0.01","0.01","0.01","0.01","0.01","1.01","0.175","0.13774193548387098","0.7847826086956522","0.228135593220339","0.7650847457627118","0.505"
"7","0.8136470588235294","0.8524705882352941","0.8874117647058823","0.2856470588235294","0.01","0.01","1.01","0.01","0.01","0.01","0.01","0.175","0.13774193548387098","0.7847826086956522","0.228135593220339","0.7650847457627118","0.505"
"3","0.2972941176470589","0.7748235294117647","0.6894117647058824","0.5729411764705882","0.01","1.01","0.01","0.01","0.01","0.01","0.01","0.175","0.13774193548387098","0.7847826086956522","0.228135593220339","0.7650847457627118","0.505"
"0","0.5185882352941176","0.17694117647058824","0.6428235294117647","0.3788235294117647","0.01","0.01","0.01","1.01","0.01","0.01","0.01","0.175","0.13774193548387098","0.7847826086956522","0.228135593220339","0.7650847457627118","0.505"
"0","0.2584705882352941","0.6699999999999999","0.743764705882353","0.3749411764705883","0.01","1.01","0.01","0.01","0.01","0.01","0.01","0.175","0.13774193548387098","0.7847826086956522","0.228135593220339","0.7650847457627118","0.505"
"7","0.2235294117647059","0.802","0.7825882352941177","0.5069411764705882","0.01","1.01","0.01","0.01","0.01","0.01","0.01","0.175","0.13774193548387098","0.7847826086956522","0.228135593220339","0.7818644067796611","0.505"
"1","0.20411764705882354","0.7321176470588235","0.8641176470588235","0.08764705882352941","0.01","0.01","1.01","0.01","0.01","0.01","0.01","0.175","0.13774193548387098","0.7847826086956522","0.228135593220339","0.7818644067796611","0.505"
"9","0.3128235294117647","0.20800000000000002","0.4021176470588235","0.918470588235294","0.01","0.01","1.01","0.01","0.01","0.01","0.01","0.175","0.13774193548387098","0.7847826086956522","0.228135593220339","0.7818644067796611","0.505"
"5","0.9534117647058823","0.7321176470588235","0.8912941176470588","0.9534117647058823","0.01","0.01","1.01","0.01","0.01","0.01","0.01","0.175","0.13774193548387098","0.7847826086956522","0.228135593220339","0.7818644067796611","0.505"
"1","0.8447058823529412","0.7398823529411765","0.41764705882352937","0.029411764705882353","0.01","1.01","0.01","0.01","0.01","0.01","0.01","0.175","0.13774193548387098","0.7847826086956522","0.228135593220339","0.7818644067796611","0.505"
"2","0.3710588235294118","0.464235294117647","0.4525882352941177","0.8485882352941176","0.01","0.01","0.01","0.01","1.01","0.01","0.01","0.175","0.13774193548387098","0.7847826086956522","0.228135593220339","0.7818644067796611","0.505"
"6","0.7981176470588235","0.736","0.5263529411764706","0.18858823529411764","0.01","1.01","0.01","0.01","0.01","0.01","0.01","0.175","0.13774193548387098","0.7847826086956522","0.228135593220339","0.7818644067796611","0.505"
"9","0.9728235294117646","0.5574117647058824","0.15364705882352944","0.7282352941176471","0.01","1.01","0.01","0.01","0.01","0.01","0.01","0.175","0.13774193548387098","0.7847826086956522","0.228135593220339","0.7818644067796611","0.505"
"2","0.6777647058823529","0.02164705882352941","0.5185882352941176","0.9107058823529411","0.01","1.01","0.01","0.01","0.01","0.01","0.01","0.175","0.13774193548387098","0.7847826086956522","0.228135593220339","0.7818644067796611","0.505"
"6","0.33999999999999997","0.2584705882352941","0.28952941176470587","0.7243529411764705","0.01","0.01","0.01","0.01","0.01","0.01","1.01","0.175","0.13774193548387098","0.7847826086956522","0.228135593220339","0.7818644067796611","0.505"
"3","0.7981176470588235","0.5807058823529412","0.8912941176470588","0.347764705882353","0.01","0.01","0.01","0.01","0.01","1.01","0.01","0.175","0.13774193548387098","0.7847826086956522","0.228135593220339","0.7986440677966101","0.505"
"7","0.6777647058823529","0.6505882352941177","0.2584705882352941","0.6738823529411764","0.01","0.01","0.01","0.01","0.01","1.01","0.01","0.175","0.13774193548387098","0.7847826086956522","0.228135593220339","0.7986440677966101","0.505"
"5","0.31670588235294117","0.941764705882353","0.06435294117647058","0.6272941176470588","0.01","1.01","0.01","0.01","0.01","0.01","0.01","0.175","0.13774193548387098","0.7847826086956522","0.228135593220339","0.7986440677966101","0.505"
"5","0.9572941176470589","0.9145882352941176","0.8369411764705883","0.7592941176470588","1.01","0.01","0.01","0.01","0.01","0.01","0.01","0.175","0.13774193548387098","0.7847826086956522","0.228135593220339","0.7986440677966101","0.505"
"7","0.3283529411764706","0.3594117647058824","0.35552941176470587","0.9029411764705882","0.01","1.01","0.01","0.01","0.01","0.01","0.01","0.175","0.13774193548387098","0.7847826086956522","0.228135593220339","0.7986440677966101","0.505"
"0","0.5923529411764706","0.3710588235294118","0.3322352941176471","0.08764705882352941","0.01","0.01","0.01","0.01","0.01","0.01","1.01","0.175","0.13774193548387098","0.7847826086956522","0.228135593220339","0.7986440677966101","0.505"
"9","0.662235294117647","0.17305882352941176","0.868","0.27788235294117647","0.01","0.01","0.01","0.01","0.01","0.01","1.01","0.175","0.13774193548387098","0.7847826086956522","0.228135593220339","0.7986440677966101","0.505"
"2","0.6156470588235294","0.31670588235294117","0.08376470588235294","0.45647058823529413","0.01","0.01","0.01","0.01","0.01","0.01","1.01","0.175","0.13774193548387098","0.7847826086956522","0.228135593220339","0.7986440677966101","0.505"
"8","0.09152941176470587","0.8835294117647059","0.4758823529411765","0.9844705882352941","0.01","0.01","0.01","0.01","0.01","1.01","0.01","0.175","0.13774193548387098","0.7847826086956522","0.228135593220339","0.7986440677966101","0.505"
"1","0.1458823529411765","0.281764705882353","0.35552941176470587","0.1575294117647059","0.01","0.01","0.01","0.01","0.01","0.01","1.01","0.175","0.13774193548387098","0.7847826086956522","0.228135593220339","0.7986440677966101","0.505"
"3","0.918470588235294","0.11870588235294117","0.6583529411764706","0.4603529411764706","0.01","0.01","0.01","0.01","0.01","0.01","1.01","0.175","0.13774193548387098","0.7847826086956522","0.228135593220339","0.8154237288135594","0.505"
"8","0.5729411764705882","0.2390588235294118","0.05270588235294118","0.9689411764705882","1.01","0.01","0.01","0.01","0.01","0.01","0.01","0.175","0.13774193548387098","0.7847826086956522","0.228135593220339","0.8154237288135594","0.505"
"4","0.7748235294117647","0.9883529411764707","0.029411764705882353","0.8252941176470587","0.01","1.01","0.01","0.01","0.01","0.01","0.01","0.175","0.13774193548387098","0.7847826086956522","0.228135593220339","0.8154237288135594","0.505"
"7","0.9378823529411765","0.6583529411764706","0.2351764705882353","0.5535294117647059","0.01","0.01","0.01","0.01","0.01","1.01","0.01","0.175","0.13774193548387098","0.7847826086956522","0.228135593220339","0.8154237288135594","0.505"
"8","0.06823529411764706","0.8563529411764705","0.3244705882352941","0.14976470588235294","0.01","0.01","0.01","0.01","1.01","0.01","0.01","0.175","0.13774193548387098","0.7847826086956522","0.228135593220339","0.8154237288135594","0.505"
"5","0.05658823529411765","0.5224705882352941","0.2972941176470589","0.6350588235294118","0.01","1.01","0.01","0.01","0.01","0.01","0.01","0.175","0.13774193548387098","0.7847826086956522","0.228135593220339","0.8154237288135594","0.505"
"9","0.3904705882352941","0.941764705882353","0.4603529411764706","0.044941176470588234","0.01","0.01","0.01","0.01","0.01","0.01","1.01","0.175","0.13774193548387098","0.7847826086956522","0.228135593220339","0.8154237288135594","0.505"
"3","0.7049411764705882","0.9650588235294117","0.9107058823529411","0.6350588235294118","0.01","0.01","0.01","1.01","0.01","0.01","0.01","0.175","0.13774193548387098","0.7847826086956522","0.228135593220339","0.8154237288135594","0.505"
"3","0.1963529411764706","0.05270588235294118","0.8447058823529412","0.36717647058823527","0.01","0.01","1.01","0.01","0.01","0.01","0.01","0.175","0.13774193548387098","0.7847826086956522","0.228135593220339","0.8322033898305085","0.505"
"1","0.47200000000000003","0.3827058823529412","0.09541176470588235","0.01388235294117647","0.01","0.01","0.01","0.01","1.01","0.01","0.01","0.175","0.13774193548387098","0.7847826086956522","0.228135593220339","0.8322033898305085","0.505"
"6","0.8058823529411765","0.8252941176470587","0.8757647058823529","0.2701176470588236","0.01","0.01","0.01","1.01","0.01","0.01","0.01","0.175","0.13774193548387098","0.7847826086956522","0.228135593220339","0.8322033898305085","0.505"
"6","0.2934117647058823","0.7321176470588235","0.3827058823529412","0.281764705882353","0.01","0.01","1.01","0.01","0.01","0.01","0.01","0.175","0.13774193548387098","0.7847826086956522","0.228135593220339","0.8322033898305085","0.505"
"2","0.7243529411764705","0.9844705882352941","0.20411764705882354","0.3865882352941176","0.01","0.01","0.01","0.01","0.01","1.01","0.01","0.175","0.13774193548387098","0.7847826086956522","0.228135593220339","0.8322033898305085","0.505"
"6","0.5845882352941177","0.3749411764705883","0.9572941176470589","0.3089411764705882","1.01","0.01","0.01","0.01","0.01","0.01","0.01","0.175","0.13774193548387098","0.7847826086956522","0.228135593220339","0.8322033898305085","0.505"
"3","0.9378823529411765","0.07211764705882352","0.3516470588235294","0.9883529411764707","0.01","0.01","1.01","0.01","0.01","0.01","0.01","0.175","0.13774193548387098","0.7847826086956522","0.228135593220339","0.8322033898305085","0.505"
"5","0.3904705882352941","0.025529411764705884","0.7825882352941177","0.281764705882353","0.01","0.01","0.01","0.01","0.01","1.01","0.01","0.175","0.13774193548387098","0.7847826086956522","0.228135593220339","0.8322033898305085","0.505"
"5","0.5768235294117646","0.14200000000000002","0.3865882352941176","0.9844705882352941","0.01","0.01","0.01","0.01","1.01","0.01","0.01","0.175","0.13774193548387098","0.7847826086956522","0.228135593220339","0.8322033898305085","0.505"
"1","0.5418823529411765","0.06435294117647058","0.802","0.794235294117647","0.01","0.01","0.01","0.01","1.01","0.01","0.01","0.175","0.13774193548387098","0.7847826086956522","0.228135593220339","0.8322033898305085","0.505"
"4","0.8214117647058823","0.16529411764705884","0.1303529411764706","0.4797647058823529","0.01","0.01","0.01","0.01","0.01","1.01","0.01","0.175","0.13774193548387098","0.7847826086956522","0.228135593220339","0.8489830508474576","0.505"
"0","0.4137647058823529","0.1303529411764706","0.5845882352941177","0.30505882352941177","0.01","0.01","0.01","1.01","0.01","0.01","0.01","0.175","0.13774193548387098","0.7847826086956522","0.228135593220339","0.8489830508474576","0.505"
"1","0.8408235294117647","0.8990588235294118","0.5574117647058824","0.5302352941176471","1.01","0.01","0.01","0.01","0.01","0.01","0.01","0.175","0.13774193548387098","0.7847826086956522","0.228135593220339","0.8489830508474576","0.505"
"0","0.1963529411764706","0.9223529411764705","0.6389411764705882","0.9301176470588236","0.01","0.01","0.01","0.01","1.01","0.01","0.01","0.175","0.13774193548387098","0.7847826086956522","0.228135593220339","0.8489830508474576","0.505"
"8","0.49917647058823533","0.48364705882352943","0.6932941176470588","0.5263529411764706","0.01","0.01","1.01","0.01","0.01","0.01","0.01","0.175","0.13774193548387098","0.7847826086956522","0.228135593220339","0.8489830508474576","0.505"
"5","0.1575294117647059","0.1963529411764706","0.6467058823529412","0.9650588235294117","0.01","0.01","0.01","1.01","0.01","0.01","0.01","0.175","0.13774193548387098","0.7847826086956522","0.228135593220339","0.8489830508474576","0.505"
"4","0.7864705882352941","0.45647058823529413","0.7282352941176471","0.076","0.01","0.01","0.01","0.01","0.01","1.01","0.01","0.175","0.13774193548387098","0.7847826086956522","0.228135593220339","0.8657627118644068","0.505"
"9","0.9767058823529412","0.2972941176470589","0.6971764705882353","0.5768235294117646","0.01","1.01","0.01","0.01","0.01","0.01","0.01","0.175","0.13774193548387098","0.7847826086956522","0.228135593220339","0.8657627118644068","0.505"
"7","0.7864705882352941","0.604","0.5923529411764706","0.4914117647058823","1.01","0.01","0.01","0.01","0.01","0.01","0.01","0.175","0.13774193548387098","0.7847826086956522","0.228135593220339","0.8657627118644068","0.505"
"3","0.3749411764705883","0.01","0.31670588235294117","0.5729411764705882","0.01","1.01","0.01","0.01","0.01","0.01","0.01","0.175","0.13774193548387098","0.7847826086956522","0.228135593220339","0.8657627118644068","0.505"
"4","0.5807058823529412","0.9068235294117647","0.6777647058823529","0.6971764705882353","0.01","0.01","0.01","0.01","1.01","0.01","0.01","0.175","0.13774193548387098","0.7847826086956522","0.228135593220339","0.8657627118644068","0.505"
"5","0.24294117647058824","0.9223529411764705","0.9805882352941176","0.1458823529411765","0.01","0.01","1.01","0.01","0.01","0.01","0.01","0.175","0.13774193548387098","0.7847826086956522","0.228135593220339","0.8657627118644068","0.505"
"9","0.9029411764705882","0.7748235294117647","0.7243529411764705","0.7476470588235294","0.01","0.01","0.01","0.01","0.01","0.01","1.01","0.175","0.13774193548387098","0.7847826086956522","0.228135593220339","0.8657627118644068","0.505"
"2","0.3128235294117647","0.7748235294117647","0.9301176470588236","0.06435294117647058","0.01","0.01","0.01","1.01","0.01","0.01","0.01","0.175","0.13774193548387098","0.7847826086956522","0.228135593220339","0.8657627118644068","0.505"
"9","0.01","0.1264705882352941","0.6583529411764706","0.1963529411764706","0.01","0.01","1.01","0.01","0.01","0.01","0.01","0.175","0.13774193548387098","0.7847826086956522","0.228135593220339","0.8657627118644068","0.505"
"2","0.3788235294117647","0.6661176470588235","0.19247058823529414","0.6001176470588235","0.01","0.01","1.01","0.01","0.01","0.01","0.01","0.175","0.13774193548387098","0.7847826086956522","0.228135593220339","0.8657627118644068","0.505"
"6","0.5729411764705882","0.10705882352941176","0.4525882352941177","0.2856470588235294","0.01","0.01","0.01","0.01","0.01","1.01","0.01","0.175","0.13774193548387098","0.7847826086956522","0.228135593220339","0.882542372881356","0.505"
"6","0.868","0.4603529411764706","0.08376470588235294","0.10317647058823529","1.01","0.01","0.01","0.01","0.01","0.01","0.01","0.175","0.13774193548387098","0.7847826086956522","0.228135593220339","0.882542372881356","0.505"
"1","0.7204705882352941","0.04882352941176471","0.13811764705882354","0.9495294117647058","0.01","0.01","1.01","0.01","0.01","0.01","0.01","0.175","0.13774193548387098","0.7847826086956522","0.228135593220339","0.882542372881356","0.505"
"5","0.7787058823529412","0.7321176470588235","0.4254117647058824","0.05270588235294118","0.01","0.01","0.01","0.01","0.01","1.01","0.01","0.175","0.13774193548387098","0.7847826086956522","0.228135593220339","0.882542372881356","0.505"
"6","0.7398823529411765","0.10317647058823529","0.6971764705882353","0.3244705882352941","0.01","0.01","0.01","0.01","0.01","1.01","0.01","0.175","0.13774193548387098","0.7847826086956522","0.228135593220339","0.882542372881356","0.505"
"1","0.9456470588235294","0.7398823529411765","0.36717647058823527","0.8330588235294119","1.01","0.01","0.01","0.01","0.01","0.01","0.01","0.175","0.13774193548387098","0.7847826086956522","0.228135593220339","0.882542372881356","0.505"
"0","0.18082352941176472","0.14976470588235294","0.48364705882352943","0.8252941176470587","0.01","0.01","0.01","0.01","0.01","0.01","1.01","0.175","0.13774193548387098","0.7847826086956522","0.228135593220339","0.882542372881356","0.505"
"0","0.31670588235294117","0.041058823529411766","0.30505882352941177","0.15364705882352944","0.01","0.01","0.01","0.01","0.01","1.01","0.01","0.175","0.13774193548387098","0.7847826086956522","0.228135593220339","0.882542372881356","0.505"
"0","0.9767058823529412","0.8835294117647059","0.4137647058823529","0.9262352941176472","0.01","0.01","1.01","0.01","0.01","0.01","0.01","0.175","0.13774193548387098","0.7847826086956522","0.228135593220339","0.8993220338983051","0.505"
"3","0.8408235294117647","0.9689411764705882","0.6195294117647059","0.9495294117647058","0.01","0.01","1.01","0.01","0.01","0.01","0.01","0.175","0.13774193548387098","0.7847826086956522","0.228135593220339","0.8993220338983051","0.505"
"4","0.06823529411764706","0.24294117647058824","0.9107058823529411","0.08376470588235294","0.01","1.01","0.01","0.01","0.01","0.01","0.01","0.175","0.13774193548387098","0.7847826086956522","0.228135593220339","0.8993220338983051","0.505"
"2","0.5341176470588236","0.5923529411764706","0.3516470588235294","0.8058823529411765","1.01","0.01","0.01","0.01","0.01","0.01","0.01","0.175","0.13774193548387098","0.7847826086956522","0.228135593220339","0.8993220338983051","0.505"
"7","0.4758823529411765","0.7282352941176471","0.25458823529411767","0.5030588235294118","0.01","0.01","0.01","0.01","0.01","0.01","1.01","0.175","0.13774193548387098","0.7847826086956522","0.228135593220339","0.9161016949152543","0.505"
"4","0.8485882352941176","0.9456470588235294","0.041058823529411766","0.13811764705882354","0.01","1.01","0.01","0.01","0.01","0.01","0.01","0.175","0.13774193548387098","0.7847826086956522","0.228135593220339","0.9161016949152543","0.505"
"1","0.5962352941176471","0.3438823529411765","0.736","0.09929411764705881","0.01","0.01","0.01","1.01","0.01","0.01","0.01","0.175","0.13774193548387098","0.7847826086956522","0.228135593220339","0.9161016949152543","0.505"
"3","0.941764705882353","0.7515294117647059","0.9107058823529411","0.9223529411764705","0.01","0.01","1.01","0.01","0.01","0.01","0.01","0.175","0.13774193548387098","0.7847826086956522","0.228135593220339","0.9161016949152543","0.505"
"4","0.21576470588235297","0.4797647058823529","0.9883529411764707","0.7282352941176471","0.01","0.01","0.01","0.01","0.01","1.01","0.01","0.175","0.13774193548387098","0.7847826086956522","0.228135593220339","0.9161016949152543","0.505"
"4","0.3788235294117647","0.6195294117647059","0.3205882352941177","0.3244705882352941","0.01","1.01","0.01","0.01","0.01","0.01","0.01","0.175","0.13774193548387098","0.7847826086956522","0.228135593220339","0.9161016949152543","0.505"
"8","0.26235294117647057","0.7165882352941176","0.3128235294117647","0.6350588235294118","0.01","0.01","0.01","0.01","1.01","0.01","0.01","0.175","0.13774193548387098","0.7847826086956522","0.228135593220339","0.9161016949152543","0.505"
"2","0.406","0.6001176470588235","0.8485882352941176","0.6195294117647059","0.01","0.01","0.01","0.01","0.01","1.01","0.01","0.175","0.13774193548387098","0.7847826086956522","0.228135593220339","0.9161016949152543","0.505"
"8","0.4137647058823529","0.21576470588235297","0.4875294117647059","0.6894117647058824","0.01","0.01","1.01","0.01","0.01","0.01","0.01","0.175","0.13774193548387098","0.7847826086956522","0.228135593220339","0.9161016949152543","0.505"
"5","0.8796470588235294","0.45647058823529413","0.860235294117647","0.42152941176470593","0.01","0.01","0.01","1.01","0.01","0.01","0.01","0.175","0.13774193548387098","0.7847826086956522","0.228135593220339","0.9328813559322033","0.505"
"6","0.20800000000000002","0.05270588235294118","0.3438823529411765","0.20800000000000002","0.01","0.01","0.01","0.01","0.01","0.01","1.01","0.175","0.13774193548387098","0.7847826086956522","0.228135593220339","0.9328813559322033","0.505"
"2","0.9572941176470589","0.7670588235294117","0.2856470588235294","0.347764705882353","0.01","0.01","0.01","0.01","1.01","0.01","0.01","0.175","0.13774193548387098","0.7847826086956522","0.228135593220339","0.9328813559322033","0.505"
"7","0.05270588235294118","0.18858823529411764","0.04882352941176471","0.941764705882353","0.01","0.01","0.01","1.01","0.01","0.01","0.01","0.175","0.13774193548387098","0.7847826086956522","0.228135593220339","0.9328813559322033","0.505"
"5","0.6311764705882353","0.5263529411764706","0.22741176470588237","0.3322352941176471","0.01","0.01","0.01","0.01","0.01","1.01","0.01","0.175","0.13774193548387098","0.7847826086956522","0.228135593220339","0.9328813559322033","0.505"
"0","0.08376470588235294","0.16529411764705884","0.2972941176470589","0.7243529411764705","0.01","0.01","1.01","0.01","0.01","0.01","0.01","0.175","0.13774193548387098","0.7847826086956522","0.228135593220339","0.9328813559322033","0.505"
"1","0.6156470588235294","0.20411764705882354","0.26623529411764707","0.9456470588235294","0.01","0.01","1.01","0.01","0.01","0.01","0.01","0.175","0.13774193548387098","0.7847826086956522","0.228135593220339","0.9328813559322033","0.505"
"6","0.4914117647058823","0.1148235294117647","0.06823529411764706","0.13423529411764706","1.01","0.01","0.01","0.01","0.01","0.01","0.01","0.175","0.13774193548387098","0.7847826086956522","0.228135593220339","0.9328813559322033","0.505"
"4","0.09929411764705881","0.5923529411764706","0.36717647058823527","0.7864705882352941","0.01","1.01","0.01","0.01","0.01","0.01","0.01","0.175","0.13774193548387098","0.7847826086956522","0.228135593220339","0.9328813559322033","0.505"
"3","0.2235294117647059","0.7165882352941176","0.3904705882352941","0.18082352941176472","1.01","0.01","0.01","0.01","0.01","0.01","0.01","0.175","0.13774193548387098","0.7847826086956522","0.228135593220339","0.9496610169491526","0.505"
"8","0.21576470588235297","0.6195294117647059","0.13423529411764706","0.47200000000000003","0.01","1.01","0.01","0.01","0.01","0.01","0.01","0.175","0.13774193548387098","0.7847826086956522","0.228135593220339","0.9496610169491526","0.505"
"6","0.3011764705882353","0.3749411764705883","0.6583529411764706","0.6234117647058823","0.01","1.01","0.01","0.01","0.01","0.01","0.01","0.175","0.13774193548387098","0.7847826086956522","0.228135593220339","0.9496610169491526","0.505"
"4","0.5651764705882353","0.6894117647058824","0.6699999999999999","0.20800000000000002","0.01","0.01","0.01","0.01","0.01","1.01","0.01","0.175","0.13774193548387098","0.7847826086956522","0.228135593220339","0.9496610169491526","0.505"
"0","0.4331764705882353","0.5651764705882353","0.01776470588235294","0.09541176470588235","0.01","1.01","0.01","0.01","0.01","0.01","0.01","0.175","0.13774193548387098","0.7847826086956522","0.228135593220339","0.9496610169491526","0.505"
"5","0.9650588235294117","0.934","0.2390588235294118","0.3516470588235294","0.01","0.01","0.01","0.01","0.01","1.01","0.01","0.175","0.13774193548387098","0.7847826086956522","0.228135593220339","0.9496610169491526","0.505"
"9","0.076","0.860235294117647","0.07988235294117646","0.08376470588235294","0.01","0.01","0.01","0.01","0.01","1.01","0.01","0.175","0.13774193548387098","0.7847826086956522","0.228135593220339","0.9496610169491526","0.505"
"8","0.8408235294117647","0.7554117647058823","0.8291764705882353","0.8951764705882354","0.01","0.01","0.01","1.01","0.01","0.01","0.01","0.175","0.13774193548387098","0.7847826086956522","0.228135593220339","0.9496610169491526","0.505"
"4","0.9961176470588236","0.2934117647058823","0.13423529411764706","0.4525882352941177","0.01","0.01","0.01","0.01","1.01","0.01","0.01","0.175","0.13774193548387098","0.7847826086956522","0.228135593220339","0.9496610169491526","0.505"
"0","0.7864705882352941","0.3749411764705883","0.4254117647058824","0.736","0.01","0.01","0.01","0.01","0.01","1.01","0.01","0.175","0.13774193548387098","0.7847826086956522","0.228135593220339","0.9496610169491526","0.505"
"2","0.8485882352941176","0.26623529411764707","0.7010588235294117","0.3749411764705883","1.01","0.01","0.01","0.01","0.01","0.01","0.01","0.175","0.13774193548387098","0.7847826086956522","0.228135593220339","0.9496610169491526","0.505"
"7","0.09929411764705881","0.44482352941176473","0.16141176470588237","0.060470588235294116","0.01","0.01","0.01","0.01","0.01","0.01","1.01","0.175","0.13774193548387098","0.7847826086956522","0.228135593220339","0.9496610169491526","0.505"
"5","0.8563529411764705","0.21964705882352942","0.5457647058823529","0.20023529411764707","0.01","0.01","0.01","0.01","1.01","0.01","0.01","0.175","0.13774193548387098","0.7847826086956522","0.228135593220339","0.9664406779661017","0.505"
"8","0.6467058823529412","0.9844705882352941","0.4331764705882353","0.21576470588235297","1.01","0.01","0.01","0.01","0.01","0.01","0.01","0.175","0.13774193548387098","0.7847826086956522","0.228135593220339","0.9664406779661017","0.505"
"0","0.08764705882352941","0.3516470588235294","0.4797647058823529","0.10705882352941176","0.01","0.01","0.01","0.01","1.01","0.01","0.01","0.175","0.13774193548387098","0.7847826086956522","0.228135593220339","0.9664406779661017","0.505"
"3","0.5302352941176471","0.4370588235294118","0.07211764705882352","0.12258823529411764","0.01","0.01","1.01","0.01","0.01","0.01","0.01","0.175","0.13774193548387098","0.7847826086956522","0.228135593220339","0.9664406779661017","0.505"
"9","0.9378823529411765","0.17305882352941176","0.21576470588235297","0.8641176470588235","0.01","0.01","1.01","0.01","0.01","0.01","0.01","0.175","0.13774193548387098","0.7847826086956522","0.228135593220339","0.9664406779661017","0.505"
"2","0.45647058823529413","0.47200000000000003","0.8252941176470587","0.6311764705882353","0.01","0.01","1.01","0.01","0.01","0.01","0.01","0.175","0.13774193548387098","0.7847826086956522","0.228135593220339","0.9664406779661017","0.505"
"2","0.16917647058823532","0.8951764705882354","0.7049411764705882","0.1264705882352941","0.01","0.01","1.01","0.01","0.01","0.01","0.01","0.175","0.13774193548387098","0.7847826086956522","0.228135593220339","0.9664406779661017","0.505"
"3","0.5845882352941177","0.743764705882353","0.8175294117647058","0.6234117647058823","0.01","0.01","0.01","0.01","1.01","0.01","0.01","0.175","0.13774193548387098","0.7847826086956522","0.228135593220339","0.9664406779661017","0.505"
"1","0.16141176470588237","0.24294117647058824","0.3089411764705882","0.02164705882352941","0.01","0.01","0.01","0.01","0.01","1.01","0.01","0.175","0.13774193548387098","0.7847826086956522","0.228135593220339","0.9664406779661017","0.505"
"5","0.5962352941176471","0.8447058823529412","0.041058823529411766","0.20800000000000002","0.01","1.01","0.01","0.01","0.01","0.01","0.01","0.175","0.13774193548387098","0.7847826086956522","0.228135593220339","0.9664406779661017","0.505"
"7","0.7554117647058823","0.794235294117647","0.7592941176470588","0.9456470588235294","1.01","0.01","0.01","0.01","0.01","0.01","0.01","0.175","0.13774193548387098","0.7847826086956522","0.228135593220339","0.9664406779661017","0.505"
"9","0.15364705882352944","0.9262352941176472","0.18858823529411764","0.01","0.01","0.01","0.01","1.01","0.01","0.01","0.01","0.175","0.13774193548387098","0.7847826086956522","0.228135593220339","0.9664406779661017","0.505"
"5","0.8835294117647059","0.9961176470588236","0.23129411764705884","0.7398823529411765","0.01","1.01","0.01","0.01","0.01","0.01","0.01","0.175","0.13774193548387098","0.7847826086956522","0.228135593220339","0.983220338983051","0.505"
"6","0.076","0.025529411764705884","0.9378823529411765","0.9572941176470589","1.01","0.01","0.01","0.01","0.01","0.01","0.01","0.175","0.13774193548387098","0.7847826086956522","0.228135593220339","0.983220338983051","0.505"
"3","0.5030588235294118","0.5224705882352941","0.9844705882352941","0.025529411764705884","0.01","0.01","0.01","0.01","0.01","1.01","0.01","0.175","0.13774193548387098","0.7847826086956522","0.228135593220339","0.983220338983051","0.505"
"7","0.8990588235294118","0.662235294117647","0.1148235294117647","0.8835294117647059","0.01","1.01","0.01","0.01","0.01","0.01","0.01","0.175","0.13774193548387098","0.7847826086956522","0.228135593220339","0.983220338983051","0.505"
"6","0.06435294117647058","0.4681176470588236","0.3594117647058824","0.9961176470588236","0.01","0.01","0.01","0.01","1.01","0.01","0.01","0.175","0.13774193548387098","0.7847826086956522","0.228135593220339","0.983220338983051","0.505"
"5","0.11094117647058822","0.4292941176470588","0.8058823529411765","0.12258823529411764","1.01","0.01","0.01","0.01","0.01","0.01","0.01","0.175","0.13774193548387098","0.7847826086956522","0.228135593220339","0.983220338983051","0.505"
"5","0.4681176470588236","0.25458823529411767","0.6971764705882353","0.8835294117647059","0.01","1.01","0.01","0.01","0.01","0.01","0.01","0.175","0.13774193548387098","0.7847826086956522","0.228135593220339","0.983220338983051","0.505"
"5","0.25458823529411767","0.6467058823529412","0.918470588235294","0.19247058823529414","0.01","1.01","0.01","0.01","0.01","0.01","0.01","0.175","0.13774193548387098","0.7847826086956522","0.228135593220339","0.983220338983051","0.505"
"8","0.6195294117647059","0.4797647058823529","0.6272941176470588","0.36717647058823527","0.01","0.01","0.01","0.01","0.01","0.01","1.01","0.175","0.13774193548387098","0.7847826086956522","0.228135593220339","0.983220338983051","0.505"
"6","0.044941176470588234","0.2584705882352941","0.7243529411764705","0.5574117647058824","0.01","0.01","0.01","0.01","1.01","0.01","0.01","0.175","0.13774193548387098","0.7847826086956522","0.228135593220339","0.983220338983051","0.505"
"5","0.8912941176470588","0.6894117647058824","0.8408235294117647","0.406","1.01","0.01","0.01","0.01","0.01","0.01","0.01","0.175","0.13774193548387098","0.7847826086956522","0.228135593220339","0.983220338983051","0.505"
"0","0.6350588235294118","0.7709411764705882","0.3632941176470588","0.3594117647058824","0.01","0.01","0.01","1.01","0.01","0.01","0.01","0.175","0.13774193548387098","0.7847826086956522","0.228135593220339","0.983220338983051","0.505"
"4","0.2701176470588236","0.9922352941176471","0.3128235294117647","0.21576470588235297","0.01","0.01","0.01","0.01","0.01","1.01","0.01","0.175","0.13774193548387098","0.7847826086956522","0.228135593220339","1.0","0.505"
"4","0.6428235294117647","0.6738823529411764","0.9922352941176471","0.10705882352941176","0.01","0.01","0.01","0.01","0.01","1.01","0.01","0.175","0.13774193548387098","0.7847826086956522","0.228135593220339","1.0","0.505"
"4","0.8097647058823529","0.7670588235294117","0.9961176470588236","0.9456470588235294","0.01","0.01","0.01","1.01","0.01","0.01","0.01","0.175","0.13774193548387098","0.7847826086956522","0.228135593220339","1.0","0.505"
"8","0.3322352941176471","0.8330588235294119","0.2584705882352941","0.5574117647058824","0.01","0.01","0.01","0.01","0.01","1.01","0.01","0.175","0.13774193548387098","0.7847826086956522","0.228135593220339","1.0","0.505"
"5","0.9728235294117646","0.6428235294117647","0.16529411764705884","0.736","1.01","0.01","0.01","0.01","0.01","0.01","0.01","0.175","0.13774193548387098","0.7847826086956522","0.228135593220339","1.0","0.505"
"2","0.4409411764705882","0.6894117647058824","0.1264705882352941","0.6117647058823529","0.01","0.01","0.01","0.01","0.01","0.01","1.01","0.175","0.13774193548387098","0.7847826086956522","0.228135593220339","1.0","0.505"
"9","0.02164705882352941","0.4487058823529412","0.14976470588235294","0.7709411764705882","0.01","0.01","0.01","0.01","0.01","1.01","0.01","0.175","0.13774193548387098","0.7847826086956522","0.228135593220339","1.0","0.505"
"2","0.6738823529411764","0.2856470588235294","0.3594117647058824","0.736","0.01","0.01","0.01","0.01","0.01","0.01","1.01","0.175","0.13774193548387098","0.7847826086956522","0.228135593220339","1.0","0.505"
"4","0.1264705882352941","0.9922352941176471","0.7088235294117647","0.7903529411764706","0.01","0.01","1.01","0.01","0.01","0.01","0.01","0.175","0.13774193548387098","0.7847826086956522","0.228135593220339","1.0","0.505"
"1","0.6195294117647059","0.044941176470588234","0.11870588235294117","0.8369411764705883","0.01","0.01","0.01","1.01","0.01","0.01","0.01","0.175","0.13774193548387098","0.7847826086956522","0.228135593220339","1.0","0.505"
"8","0.5224705882352941","0.860235294117647","0.4137647058823529","0.16917647058823532","0.01","0.01","0.01","0.01","1.01","0.01","0.01","0.175","0.13774193548387098","0.7847826086956522","0.228135593220339","1.0","0.505"
"3","0.31670588235294117","0.5845882352941177","0.6699999999999999","0.1847058823529412","0.01","1.01","0.01","0.01","0.01","0.01","0.01","0.175","0.13774193548387098","0.7847826086956522","0.228135593220339","1.0","0.505"
"5","0.25070588235294117","0.04882352941176471","0.5302352941176471","0.044941176470588234","0.01","0.01","0.01","0.01","0.01","1.01","0.01","0.175","0.13774193548387098","0.7847826086956522","0.24491525423728816","0.01","0.505"
"9","0.26235294117647057","0.3128235294117647","0.14200000000000002","0.8524705882352941","0.01","1.01","0.01","0.01","0.01","0.01","0.01","0.175","0.13774193548387098","0.7847826086956522","0.24491525423728816","0.01","0.505"
"0","0.8330588235294119","0.6078823529411764","0.662235294117647","0.3594117647058824","0.01","0.01","0.01","0.01","0.01","1.01","0.01","0.175","0.13774193548387098","0.7847826086956522","0.24491525423728816","0.01","0.505"
"2","0.1575294117647059","0.7709411764705882","0.31670588235294117","0.6117647058823529","0.01","0.01","0.01","0.01","0.01","0.01","1.01","0.175","0.13774193548387098","0.7847826086956522","0.24491525423728816","0.01","0.505"
"2","0.7243529411764705","0.39435294117647063","0.9029411764705882","0.3982352941176471","0.01","0.01","0.01","0.01","0.01","0.01","1.01","0.175","0.13774193548387098","0.7847826086956522","0.24491525423728816","0.01","0.505"
"9","0.5807058823529412","0.9767058823529412","0.9767058823529412","0.8485882352941176","0.01","0.01","0.01","0.01","0.01","1.01","0.01","0.175","0.13774193548387098","0.7847826086956522","0.24491525423728816","0.01","0.505"
"0","0.49917647058823533","0.604","0.8641176470588235","0.5962352941176471","0.01","0.01","0.01","0.01","0.01","1.01","0.01","0.175","0.13774193548387098","0.7847826086956522","0.24491525423728816","0.01","0.505"
"5","0.041058823529411766","0.6894117647058824","0.7398823529411765","0.9107058823529411","1.01","0.01","0.01","0.01","0.01","0.01","0.01","0.175","0.13774193548387098","0.7847826086956522","0.24491525423728816","0.01","0.505"
"5","0.1575294117647059","0.3632941176470588","0.7631764705882352","0.6971764705882353","0.01","1.01","0.01","0.01","0.01","0.01","0.01","0.175","0.13774193548387098","0.7847826086956522","0.24491525423728816","0.01","0.505"
"7","0.9107058823529411","0.09929411764705881","0.5651764705882353","0.6505882352941177","0.01","0.01","0.01","0.01","0.01","0.01","1.01","0.175","0.13774193548387098","0.7847826086956522","0.24491525423728816","0.01","0.505"
"8","0.5341176470588236","0.8990588235294118","0.6195294117647059","0.9844705882352941","0.01","0.01","0.01","0.01","0.01","0.01","1.01","0.175","0.13774193548387098","0.7847826086956522","0.24491525423728816","0.01","0.505"
"2","0.26235294117647057","0.5651764705882353","0.09152941176470587","0.08376470588235294","0.01","0.01","0.01","1.01","0.01","0.01","0.01","0.175","0.13774193548387098","0.7847826086956522","0.24491525423728816","0.01","0.505"
"3","0.794235294117647","0.49917647058823533","0.8796470588235294","0.10705882352941176","0.01","1.01","0.01","0.01","0.01","0.01","0.01","0.175","0.13774193548387098","0.7847826086956522","0.24491525423728816","0.026779661016949154","0.505"
"2","0.8291764705882353","0.5768235294117646","0.736","0.7592941176470588","0.01","0.01","0.01","0.01","0.01","0.01","1.01","0.175","0.13774193548387098","0.7847826086956522","0.24491525423728816","0.026779661016949154","0.505"
"2","0.16917647058823532","0.9689411764705882","0.01","0.06823529411764706","0.01","0.01","0.01","0.01","0.01","1.01","0.01","0.175","0.13774193548387098","0.7847826086956522","0.24491525423728816","0.026779661016949154","0.505"
"8","0.4914117647058823","0.4487058823529412","0.060470588235294116","0.5030588235294118","0.01","0.01","0.01","0.01","0.01","0.01","1.01","0.175","0.13774193548387098","0.7847826086956522","0.24491525423728816","0.026779661016949154","0.505"
"1","0.4681176470588236","0.13811764705882354","0.7515294117647059","0.27788235294117647","0.01","0.01","1.01","0.01","0.01","0.01","0.01","0.175","0.13774193548387098","0.7847826086956522","0.24491525423728816","0.026779661016949154","0.505"
"7","0.5845882352941177","0.36717647058823527","0.7398823529411765","0.8058823529411765","0.01","1.01","0.01","0.01","0.01","0.01","0.01","0.175","0.13774193548387098","0.7847826086956522","0.24491525423728816","0.026779661016949154","0.505"
"4","0.18082352941176472","0.47200000000000003","0.5224705882352941","0.1575294117647059","0.01","0.01","1.01","0.01","0.01","0.01","0.01","0.175","0.13774193548387098","0.7847826086956522","0.24491525423728816","0.026779661016949154","0.505"
"1","0.8369411764705883","0.6971764705882353","0.5069411764705882","0.7243529411764705","0.01","0.01","0.01","0.01","0.01","1.01","0.01","0.175","0.13774193548387098","0.7847826086956522","0.24491525423728816","0.026779661016949154","0.505"
"6","0.4292941176470588","0.08376470588235294","0.4021176470588235","0.01","0.01","0.01","1.01","0.01","0.01","0.01","0.01","0.175","0.13774193548387098","0.7847826086956522","0.24491525423728816","0.026779661016949154","0.505"
"0","0.7864705882352941","0.9456470588235294","0.9029411764705882","0.4603529411764706","0.01","0.01","1.01","0.01","0.01","0.01","0.01","0.175","0.13774193548387098","0.7847826086956522","0.24491525423728816","0.026779661016949154","0.505"
"3","0.8835294117647059","0.5729411764705882","0.941764705882353","0.5457647058823529","0.01","0.01","0.01","0.01","0.01","1.01","0.01","0.175","0.13774193548387098","0.7847826086956522","0.24491525423728816","0.043559322033898305","0.505"
"2","0.10705882352941176","0.5690588235294117","0.7243529411764705","0.7282352941176471","0.01","0.01","1.01","0.01","0.01","0.01","0.01","0.175","0.13774193548387098","0.7847826086956522","0.24491525423728816","0.043559322033898305","0.505"
"2","0.05270588235294118","0.7282352941176471","0.7049411764705882","0.9145882352941176","0.01","0.01","1.01","0.01","0.01","0.01","0.01","0.175","0.13774193548387098","0.7847826086956522","0.24491525423728816","0.043559322033898305","0.505"
"2","0.7825882352941177","0.044941176470588234","0.7398823529411765","0.5612941176470588","0.01","0.01","0.01","0.01","0.01","0.01","1.01","0.175","0.13774193548387098","0.7847826086956522","0.24491525423728816","0.043559322033898305","0.505"
"4","0.06435294117647058","0.7476470588235294","0.868","0.9883529411764707","0.01","1.01","0.01","0.01","0.01","0.01","0.01","0.175","0.13774193548387098","0.7847826086956522","0.24491525423728816","0.043559322033898305","0.505"
"0","0.03329411764705882","0.8214117647058823","0.7010588235294117","0.3011764705882353","0.01","0.01","0.01","0.01","0.01","0.01","1.01","0.175","0.13774193548387098","0.7847826086956522","0.24491525423728816","0.043559322033898305","0.505"
"1","0.6001176470588235","0.12258823529411764","0.5496470588235294","0.09541176470588235","0.01","0.01","0.01","0.01","1.01","0.01","0.01","0.175","0.13774193548387098","0.7847826086956522","0.24491525423728816","0.043559322033898305","0.505"
"9","0.7748235294117647","0.18082352941176472","0.9068235294117647","0.9456470588235294","0.01","0.01","0.01","0.01","1.01","0.01","0.01","0.175","0.13774193548387098","0.7847826086956522","0.24491525423728816","0.043559322033898305","0.505"
"2","0.8136470588235294","0.3283529411764706","0.5108235294117647","0.6855294117647059","0.01","0.01","0.01","0.01","0.01","1.01","0.01","0.175","0.13774193548387098","0.7847826086956522","0.24491525423728816","0.043559322033898305","0.505"
"2","0.7592941176470588","0.8447058823529412","0.9961176470588236","0.5690588235294117","0.01","0.01","1.01","0.01","0.01","0.01","0.01","0.175","0.13774193548387098","0.7847826086956522","0.24491525423728816","0.043559322033898305","0.505"
"1","0.6467058823529412","0.4021176470588235","0.7592941176470588","0.6078823529411764","0.01","1.01","0.01","0.01","0.01","0.01","0.01","0.175","0.13774193548387098","0.7847826086956522","0.24491525423728816","0.043559322033898305","0.505"
"5","0.23129411764705884","0.7088235294117647","0.941764705882353","0.6156470588235294","0.01","0.01","0.01","1.01","0.01","0.01","0.01","0.175","0.13774193548387098","0.7847826086956522","0.24491525423728816","0.043559322033898305","0.505"
"5","0.47200000000000003","0.07211764705882352","0.41764705882352937","0.20411764705882354","0.01","1.01","0.01","0.01","0.01","0.01","0.01","0.175","0.13774193548387098","0.7847826086956522","0.24491525423728816","0.060338983050847464","0.505"
"4","0.7709411764705882","0.4292941176470588","0.7010588235294117","0.4409411764705882","0.01","0.01","0.01","0.01","0.01","0.01","1.01","0.175","0.13774193548387098","0.7847826086956522","0.24491525423728816","0.060338983050847464","0.505"
"3","0.13423529411764706","0.736","0.44482352941176473","0.5302352941176471","0.01","1.01","0.01","0.01","0.01","0.01","0.01","0.175","0.13774193548387098","0.7847826086956522","0.24491525423728816","0.060338983050847464","0.505"
"2","0.5651764705882353","0.5535294117647059","0.31670588235294117","0.025529411764705884","0.01","0.01","1.01","0.01","0.01","0.01","0.01","0.175","0.13774193548387098","0.7847826086956522","0.24491525423728816","0.060338983050847464","0.505"
"7","0.3632941176470588","0.060470588235294116","0.5884705882352942","0.13811764705882354","0.01","0.01","0.01","1.01","0.01","0.01","0.01","0.175","0.13774193548387098","0.7847826086956522","0.24491525423728816","0.060338983050847464","0.505"
"4","0.5069411764705882","0.19247058823529414","0.8330588235294119","0.3128235294117647","1.01","0.01","0.01","0.01","0.01","0.01","0.01","0.175","0.13774193548387098","0.7847826086956522","0.24491525423728816","0.060338983050847464","0.505"
"6","0.406","0.3749411764705883","0.08764705882352941","0.9145882352941176","0.01","0.01","0.01","0.01","0.01","0.01","1.01","0.175","0.13774193548387098","0.7847826086956522","0.24491525423728816","0.060338983050847464","0.505"
"2","0.9961176470588236","0.025529411764705884","0.18858823529411764","0.464235294117647","1.01","0.01","0.01","0.01","0.01","0.01","0.01","0.175","0.13774193548387098","0.7847826086956522","0.24491525423728816","0.060338983050847464","0.505"
"6","0.17305882352941176","0.868","0.9378823529411765","0.03329411764705882","0.01","0.01","0.01","0.01","1.01","0.01","0.01","0.175","0.13774193548387098","0.7847826086956522","0.24491525423728816","0.0771186440677966","0.505"
"6","0.7515294117647059","0.1963529411764706","0.9883529411764707","0.2972941176470589","0.01","0.01","0.01","1.01","0.01","0.01","0.01","0.175","0.13774193548387098","0.7847826086956522","0.24491525423728816","0.060338983050847464","0.505"
"3","0.9650588235294117","0.9029411764705882","0.6816470588235295","0.49529411764705883","0.01","0.01","1.01","0.01","0.01","0.01","0.01","0.175","0.13774193548387098","0.7847826086956522","0.24491525423728816","0.0771186440677966","0.505"
"5","0.39435294117647063","0.07211764705882352","0.8874117647058823","0.8951764705882354","0.01","0.01","0.01","0.01","1.01","0.01","0.01","0.175","0.13774193548387098","0.7847826086956522","0.24491525423728816","0.0771186440677966","0.505"
"5","0.9650588235294117","0.39435294117647063","0.20411764705882354","0.9068235294117647","0.01","1.01","0.01","0.01","0.01","0.01","0.01","0.175","0.13774193548387098","0.7847826086956522","0.24491525423728816","0.0771186440677966","0.505"
"1","0.9961176470588236","0.7554117647058823","0.3710588235294118","0.9572941176470589","1.01","0.01","0.01","0.01","0.01","0.01","0.01","0.175","0.13774193548387098","0.7847826086956522","0.24491525423728816","0.0771186440677966","0.505"
"4","0.23129411764705884","0.01","0.4797647058823529","0.060470588235294116","0.01","0.01","0.01","0.01","1.01","0.01","0.01","0.175","0.13774193548387098","0.7847826086956522","0.24491525423728816","0.0771186440677966","0.505"
"4","0.25070588235294117","0.6117647058823529","0.8718823529411764","0.49917647058823533","0.01","0.01","0.01","0.01","0.01","1.01","0.01","0.175","0.13774193548387098","0.7847826086956522","0.24491525423728816","0.0771186440677966","0.505"
"3","0.802","0.22741176470588237","0.2351764705882353","0.3438823529411765","0.01","1.01","0.01","0.01","0.01","0.01","0.01","0.175","0.13774193548387098","0.7847826086956522","0.24491525423728816","0.0771186440677966","0.505"
"3","0.41764705882352937","0.7088235294117647","0.8874117647058823","0.5341176470588236","0.01","0.01","0.01","1.01","0.01","0.01","0.01","0.175","0.13774193548387098","0.7847826086956522","0.24491525423728816","0.0771186440677966","0.505"
"6","0.7127058823529412","0.3089411764705882","0.25070588235294117","0.7670588235294117","0.01","1.01","0.01","0.01","0.01","0.01","0.01","0.175","0.13774193548387098","0.7847826086956522","0.24491525423728816","0.0771186440677966","0.505"
"1","0.3710588235294118","0.743764705882353","0.33999999999999997","0.5574117647058824","0.01","0.01","1.01","0.01","0.01","0.01","0.01","0.175","0.13774193548387098","0.7847826086956522","0.24491525423728816","0.0771186440677966","0.505"
"9","0.4409411764705882","0.3283529411764706","0.10317647058823529","0.1264705882352941","0.01","0.01","1.01","0.01","0.01","0.01","0.01","0.175","0.13774193548387098","0.7847826086956522","0.24491525423728816","0.09389830508474575","0.505"
"5","0.3205882352941177","0.22741176470588237","0.7165882352941176","0.06435294117647058","0.01","1.01","0.01","0.01","0.01","0.01","0.01","0.175","0.13774193548387098","0.7847826086956522","0.24491525423728816","0.09389830508474575","0.505"
"9","0.5418823529411765","0.8990588235294118","0.8447058823529412","0.406","0.01","0.01","0.01","0.01","0.01","0.01","1.01","0.175","0.13774193548387098","0.7847826086956522","0.24491525423728816","0.09389830508474575","0.505"
"3","0.05658823529411765","0.3205882352941177","0.4137647058823529","0.4681176470588236","0.01","0.01","0.01","0.01","0.01","1.01","0.01","0.175","0.13774193548387098","0.7847826086956522","0.24491525423728816","0.09389830508474575","0.505"
"4","0.5069411764705882","0.5612941176470588","0.7398823529411765","0.23129411764705884","0.01","0.01","0.01","1.01","0.01","0.01","0.01","0.175","0.13774193548387098","0.7847826086956522","0.24491525423728816","0.09389830508474575","0.505"
"4","0.029411764705882353","0.20800000000000002","0.47200000000000003","0.21964705882352942","0.01","0.01","0.01","0.01","1.01","0.01","0.01","0.175","0.13774193548387098","0.7847826086956522","0.24491525423728816","0.09389830508474575","0.505"
"9","0.7049411764705882","0.9805882352941176","0.2351764705882353","0.3749411764705883","0.01","0.01","1.01","0.01","0.01","0.01","0.01","0.175","0.13774193548387098","0.7847826086956522","0.24491525423728816","0.09389830508474575","0.505"
"4","0.08764705882352941","0.9107058823529411","0.8951764705882354","0.02164705882352941","1.01","0.01","0.01","0.01","0.01","0.01","0.01","0.175","0.13774193548387098","0.7847826086956522","0.24491525423728816","0.09389830508474575","0.505"
"7","0.7282352941176471","0.7398823529411765","0.26235294117647057","0.538","0.01","1.01","0.01","0.01","0.01","0.01","0.01","0.175","0.13774193548387098","0.7847826086956522","0.24491525423728816","0.09389830508474575","0.505"
"3","0.2972941176470589","0.6117647058823529","0.8291764705882353","0.4331764705882353","0.01","0.01","0.01","0.01","1.01","0.01","0.01","0.175","0.13774193548387098","0.7847826086956522","0.24491525423728816","0.09389830508474575","0.505"
"8","0.3710588235294118","0.6001176470588235","0.3011764705882353","0.7709411764705882","0.01","0.01","0.01","1.01","0.01","0.01","0.01","0.175","0.13774193548387098","0.7847826086956522","0.24491525423728816","0.09389830508474575","0.505"
"7","0.4254117647058824","0.3205882352941177","0.18858823529411764","0.6234117647058823","0.01","0.01","0.01","1.01","0.01","0.01","0.01","0.175","0.13774193548387098","0.7847826086956522","0.24491525423728816","0.11067796610169492","0.505"
"9","0.3982352941176471","0.5224705882352941","0.6195294117647059","0.9767058823529412","0.01","0.01","0.01","0.01","0.01","1.01","0.01","0.175","0.13774193548387098","0.7847826086956522","0.24491525423728816","0.11067796610169492","0.505"
"5","0.5807058823529412","0.5341176470588236","0.7825882352941177","0.12258823529411764","0.01","0.01","0.01","0.01","0.01","1.01","0.01","0.175","0.13774193548387098","0.7847826086956522","0.24491525423728816","0.11067796610169492","0.505"
"6","0.044941176470588234","0.04882352941176471","0.39435294117647063","0.9961176470588236","0.01","0.01","0.01","1.01","0.01","0.01","0.01","0.175","0.13774193548387098","0.7847826086956522","0.24491525423728816","0.11067796610169492","0.505"
"9","0.7515294117647059","0.9301176470588236","0.3128235294117647","0.3516470588235294","0.01","1.01","0.01","0.01","0.01","0.01","0.01","0.175","0.13774193548387098","0.7847826086956522","0.24491525423728816","0.11067796610169492","0.505"
"6","0.3827058823529412","0.538","0.9145882352941176","0.9495294117647058","1.01","0.01","0.01","0.01","0.01","0.01","0.01","0.175","0.13774193548387098","0.7847826086956522","0.24491525423728816","0.11067796610169492","0.505"
"7","0.5884705882352942","0.8563529411764705","0.5845882352941177","0.9844705882352941","0.01","0.01","0.01","1.01","0.01","0.01","0.01","0.175","0.13774193548387098","0.7847826086956522","0.24491525423728816","0.11067796610169492","0.505"
"1","0.406","0.41764705882352937","0.025529411764705884","0.3089411764705882","1.01","0.01","0.01","0.01","0.01","0.01","0.01","0.175","0.13774193548387098","0.7847826086956522","0.24491525423728816","0.11067796610169492","0.505"
"8","0.9262352941176472","0.7088235294117647","0.5302352941176471","0.9378823529411765","0.01","0.01","0.01","1.01","0.01","0.01","0.01","0.175","0.13774193548387098","0.7847826086956522","0.24491525423728816","0.11067796610169492","0.505"
"5","0.7670588235294117","0.5185882352941176","0.8175294117647058","0.5690588235294117","1.01","0.01","0.01","0.01","0.01","0.01","0.01","0.175","0.13774193548387098","0.7847826086956522","0.24491525423728816","0.11067796610169492","0.505"
"2","0.1264705882352941","0.3361176470588235","0.9689411764705882","0.538","0.01","0.01","0.01","0.01","0.01","1.01","0.01","0.175","0.13774193548387098","0.7847826086956522","0.24491525423728816","0.11067796610169492","0.505"
"2","0.538","0.4758823529411765","0.01776470588235294","0.8330588235294119","0.01","0.01","0.01","0.01","0.01","1.01","0.01","0.175","0.13774193548387098","0.7847826086956522","0.24491525423728816","0.12745762711864408","0.505"
"4","0.4525882352941177","0.7049411764705882","0.31670588235294117","0.3865882352941176","0.01","0.01","0.01","0.01","0.01","1.01","0.01","0.175","0.13774193548387098","0.7847826086956522","0.24491525423728816","0.12745762711864408","0.505"
"8","0.1847058823529412","0.16141176470588237","0.8330588235294119","0.8136470588235294","0.01","0.01","0.01","0.01","0.01","0.01","1.01","0.175","0.13774193548387098","0.7847826086956522","0.24491525423728816","0.12745762711864408","0.505"
"5","0.01","0.07988235294117646","0.5651764705882353","0.4487058823529412","0.01","0.01","0.01","0.01","0.01","1.01","0.01","0.175","0.13774193548387098","0.7847826086956522","0.24491525423728816","0.12745762711864408","0.505"
"8","0.8912941176470588","0.6272941176470588","0.9068235294117647","0.9378823529411765","0.01","1.01","0.01","0.01","0.01","0.01","0.01","0.175","0.13774193548387098","0.7847826086956522","0.24491525423728816","0.12745762711864408","0.505"
"5","0.6894117647058824","0.044941176470588234","0.2934117647058823","0.30505882352941177","0.01","1.01","0.01","0.01","0.01","0.01","0.01","0.175","0.13774193548387098","0.7847826086956522","0.24491525423728816","0.12745762711864408","0.505"
"9","0.5962352941176471","0.31670588235294117","0.4525882352941177","0.2701176470588236","0.01","0.01","1.01","0.01","0.01","0.01","0.01","0.175","0.13774193548387098","0.7847826086956522","0.24491525423728816","0.12745762711864408","0.505"
"5","0.6001176470588235","0.21188235294117647","0.5807058823529412","0.9029411764705882","1.01","0.01","0.01","0.01","0.01","0.01","0.01","0.175","0.13774193548387098","0.7847826086956522","0.24491525423728816","0.12745762711864408","0.505"
"3","0.1458823529411765","0.4409411764705882","0.7903529411764706","0.9068235294117647","0.01","0.01","0.01","0.01","1.01","0.01","0.01","0.175","0.13774193548387098","0.7847826086956522","0.24491525423728816","0.12745762711864408","0.505"
"4","0.743764705882353","0.18858823529411764","0.6117647058823529","0.21576470588235297","0.01","0.01","0.01","1.01","0.01","0.01","0.01","0.175","0.13774193548387098","0.7847826086956522","0.24491525423728816","0.12745762711864408","0.505"
"3","0.4292941176470588","0.6078823529411764","0.3594117647058824","0.3438823529411765","0.01","0.01","0.01","0.01","0.01","0.01","1.01","0.175","0.13774193548387098","0.7847826086956522","0.24491525423728816","0.12745762711864408","0.505"
"7","0.28952941176470587","0.17305882352941176","0.1458823529411765","0.9495294117647058","0.01","0.01","0.01","0.01","0.01","0.01","1.01","0.175","0.13774193548387098","0.7847826086956522","0.24491525423728816","0.12745762711864408","0.505"
"4","0.8796470588235294","0.33999999999999997","0.662235294117647","0.8252941176470587","0.01","1.01","0.01","0.01","0.01","0.01","0.01","0.175","0.13774193548387098","0.7847826086956522","0.24491525423728816","0.14423728813559322","0.505"
"7","0.8951764705882354","0.6894117647058824","0.662235294117647","0.4098823529411765","0.01","0.01","0.01","0.01","1.01","0.01","0.01","0.175","0.13774193548387098","0.7847826086956522","0.24491525423728816","0.14423728813559322","0.505"
"2","0.7398823529411765","0.8874117647058823","0.6738823529411764","0.3089411764705882","0.01","0.01","0.01","0.01","1.01","0.01","0.01","0.175","0.13774193548387098","0.7847826086956522","0.24491525423728816","0.14423728813559322","0.505"
"8","0.025529411764705884","0.4797647058823529","0.3361176470588235","0.9456470588235294","0.01","0.01","0.01","0.01","1.01","0.01","0.01","0.175","0.13774193548387098","0.7847826086956522","0.24491525423728816","0.14423728813559322","0.505"
"8","0.6544705882352941","0.48364705882352943","0.13811764705882354","0.274","0.01","0.01","0.01","0.01","1.01","0.01","0.01","0.175","0.13774193548387098","0.7847826086956522","0.24491525423728816","0.14423728813559322","0.505"
"7","0.7049411764705882","0.8874117647058823","0.16917647058823532","0.5768235294117646","0.01","0.01","1.01","0.01","0.01","0.01","0.01","0.175","0.13774193548387098","0.7847826086956522","0.24491525423728816","0.14423728813559322","0.505"
"7","0.4681176470588236","0.6777647058823529","0.25458823529411767","0.3710588235294118","0.01","0.01","0.01","0.01","0.01","1.01","0.01","0.175","0.13774193548387098","0.7847826086956522","0.24491525423728816","0.14423728813559322","0.505"
"2","0.3205882352941177","0.6272941176470588","0.4254117647058824","0.6428235294117647","0.01","0.01","0.01","1.01","0.01","0.01","0.01","0.175","0.13774193548387098","0.7847826086956522","0.24491525423728816","0.14423728813559322","0.505"
"9","0.4914117647058823","0.3827058823529412","0.7204705882352941","0.48364705882352943","0.01","0.01","0.01","0.01","1.01","0.01","0.01","0.175","0.13774193548387098","0.7847826086956522","0.24491525423728816","0.14423728813559322","0.505"
"0","0.7398823529411765","0.7127058823529412","0.2856470588235294","0.9145882352941176","0.01","0.01","0.01","0.01","1.01","0.01","0.01","0.175","0.13774193548387098","0.7847826086956522","0.24491525423728816","0.14423728813559322","0.505"
"0","0.5069411764705882","0.3632941176470588","0.3089411764705882","0.36717647058823527","0.01","0.01","1.01","0.01","0.01","0.01","0.01","0.175","0.13774193548387098","0.7847826086956522","0.24491525423728816","0.14423728813559322","0.505"
"1","0.04882352941176471","0.8291764705882353","0.20411764705882354","0.7049411764705882","0.01","0.01","0.01","1.01","0.01","0.01","0.01","0.175","0.13774193548387098","0.7847826086956522","0.24491525423728816","0.14423728813559322","0.505"
"1","0.08376470588235294","0.09929411764705881","0.029411764705882353","0.9534117647058823","0.01","0.01","0.01","1.01","0.01","0.01","0.01","0.175","0.13774193548387098","0.7847826086956522","0.24491525423728816","0.14423728813559322","0.505"
"8","0.8874117647058823","0.9922352941176471","0.3827058823529412","0.9495294117647058","0.01","0.01","0.01","0.01","0.01","1.01","0.01","0.175","0.13774193548387098","0.7847826086956522","0.24491525423728816","0.1610169491525424","0.505"
"7","0.6234117647058823","0.4331764705882353","0.2351764705882353","0.2584705882352941","0.01","0.01","0.01","0.01","1.01","0.01","0.01","0.175","0.13774193548387098","0.7847826086956522","0.24491525423728816","0.1610169491525424","0.505"
"9","0.6117647058823529","0.2235294117647059","0.09929411764705881","0.5923529411764706","1.01","0.01","0.01","0.01","0.01","0.01","0.01","0.175","0.13774193548387098","0.7847826086956522","0.24491525423728816","0.1610169491525424","0.505"
"6","0.3788235294117647","0.16529411764705884","0.8757647058823529","0.4758823529411765","0.01","0.01","0.01","0.01","0.01","0.01","1.01","0.175","0.13774193548387098","0.7847826086956522","0.24491525423728816","0.1610169491525424","0.505"
"5","0.7787058823529412","0.4292941176470588","0.49917647058823533","0.9572941176470589","0.01","0.01","1.01","0.01","0.01","0.01","0.01","0.175","0.13774193548387098","0.7847826086956522","0.24491525423728816","0.1610169491525424","0.505"
"8","0.09929411764705881","0.868","0.48364705882352943","0.0371764705882353","0.01","0.01","0.01","1.01","0.01","0.01","0.01","0.175","0.13774193548387098","0.7847826086956522","0.24491525423728816","0.1610169491525424","0.505"
"3","0.6311764705882353","0.9728235294117646","0.35552941176470587","0.03329411764705882","0.01","0.01","0.01","0.01","1.01","0.01","0.01","0.175","0.13774193548387098","0.7847826086956522","0.24491525423728816","0.1610169491525424","0.505"
"0","0.4758823529411765","0.076","0.2701176470588236","0.3361176470588235","0.01","0.01","0.01","0.01","1.01","0.01","0.01","0.175","0.13774193548387098","0.7847826086956522","0.24491525423728816","0.1610169491525424","0.505"
"5","0.6932941176470588","0.5612941176470588","0.3283529411764706","0.49917647058823533","1.01","0.01","0.01","0.01","0.01","0.01","0.01","0.175","0.13774193548387098","0.7847826086956522","0.24491525423728816","0.1610169491525424","0.505"
"8","0.10317647058823529","0.8097647058823529","0.6272941176470588","0.6855294117647059","0.01","0.01","0.01","1.01","0.01","0.01","0.01","0.175","0.13774193548387098","0.7847826086956522","0.24491525423728816","0.1610169491525424","0.505"
"0","0.9961176470588236","0.5030588235294118","0.1148235294117647","0.5302352941176471","1.01","0.01","0.01","0.01","0.01","0.01","0.01","0.175","0.13774193548387098","0.7847826086956522","0.24491525423728816","0.1610169491525424","0.505"
"0","0.4525882352941177","0.8951764705882354","0.9495294117647058","0.4487058823529412","0.01","1.01","0.01","0.01","0.01","0.01","0.01","0.175","0.13774193548387098","0.7847826086956522","0.24491525423728816","0.1610169491525424","0.505"
"6","0.029411764705882353","0.6001176470588235","0.9534117647058823","0.025529411764705884","0.01","0.01","0.01","1.01","0.01","0.01","0.01","0.175","0.13774193548387098","0.7847826086956522","0.24491525423728816","0.1610169491525424","0.505"
"9","0.662235294117647","0.6467058823529412","0.5923529411764706","0.1458823529411765","1.01","0.01","0.01","0.01","0.01","0.01","0.01","0.175","0.13774193548387098","0.7847826086956522","0.24491525423728816","0.17779661016949153","0.505"
"4","0.5923529411764706","0.05270588235294118","0.5030588235294118","0.30505882352941177","1.01","0.01","0.01","0.01","0.01","0.01","0.01","0.175","0.13774193548387098","0.7847826086956522","0.24491525423728816","0.17779661016949153","0.505"
"3","0.8757647058823529","0.5030588235294118","0.16141176470588237","0.6738823529411764","0.01","1.01","0.01","0.01","0.01","0.01","0.01","0.175","0.13774193548387098","0.7847826086956522","0.24491525423728816","0.17779661016949153","0.505"
"8","0.25070588235294117","0.11094117647058822","0.6544705882352941","0.30505882352941177","0.01","0.01","0.01","0.01","0.01","1.01","0.01","0.175","0.13774193548387098","0.7847826086956522","0.24491525423728816","0.17779661016949153","0.505"
"8","0.18082352941176472","0.8291764705882353","0.3904705882352941","0.25458823529411767","0.01","0.01","0.01","0.01","0.01","0.01","1.01","0.175","0.13774193548387098","0.7847826086956522","0.24491525423728816","0.17779661016949153","0.505"
"7","0.35552941176470587","0.7321176470588235","0.6777647058823529","0.5185882352941176","0.01","1.01","0.01","0.01","0.01","0.01","0.01","0.175","0.13774193548387098","0.7847826086956522","0.24491525423728816","0.17779661016949153","0.505"
"5","0.9844705882352941","0.4487058823529412","0.2934117647058823","0.8874117647058823","0.01","0.01","0.01","0.01","0.01","1.01","0.01","0.175","0.13774193548387098","0.7847826086956522","0.24491525423728816","0.17779661016949153","0.505"
"6","0.17694117647058824","0.860235294117647","0.9844705882352941","0.7088235294117647","0.01","0.01","0.01","0.01","1.01","0.01","0.01","0.175","0.13774193548387098","0.7847826086956522","0.24491525423728816","0.17779661016949153","0.505"
"3","0.49917647058823533","0.8214117647058823","0.16141176470588237","0.8757647058823529","0.01","0.01","0.01","0.01","1.01","0.01","0.01","0.175","0.13774193548387098","0.7847826086956522","0.24491525423728816","0.17779661016949153","0.505"
"6","0.5418823529411765","0.36717647058823527","0.3322352941176471","0.9145882352941176","0.01","0.01","0.01","1.01","0.01","0.01","0.01","0.175","0.13774193548387098","0.7847826086956522","0.24491525423728816","0.17779661016949153","0.505"
"8","0.604","0.6001176470588235","0.6350588235294118","0.9107058823529411","0.01","0.01","0.01","1.01","0.01","0.01","0.01","0.175","0.13774193548387098","0.7847826086956522","0.24491525423728816","0.1945762711864407","0.505"
"3","0.8369411764705883","0.45647058823529413","0.21576470588235297","0.8058823529411765","0.01","0.01","0.01","0.01","0.01","0.01","1.01","0.175","0.13774193548387098","0.7847826086956522","0.24491525423728816","0.1945762711864407","0.505"
"7","0.3361176470588235","0.30505882352941177","0.4681176470588236","0.01776470588235294","1.01","0.01","0.01","0.01","0.01","0.01","0.01","0.175","0.13774193548387098","0.7847826086956522","0.24491525423728816","0.1945762711864407","0.505"
"5","0.21188235294117647","0.802","0.5923529411764706","0.41764705882352937","0.01","0.01","0.01","0.01","0.01","0.01","1.01","0.175","0.13774193548387098","0.7847826086956522","0.24491525423728816","0.1945762711864407","0.505"
"9","0.24682352941176472","0.09152941176470587","0.27788235294117647","0.9728235294117646","1.01","0.01","0.01","0.01","0.01","0.01","0.01","0.175","0.13774193548387098","0.7847826086956522","0.24491525423728816","0.1945762711864407","0.505"
"8","0.17305882352941176","0.25458823529411767","0.24682352941176472","0.8718823529411764","0.01","0.01","0.01","1.01","0.01","0.01","0.01","0.175","0.13774193548387098","0.7847826086956522","0.24491525423728816","0.1945762711864407","0.505"
"0","0.736","0.9107058823529411","0.736","0.26623529411764707","0.01","0.01","0.01","0.01","1.01","0.01","0.01","0.175","0.13774193548387098","0.7847826086956522","0.24491525423728816","0.1945762711864407","0.505"
"4","0.7903529411764706","0.31670588235294117","0.347764705882353","0.0371764705882353","0.01","0.01","0.01","0.01","0.01","1.01","0.01","0.175","0.13774193548387098","0.7847826086956522","0.24491525423728816","0.1945762711864407","0.505"
"9","0.45647058823529413","0.9456470588235294","0.8874117647058823","0.5185882352941176","0.01","0.01","0.01","1.01","0.01","0.01","0.01","0.175","0.13774193548387098","0.7847826086956522","0.24491525423728816","0.1945762711864407","0.505"
"9","0.5535294117647059","0.5845882352941177","0.25458823529411767","0.7670588235294117","0.01","0.01","0.01","0.01","0.01","1.01","0.01","0.175","0.13774193548387098","0.7847826086956522","0.24491525423728816","0.21135593220338986","0.505"
"9","0.6195294117647059","0.6544705882352941","0.4331764705882353","0.5030588235294118","0.01","0.01","0.01","0.01","0.01","1.01","0.01","0.175","0.13774193548387098","0.7847826086956522","0.24491525423728816","0.21135593220338986","0.505"
"5","0.6350588235294118","0.6816470588235295","0.2235294117647059","0.5030588235294118","0.01","0.01","0.01","0.01","0.01","0.01","1.01","0.175","0.13774193548387098","0.7847826086956522","0.24491525423728816","0.21135593220338986","0.505"
"2","0.21576470588235297","0.8524705882352941","0.8214117647058823","0.25458823529411767","0.01","0.01","0.01","0.01","0.01","1.01","0.01","0.175","0.13774193548387098","0.7847826086956522","0.24491525423728816","0.21135593220338986","0.505"
"0","0.7592941176470588","0.9456470588235294","0.7127058823529412","0.3865882352941176","0.01","0.01","0.01","0.01","0.01","0.01","1.01","0.175","0.13774193548387098","0.7847826086956522","0.24491525423728816","0.21135593220338986","0.505"
"2","0.538","0.0371764705882353","0.743764705882353","0.6544705882352941","0.01","0.01","0.01","0.01","0.01","0.01","1.01","0.175","0.13774193548387098","0.7847826086956522","0.24491525423728816","0.21135593220338986","0.505"
"0","0.20800000000000002","0.4914117647058823","0.0371764705882353","0.41764705882352937","0.01","0.01","0.01","0.01","0.01","0.01","1.01","0.175","0.13774193548387098","0.7847826086956522","0.24491525423728816","0.21135593220338986","0.505"
"0","0.076","0.5263529411764706","0.8718823529411764","0.6467058823529412","1.01","0.01","0.01","0.01","0.01","0.01","0.01","0.175","0.13774193548387098","0.7847826086956522","0.24491525423728816","0.21135593220338986","0.505"
"0","0.6583529411764706","0.8796470588235294","0.8718823529411764","0.7748235294117647","0.01","0.01","0.01","0.01","0.01","1.01","0.01","0.175","0.13774193548387098","0.7847826086956522","0.24491525423728816","0.21135593220338986","0.505"
"8","0.9145882352941176","0.5923529411764706","0.49529411764705883","0.8641176470588235","0.01","0.01","0.01","0.01","0.01","0.01","1.01","0.175","0.13774193548387098","0.7847826086956522","0.24491525423728816","0.21135593220338986","0.505"
"5","0.7554117647058823","0.14200000000000002","0.5418823529411765","0.7398823529411765","0.01","0.01","0.01","0.01","0.01","1.01","0.01","0.175","0.13774193548387098","0.7847826086956522","0.24491525423728816","0.228135593220339","0.505"
"2","0.3438823529411765","0.4603529411764706","0.044941176470588234","0.1847058823529412","0.01","0.01","0.01","0.01","0.01","0.01","1.01","0.175","0.13774193548387098","0.7847826086956522","0.24491525423728816","0.228135593220339","0.505"
"6","0.5768235294117646","0.9805882352941176","0.28952941176470587","0.7127058823529412","0.01","0.01","0.01","0.01","0.01","1.01","0.01","0.175","0.13774193548387098","0.7847826086956522","0.24491525423728816","0.228135593220339","0.505"
"2","0.4797647058823529","0.7398823529411765","0.794235294117647","0.6428235294117647","0.01","0.01","0.01","0.01","0.01","0.01","1.01","0.175","0.13774193548387098","0.7847826086956522","0.24491525423728816","0.228135593220339","0.505"
"1","0.5690588235294117","0.5690588235294117","0.4797647058823529","0.44482352941176473","0.01","0.01","0.01","0.01","0.01","0.01","1.01","0.175","0.13774193548387098","0.7847826086956522","0.24491525423728816","0.228135593220339","0.505"
"1","0.9068235294117647","0.041058823529411766","0.25070588235294117","0.49529411764705883","0.01","0.01","0.01","0.01","0.01","1.01","0.01","0.175","0.13774193548387098","0.7847826086956522","0.24491525423728816","0.228135593220339","0.505"
"4","0.464235294117647","0.8214117647058823","0.5030588235294118","0.1458823529411765","0.01","0.01","0.01","0.01","1.01","0.01","0.01","0.175","0.13774193548387098","0.7847826086956522","0.24491525423728816","0.228135593220339","0.505"
"0","0.05658823529411765","0.5457647058823529","0.4875294117647059","0.8757647058823529","1.01","0.01","0.01","0.01","0.01","0.01","0.01","0.175","0.13774193548387098","0.7847826086956522","0.24491525423728816","0.228135593220339","0.505"
"3","0.4137647058823529","0.041058823529411766","0.7748235294117647","0.5496470588235294","0.01","1.01","0.01","0.01","0.01","0.01","0.01","0.175","0.13774193548387098","0.7847826086956522","0.24491525423728816","0.228135593220339","0.505"
"6","0.9456470588235294","0.347764705882353","0.3283529411764706","0.49917647058823533","1.01","0.01","0.01","0.01","0.01","0.01","0.01","0.175","0.13774193548387098","0.7847826086956522","0.24491525423728816","0.228135593220339","0.505"
"9","0.08764705882352941","0.2351764705882353","0.5612941176470588","0.27788235294117647","0.01","0.01","0.01","0.01","0.01","0.01","1.01","0.175","0.13774193548387098","0.7847826086956522","0.24491525423728816","0.228135593220339","0.505"
"6","0.5263529411764706","0.7554117647058823","0.041058823529411766","0.17694117647058824","0.01","0.01","0.01","0.01","0.01","1.01","0.01","0.175","0.13774193548387098","0.7847826086956522","0.24491525423728816","0.228135593220339","0.505"
"7","0.01","0.9922352941176471","0.8835294117647059","0.26623529411764707","0.01","0.01","1.01","0.01","0.01","0.01","0.01","0.175","0.13774193548387098","0.7847826086956522","0.24491525423728816","0.24491525423728816","0.505"
"6","0.14200000000000002","0.08764705882352941","0.4875294117647059","0.5263529411764706","0.01","0.01","0.01","1.01","0.01","0.01","0.01","0.175","0.13774193548387098","0.7847826086956522","0.24491525423728816","0.24491525423728816","0.505"
"2","0.14200000000000002","0.4098823529411765","0.2856470588235294","0.9961176470588236","0.01","0.01","0.01","0.01","0.01","0.01","1.01","0.175","0.13774193548387098","0.7847826086956522","0.24491525423728816","0.24491525423728816","0.505"
"1","0.8874117647058823","0.6001176470588235","0.8447058823529412","0.6234117647058823","0.01","0.01","0.01","0.01","0.01","1.01","0.01","0.175","0.13774193548387098","0.7847826086956522","0.24491525423728816","0.24491525423728816","0.505"
"9","0.2934117647058823","0.4681176470588236","0.9456470588235294","0.8563529411764705","0.01","0.01","0.01","0.01","1.01","0.01","0.01","0.175","0.13774193548387098","0.7847826086956522","0.24491525423728816","0.24491525423728816","0.505"
"2","0.3710588235294118","0.7670588235294117","0.18858823529411764","0.18858823529411764","0.01","0.01","0.01","0.01","1.01","0.01","0.01","0.175","0.13774193548387098","0.7847826086956522","0.24491525423728816","0.24491525423728816","0.505"
"4","0.6738823529411764","0.4292941176470588","0.6117647058823529","0.5302352941176471","0.01","0.01","0.01","0.01","0.01","1.01","0.01","0.175","0.13774193548387098","0.7847826086956522","0.24491525423728816","0.24491525423728816","0.505"
"0","0.08376470588235294","0.5418823529411765","0.09152941176470587","0.6777647058823529","0.01","0.01","1.01","0.01","0.01","0.01","0.01","0.175","0.13774193548387098","0.7847826086956522","0.24491525423728816","0.24491525423728816","0.505"
"1","0.8136470588235294","0.1847058823529412","1.0","0.22741176470588237","0.01","0.01","0.01","1.01","0.01","0.01","0.01","0.175","0.13774193548387098","0.7847826086956522","0.24491525423728816","0.26169491525423727","0.505"
"7","0.36717647058823527","0.5147058823529411","0.45647058823529413","0.9068235294117647","0.01","0.01","0.01","0.01","1.01","0.01","0.01","0.175","0.13774193548387098","0.7847826086956522","0.24491525423728816","0.26169491525423727","0.505"
"8","0.7049411764705882","0.49529411764705883","0.7864705882352941","0.06823529411764706","0.01","0.01","0.01","1.01","0.01","0.01","0.01","0.175","0.13774193548387098","0.7847826086956522","0.24491525423728816","0.26169491525423727","0.505"
"1","0.5224705882352941","0.3788235294117647","1.0","0.8912941176470588","0.01","0.01","1.01","0.01","0.01","0.01","0.01","0.175","0.13774193548387098","0.7847826086956522","0.24491525423728816","0.26169491525423727","0.505"
"5","0.3594117647058824","0.07211764705882352","0.31670588235294117","0.7748235294117647","0.01","0.01","0.01","0.01","1.01","0.01","0.01","0.175","0.13774193548387098","0.7847826086956522","0.24491525423728816","0.26169491525423727","0.505"
"6","0.9107058823529411","0.4603529411764706","0.35552941176470587","0.7903529411764706","0.01","1.01","0.01","0.01","0.01","0.01","0.01","0.175","0.13774193548387098","0.7847826086956522","0.24491525423728816","0.26169491525423727","0.505"
"7","0.21576470588235297","0.13811764705882354","0.3205882352941177","0.2584705882352941","1.01","0.01","0.01","0.01","0.01","0.01","0.01","0.175","0.13774193548387098","0.7847826086956522","0.24491525423728816","0.2952542372881356","0.505"
"1","0.8563529411764705","0.6505882352941177","0.6001176470588235","0.4292941176470588","0.01","0.01","0.01","0.01","0.01","1.01","0.01","0.175","0.13774193548387098","0.7847826086956522","0.24491525423728816","0.31203389830508477","0.505"
"8","0.604","0.11094117647058822","0.7476470588235294","0.060470588235294116","0.01","0.01","0.01","0.01","0.01","0.01","1.01","0.175","0.13774193548387098","0.7847826086956522","0.24491525423728816","0.31203389830508477","0.505"
"5","0.9301176470588236","0.7398823529411765","0.4409411764705882","0.9961176470588236","0.01","0.01","1.01","0.01","0.01","0.01","0.01","0.175","0.13774193548387098","0.7847826086956522","0.24491525423728816","0.31203389830508477","0.505"
"0","0.3322352941176471","0.6234117647058823","0.42152941176470593","0.4487058823529412","0.01","0.01","1.01","0.01","0.01","0.01","0.01","0.175","0.13774193548387098","0.7847826086956522","0.24491525423728816","0.3288135593220339","0.505"
"5","0.39435294117647063","0.1575294117647059","0.736","0.2390588235294118","0.01","0.01","1.01","0.01","0.01","0.01","0.01","0.175","0.13774193548387098","0.7847826086956522","0.24491525423728816","0.3288135593220339","0.505"
"6","0.3827058823529412","0.7864705882352941","0.076","0.736","0.01","0.01","0.01","0.01","0.01","1.01","0.01","0.175","0.13774193548387098","0.7847826086956522","0.24491525423728816","0.34559322033898304","0.505"
"8","0.3322352941176471","0.7787058823529412","0.27788235294117647","0.8641176470588235","1.01","0.01","0.01","0.01","0.01","0.01","0.01","0.175","0.13774193548387098","0.7847826086956522","0.24491525423728816","0.34559322033898304","0.505"
"3","0.3205882352941177","0.39435294117647063","0.9961176470588236","0.794235294117647","0.01","0.01","0.01","0.01","1.01","0.01","0.01","0.175","0.13774193548387098","0.7847826086956522","0.24491525423728816","0.3623728813559322","0.505"
"8","0.7088235294117647","0.6234117647058823","0.9572941176470589","0.4914117647058823","1.01","0.01","0.01","0.01","0.01","0.01","0.01","0.175","0.13774193548387098","0.7847826086956522","0.24491525423728816","0.3623728813559322","0.505"
"2","0.7864705882352941","0.8485882352941176","0.6738823529411764","0.49917647058823533","0.01","0.01","0.01","1.01","0.01","0.01","0.01","0.175","0.13774193548387098","0.7847826086956522","0.24491525423728816","0.3623728813559322","0.505"
"4","0.5923529411764706","0.347764705882353","0.6117647058823529","0.1847058823529412","1.01","0.01","0.01","0.01","0.01","0.01","0.01","0.175","0.13774193548387098","0.7847826086956522","0.24491525423728816","0.3791525423728814","0.505"
"5","0.06435294117647058","0.934","0.281764705882353","0.47200000000000003","0.01","0.01","0.01","0.01","0.01","1.01","0.01","0.175","0.13774193548387098","0.7847826086956522","0.24491525423728816","0.3791525423728814","0.505"
"9","0.6816470588235295","0.9301176470588236","0.26235294117647057","0.604","0.01","0.01","0.01","0.01","0.01","0.01","1.01","0.175","0.13774193548387098","0.7847826086956522","0.24491525423728816","0.3791525423728814","0.505"
"5","0.604","0.7515294117647059","0.3865882352941176","0.736","0.01","0.01","0.01","0.01","1.01","0.01","0.01","0.175","0.13774193548387098","0.7847826086956522","0.24491525423728816","0.3791525423728814","0.505"
"4","0.347764705882353","0.406","0.4292941176470588","0.8097647058823529","0.01","0.01","1.01","0.01","0.01","0.01","0.01","0.175","0.13774193548387098","0.7847826086956522","0.24491525423728816","0.3791525423728814","0.505"
"1","0.5224705882352941","0.4875294117647059","0.9728235294117646","0.3205882352941177","0.01","0.01","0.01","0.01","0.01","1.01","0.01","0.175","0.13774193548387098","0.7847826086956522","0.24491525423728816","0.39593220338983054","0.505"
"7","0.025529411764705884","0.8291764705882353","0.44482352941176473","0.8291764705882353","0.01","0.01","0.01","0.01","0.01","0.01","1.01","0.175","0.13774193548387098","0.7847826086956522","0.24491525423728816","0.39593220338983054","0.505"
"2","0.9689411764705882","0.1847058823529412","0.5418823529411765","0.23129411764705884","0.01","0.01","0.01","0.01","1.01","0.01","0.01","0.175","0.13774193548387098","0.7847826086956522","0.24491525423728816","0.39593220338983054","0.505"
"5","0.5612941176470588","0.3089411764705882","0.8563529411764705","0.16529411764705884","0.01","0.01","0.01","0.01","0.01","0.01","1.01","0.175","0.13774193548387098","0.7847826086956522","0.24491525423728816","0.39593220338983054","0.505"
"7","0.6932941176470588","0.347764705882353","0.8485882352941176","0.6078823529411764","1.01","0.01","0.01","0.01","0.01","0.01","0.01","0.175","0.13774193548387098","0.7847826086956522","0.24491525423728816","0.4127118644067797","0.505"
"1","0.5962352941176471","0.07988235294117646","0.23129411764705884","0.48364705882352943","0.01","0.01","0.01","1.01","0.01","0.01","0.01","0.175","0.13774193548387098","0.7847826086956522","0.24491525423728816","0.4127118644067797","0.505"
"3","0.8058823529411765","0.14200000000000002","0.274","0.6350588235294118","1.01","0.01","0.01","0.01","0.01","0.01","0.01","0.175","0.13774193548387098","0.7847826086956522","0.24491525423728816","0.4127118644067797","0.505"
"6","0.22741176470588237","0.6777647058823529","0.5341176470588236","0.8563529411764705","1.01","0.01","0.01","0.01","0.01","0.01","0.01","0.175","0.13774193548387098","0.7847826086956522","0.24491525423728816","0.4127118644067797","0.505"
"4","0.06435294117647058","0.8563529411764705","0.4797647058823529","0.6777647058823529","0.01","0.01","0.01","1.01","0.01","0.01","0.01","0.175","0.13774193548387098","0.7847826086956522","0.24491525423728816","0.4127118644067797","0.505"
"9","0.24294117647058824","0.8757647058823529","0.06435294117647058","0.7243529411764705","0.01","0.01","0.01","0.01","0.01","1.01","0.01","0.175","0.13774193548387098","0.7847826086956522","0.24491525423728816","0.4127118644067797","0.505"
"2","0.3128235294117647","0.9534117647058823","0.934","0.9107058823529411","1.01","0.01","0.01","0.01","0.01","0.01","0.01","0.175","0.13774193548387098","0.7847826086956522","0.24491525423728816","0.4127118644067797","0.505"
"3","0.3244705882352941","0.08764705882352941","0.3904705882352941","0.7321176470588235","0.01","0.01","0.01","0.01","0.01","1.01","0.01","0.175","0.13774193548387098","0.7847826086956522","0.24491525423728816","0.4127118644067797","0.505"
"2","0.7592941176470588","0.6816470588235295","0.6001176470588235","0.5457647058823529","0.01","0.01","1.01","0.01","0.01","0.01","0.01","0.175","0.13774193548387098","0.7847826086956522","0.24491525423728816","0.4294915254237288","0.505"
"1","0.4603529411764706","0.4021176470588235","0.3904705882352941","0.4370588235294118","0.01","0.01","0.01","0.01","0.01","1.01","0.01","0.175","0.13774193548387098","0.7847826086956522","0.24491525423728816","0.4294915254237288","0.505"
"6","0.8796470588235294","0.42152941176470593","0.8835294117647059","0.26235294117647057","0.01","0.01","0.01","1.01","0.01","0.01","0.01","0.175","0.13774193548387098","0.7847826086956522","0.24491525423728816","0.4294915254237288","0.505"
"2","0.14976470588235294","0.45647058823529413","0.8912941176470588","0.1264705882352941","0.01","1.01","0.01","0.01","0.01","0.01","0.01","0.175","0.13774193548387098","0.7847826086956522","0.24491525423728816","0.4294915254237288","0.505"
"2","0.6156470588235294","0.9844705882352941","0.8757647058823529","0.3011764705882353","0.01","0.01","1.01","0.01","0.01","0.01","0.01","0.175","0.13774193548387098","0.7847826086956522","0.24491525423728816","0.446271186440678","0.505"
"2","0.09929411764705881","0.9883529411764707","0.5030588235294118","0.05270588235294118","0.01","0.01","0.01","0.01","0.01","0.01","1.01","0.175","0.13774193548387098","0.7847826086956522","0.24491525423728816","0.446271186440678","0.505"
"0","0.8718823529411764","0.4098823529411765","0.21576470588235297","0.3749411764705883","0.01","0.01","0.01","0.01","0.01","0.01","1.01","0.175","0.13774193548387098","0.7847826086956522","0.24491525423728816","0.446271186440678","0.505"
"8","0.6001176470588235","0.6738823529411764","0.11094117647058822","0.3322352941176471","1.01","0.01","0.01","0.01","0.01","0.01","0.01","0.175","0.13774193548387098","0.7847826086956522","0.24491525423728816","0.446271186440678","0.505"
"8","0.04882352941176471","0.6894117647058824","0.9922352941176471","0.4292941176470588","0.01","0.01","0.01","0.01","0.01","0.01","1.01","0.175","0.13774193548387098","0.7847826086956522","0.24491525423728816","0.46305084745762715","0.505"
"0","0.060470588235294116","0.8757647058823529","0.6311764705882353","0.8214117647058823","0.01","0.01","0.01","0.01","0.01","0.01","1.01","0.175","0.13774193548387098","0.7847826086956522","0.24491525423728816","0.46305084745762715","0.505"
"0","0.3516470588235294","0.6505882352941177","0.8252941176470587","0.13423529411764706","0.01","1.01","0.01","0.01","0.01","0.01","0.01","0.175","0.13774193548387098","0.7847826086956522","0.24491525423728816","0.46305084745762715","0.505"
"6","0.918470588235294","0.20023529411764707","0.7592941176470588","0.4914117647058823","0.01","0.01","1.01","0.01","0.01","0.01","0.01","0.175","0.13774193548387098","0.7847826086956522","0.24491525423728816","0.46305084745762715","0.505"
"0","0.9456470588235294","0.5651764705882353","0.09152941176470587","0.4603529411764706","1.01","0.01","0.01","0.01","0.01","0.01","0.01","0.175","0.13774193548387098","0.7847826086956522","0.24491525423728816","0.4798305084745763","0.505"
"1","0.281764705882353","0.7670588235294117","0.2856470588235294","0.5651764705882353","0.01","0.01","0.01","0.01","1.01","0.01","0.01","0.175","0.13774193548387098","0.7847826086956522","0.24491525423728816","0.4798305084745763","0.505"
"7","0.4603529411764706","0.1303529411764706","0.27788235294117647","0.5768235294117646","0.01","0.01","1.01","0.01","0.01","0.01","0.01","0.175","0.13774193548387098","0.7847826086956522","0.24491525423728816","0.4798305084745763","0.505"
"2","0.5069411764705882","0.20023529411764707","0.802","0.9961176470588236","0.01","0.01","0.01","0.01","0.01","0.01","1.01","0.175","0.13774193548387098","0.7847826086956522","0.24491525423728816","0.4798305084745763","0.505"
"4","0.8136470588235294","0.8951764705882354","0.5069411764705882","0.3244705882352941","0.01","0.01","0.01","0.01","0.01","0.01","1.01","0.175","0.13774193548387098","0.7847826086956522","0.24491525423728816","0.4798305084745763","0.505"
"9","0.6777647058823529","0.10317647058823529","0.3827058823529412","0.16141176470588237","0.01","0.01","0.01","0.01","0.01","0.01","1.01","0.175","0.13774193548387098","0.7847826086956522","0.24491525423728816","0.4798305084745763","0.505"
"4","0.8175294117647058","0.868","0.5651764705882353","0.3594117647058824","0.01","0.01","0.01","0.01","0.01","0.01","1.01","0.175","0.13774193548387098","0.7847826086956522","0.24491525423728816","0.4798305084745763","0.505"
"4","0.31670588235294117","0.4254117647058824","0.3788235294117647","0.9534117647058823","0.01","0.01","1.01","0.01","0.01","0.01","0.01","0.175","0.13774193548387098","0.7847826086956522","0.24491525423728816","0.4798305084745763","0.505"
"0","0.25458823529411767","0.23129411764705884","0.9805882352941176","0.743764705882353","0.01","0.01","0.01","1.01","0.01","0.01","0.01","0.175","0.13774193548387098","0.7847826086956522","0.24491525423728816","0.4798305084745763","0.505"
"7","0.9961176470588236","0.9572941176470589","0.274","0.8563529411764705","0.01","0.01","0.01","0.01","0.01","0.01","1.01","0.175","0.13774193548387098","0.7847826086956522","0.24491525423728816","0.4798305084745763","0.505"
"0","0.4292941176470588","0.8447058823529412","0.6234117647058823","0.17694117647058824","0.01","0.01","1.01","0.01","0.01","0.01","0.01","0.175","0.13774193548387098","0.7847826086956522","0.24491525423728816","0.4798305084745763","0.505"
"4","0.05270588235294118","0.6078823529411764","0.05270588235294118","0.4681176470588236","0.01","0.01","0.01","0.01","0.01","0.01","1.01","0.175","0.13774193548387098","0.7847826086956522","0.24491525423728816","0.4798305084745763","0.505"
"7","0.13423529411764706","0.24682352941176472","0.36717647058823527","0.6467058823529412","0.01","0.01","0.01","0.01","0.01","1.01","0.01","0.175","0.13774193548387098","0.7847826086956522","0.24491525423728816","0.4966101694915255","0.505"
"5","0.5574117647058824","0.9029411764705882","0.281764705882353","0.6699999999999999","1.01","0.01","0.01","0.01","0.01","0.01","0.01","0.175","0.13774193548387098","0.7847826086956522","0.24491525423728816","0.4966101694915255","0.505"
"4","0.6971764705882353","0.3011764705882353","0.5884705882352942","0.12258823529411764","1.01","0.01","0.01","0.01","0.01","0.01","0.01","0.175","0.13774193548387098","0.7847826086956522","0.24491525423728816","0.4966101694915255","0.505"
"1","0.18082352941176472","0.3982352941176471","0.6117647058823529","0.44482352941176473","0.01","0.01","0.01","0.01","0.01","0.01","1.01","0.175","0.13774193548387098","0.7847826086956522","0.24491525423728816","0.4966101694915255","0.505"
"8","0.26235294117647057","0.7864705882352941","0.17694117647058824","0.04882352941176471","1.01","0.01","0.01","0.01","0.01","0.01","0.01","0.175","0.13774193548387098","0.7847826086956522","0.24491525423728816","0.4966101694915255","0.505"
"0","0.6272941176470588","0.9534117647058823","0.8175294117647058","0.794235294117647","0.01","0.01","1.01","0.01","0.01","0.01","0.01","0.175","0.13774193548387098","0.7847826086956522","0.24491525423728816","0.4966101694915255","0.505"
"5","0.21964705882352942","0.01776470588235294","0.7010588235294117","0.4331764705882353","0.01","0.01","0.01","1.01","0.01","0.01","0.01","0.175","0.13774193548387098","0.7847826086956522","0.24491525423728816","0.4966101694915255","0.505"
"5","0.9456470588235294","0.7165882352941176","0.5302352941176471","0.860235294117647","0.01","0.01","1.01","0.01","0.01","0.01","0.01","0.175","0.13774193548387098","0.7847826086956522","0.24491525423728816","0.4966101694915255","0.505"
"9","0.20800000000000002","0.06435294117647058","0.1264705882352941","0.7981176470588235","0.01","0.01","0.01","0.01","0.01","0.01","1.01","0.175","0.13774193548387098","0.7847826086956522","0.24491525423728816","0.4966101694915255","0.505"
"6","0.9301176470588236","0.7903529411764706","0.2235294117647059","0.8058823529411765","0.01","0.01","0.01","0.01","0.01","0.01","1.01","0.175","0.13774193548387098","0.7847826086956522","0.24491525423728816","0.4966101694915255","0.505"
"1","0.274","0.6971764705882353","0.5535294117647059","0.9534117647058823","1.01","0.01","0.01","0.01","0.01","0.01","0.01","0.175","0.13774193548387098","0.7847826086956522","0.24491525423728816","0.5133898305084745","0.505"
"4","0.05658823529411765","0.1575294117647059","0.6156470588235294","0.044941176470588234","0.01","0.01","0.01","0.01","1.01","0.01","0.01","0.175","0.13774193548387098","0.7847826086956522","0.24491525423728816","0.5133898305084745","0.505"
"5","0.6544705882352941","0.8757647058823529","0.11094117647058822","0.1963529411764706","0.01","0.01","0.01","0.01","1.01","0.01","0.01","0.175","0.13774193548387098","0.7847826086956522","0.24491525423728816","0.5133898305084745","0.505"
"5","0.5147058823529411","0.8136470588235294","0.8485882352941176","0.9029411764705882","0.01","1.01","0.01","0.01","0.01","0.01","0.01","0.175","0.13774193548387098","0.7847826086956522","0.24491525423728816","0.5133898305084745","0.505"
"9","0.7321176470588235","0.7825882352941177","0.4914117647058823","0.9883529411764707","0.01","0.01","0.01","0.01","1.01","0.01","0.01","0.175","0.13774193548387098","0.7847826086956522","0.24491525423728816","0.5133898305084745","0.505"
"0","0.35552941176470587","0.27788235294117647","0.0371764705882353","0.39435294117647063","0.01","0.01","0.01","0.01","1.01","0.01","0.01","0.175","0.13774193548387098","0.7847826086956522","0.24491525423728816","0.5133898305084745","0.505"
"3","0.6234117647058823","0.5574117647058824","0.4370588235294118","0.6855294117647059","0.01","1.01","0.01","0.01","0.01","0.01","0.01","0.175","0.13774193548387098","0.7847826086956522","0.24491525423728816","0.5133898305084745","0.505"
"8","0.9689411764705882","0.7787058823529412","0.6350588235294118","0.09541176470588235","0.01","1.01","0.01","0.01","0.01","0.01","0.01","0.175","0.13774193548387098","0.7847826086956522","0.24491525423728816","0.5133898305084745","0.505"
"8","0.3244705882352941","0.31670588235294117","0.11870588235294117","0.041058823529411766","0.01","0.01","0.01","1.01","0.01","0.01","0.01","0.175","0.13774193548387098","0.7847826086956522","0.24491525423728816","0.5133898305084745","0.505"
"5","0.04882352941176471","0.9068235294117647","0.934","0.7243529411764705","0.01","0.01","0.01","0.01","0.01","0.01","1.01","0.175","0.13774193548387098","0.7847826086956522","0.24491525423728816","0.5133898305084745","0.505"
"1","0.1148235294117647","0.2351764705882353","0.5807058823529412","0.03329411764705882","0.01","1.01","0.01","0.01","0.01","0.01","0.01","0.175","0.13774193548387098","0.7847826086956522","0.24491525423728816","0.5133898305084745","0.505"
"0","0.3244705882352941","0.5185882352941176","0.802","0.6117647058823529","1.01","0.01","0.01","0.01","0.01","0.01","0.01","0.175","0.13774193548387098","0.7847826086956522","0.24491525423728816","0.5301694915254238","0.505"
"6","0.3632941176470588","0.9728235294117646","0.8563529411764705","0.6156470588235294","0.01","0.01","0.01","0.01","0.01","1.01","0.01","0.175","0.13774193548387098","0.7847826086956522","0.24491525423728816","0.5301694915254238","0.505"
"7","0.2934117647058823","0.4409411764705882","0.6389411764705882","0.8330588235294119","1.01","0.01","0.01","0.01","0.01","0.01","0.01","0.175","0.13774193548387098","0.7847826086956522","0.24491525423728816","0.5301694915254238","0.505"
"8","0.6117647058823529","0.5108235294117647","0.5884705882352942","0.06435294117647058","1.01","0.01","0.01","0.01","0.01","0.01","0.01","0.175","0.13774193548387098","0.7847826086956522","0.24491525423728816","0.5301694915254238","0.505"
"3","0.41764705882352937","0.7709411764705882","0.7282352941176471","0.4487058823529412","1.01","0.01","0.01","0.01","0.01","0.01","0.01","0.175","0.13774193548387098","0.7847826086956522","0.24491525423728816","0.5301694915254238","0.505"
"9","0.41764705882352937","0.07211764705882352","0.9223529411764705","0.941764705882353","0.01","1.01","0.01","0.01","0.01","0.01","0.01","0.175","0.13774193548387098","0.7847826086956522","0.24491525423728816","0.5301694915254238","0.505"
"0","0.9534117647058823","0.44482352941176473","0.9650588235294117","0.8447058823529412","0.01","0.01","0.01","0.01","0.01","0.01","1.01","0.175","0.13774193548387098","0.7847826086956522","0.24491525423728816","0.5301694915254238","0.505"
"5","0.6001176470588235","0.3089411764705882","0.6777647058823529","0.9223529411764705","0.01","0.01","0.01","0.01","1.01","0.01","0.01","0.175","0.13774193548387098","0.7847826086956522","0.24491525423728816","0.5301694915254238","0.505"
"6","0.1847058823529412","0.9262352941176472","0.01388235294117647","0.14200000000000002","0.01","1.01","0.01","0.01","0.01","0.01","0.01","0.175","0.13774193548387098","0.7847826086956522","0.24491525423728816","0.5301694915254238","0.505"
"4","0.7476470588235294","0.7903529411764706","1.0","0.9883529411764707","1.01","0.01","0.01","0.01","0.01","0.01","0.01","0.175","0.13774193548387098","0.7847826086956522","0.24491525423728816","0.5301694915254238","0.505"
"7","0.5457647058823529","0.5418823529411765","0.15364705882352944","0.3322352941176471","0.01","0.01","0.01","0.01","1.01","0.01","0.01","0.175","0.13774193548387098","0.7847826086956522","0.24491525423728816","0.5301694915254238","0.505"
"8","0.9029411764705882","0.04882352941176471","0.11094117647058822","0.538","0.01","0.01","0.01","0.01","1.01","0.01","0.01","0.175","0.13774193548387098","0.7847826086956522","0.24491525423728816","0.5301694915254238","0.505"
"6","0.3128235294117647","0.16917647058823532","0.6156470588235294","0.5185882352941176","0.01","0.01","0.01","1.01","0.01","0.01","0.01","0.175","0.13774193548387098","0.7847826086956522","0.24491525423728816","0.5469491525423729","0.505"
"5","0.18858823529411764","0.8835294117647059","0.24294117647058824","0.7631764705882352","0.01","0.01","1.01","0.01","0.01","0.01","0.01","0.175","0.13774193548387098","0.7847826086956522","0.24491525423728816","0.5469491525423729","0.505"
"2","0.5807058823529412","0.3594117647058824","0.8291764705882353","0.20411764705882354","0.01","0.01","0.01","0.01","0.01","0.01","1.01","0.175","0.13774193548387098","0.7847826086956522","0.24491525423728816","0.5469491525423729","0.505"
"6","0.9145882352941176","0.48364705882352943","0.4603529411764706","0.6932941176470588","0.01","0.01","0.01","0.01","0.01","0.01","1.01","0.175","0.13774193548387098","0.7847826086956522","0.24491525423728816","0.5469491525423729","0.505"
"6","0.27788235294117647","0.7554117647058823","0.09541176470588235","0.9572941176470589","0.01","0.01","0.01","1.01","0.01","0.01","0.01","0.175","0.13774193548387098","0.7847826086956522","0.24491525423728816","0.5469491525423729","0.505"
"5","0.26235294117647057","0.2856470588235294","0.7864705882352941","0.8874117647058823","0.01","0.01","1.01","0.01","0.01","0.01","0.01","0.175","0.13774193548387098","0.7847826086956522","0.24491525423728816","0.5469491525423729","0.505"
"4","0.3788235294117647","0.7554117647058823","0.7476470588235294","0.9029411764705882","0.01","0.01","0.01","0.01","0.01","0.01","1.01","0.175","0.13774193548387098","0.7847826086956522","0.24491525423728816","0.5469491525423729","0.505"
"1","0.8252941176470587","0.25458823529411767","0.6505882352941177","0.4409411764705882","1.01","0.01","0.01","0.01","0.01","0.01","0.01","0.175","0.13774193548387098","0.7847826086956522","0.24491525423728816","0.5469491525423729","0.505"
"8","0.9572941176470589","0.36717647058823527","0.1963529411764706","0.3205882352941177","1.01","0.01","0.01","0.01","0.01","0.01","0.01","0.175","0.13774193548387098","0.7847826086956522","0.24491525423728816","0.5469491525423729","0.505"
"3","0.3361176470588235","0.25070588235294117","0.4254117647058824","0.3128235294117647","1.01","0.01","0.01","0.01","0.01","0.01","0.01","0.175","0.13774193548387098","0.7847826086956522","0.24491525423728816","0.5469491525423729","0.505"
"6","0.20023529411764707","0.05270588235294118","0.5224705882352941","0.5302352941176471","0.01","0.01","0.01","1.01","0.01","0.01","0.01","0.175","0.13774193548387098","0.7847826086956522","0.24491525423728816","0.563728813559322","0.505"
"8","0.19247058823529414","0.6816470588235295","0.1148235294117647","0.48364705882352943","0.01","0.01","0.01","0.01","0.01","0.01","1.01","0.175","0.13774193548387098","0.7847826086956522","0.24491525423728816","0.563728813559322","0.505"
"2","0.3244705882352941","0.4137647058823529","0.7748235294117647","0.5108235294117647","0.01","0.01","0.01","0.01","0.01","0.01","1.01","0.175","0.13774193548387098","0.7847826086956522","0.24491525423728816","0.563728813559322","0.505"
"4","0.3710588235294118","0.7864705882352941","0.1963529411764706","0.5535294117647059","1.01","0.01","0.01","0.01","0.01","0.01","0.01","0.175","0.13774193548387098","0.7847826086956522","0.24491525423728816","0.563728813559322","0.505"
"8","0.13423529411764706","0.8718823529411764","0.1148235294117647","0.1264705882352941","0.01","0.01","1.01","0.01","0.01","0.01","0.01","0.175","0.13774193548387098","0.7847826086956522","0.24491525423728816","0.563728813559322","0.505"
"4","0.3749411764705883","0.5224705882352941","0.044941176470588234","0.20411764705882354","0.01","0.01","0.01","0.01","0.01","0.01","1.01","0.175","0.13774193548387098","0.7847826086956522","0.24491525423728816","0.563728813559322","0.505"
"9","0.36717647058823527","0.9534117647058823","0.9611764705882353","0.4758823529411765","0.01","1.01","0.01","0.01","0.01","0.01","0.01","0.175","0.13774193548387098","0.7847826086956522","0.24491525423728816","0.563728813559322","0.505"
"2","0.7631764705882352","0.934","0.8136470588235294","0.4797647058823529","0.01","0.01","0.01","0.01","0.01","0.01","1.01","0.175","0.13774193548387098","0.7847826086956522","0.24491525423728816","0.563728813559322","0.505"
"8","0.3361176470588235","0.7476470588235294","0.5845882352941177","0.16917647058823532","0.01","0.01","0.01","0.01","1.01","0.01","0.01","0.175","0.13774193548387098","0.7847826086956522","0.24491525423728816","0.563728813559322","0.505"
"7","0.45647058823529413","0.1264705882352941","0.7476470588235294","0.6156470588235294","0.01","0.01","0.01","0.01","0.01","0.01","1.01","0.175","0.13774193548387098","0.7847826086956522","0.24491525423728816","0.563728813559322","0.505"
"0","0.7787058823529412","0.3516470588235294","0.6389411764705882","0.3322352941176471","0.01","0.01","0.01","0.01","0.01","1.01","0.01","0.175","0.13774193548387098","0.7847826086956522","0.24491525423728816","0.563728813559322","0.505"
"9","0.3283529411764706","0.5535294117647059","0.11094117647058822","0.941764705882353","0.01","0.01","0.01","0.01","1.01","0.01","0.01","0.175","0.13774193548387098","0.7847826086956522","0.24491525423728816","0.563728813559322","0.505"
"3","0.35552941176470587","0.19247058823529414","0.30505882352941177","0.2584705882352941","0.01","0.01","0.01","0.01","1.01","0.01","0.01","0.175","0.13774193548387098","0.7847826086956522","0.24491525423728816","0.563728813559322","0.505"
"9","0.18082352941176472","0.6156470588235294","0.44482352941176473","0.3205882352941177","0.01","1.01","0.01","0.01","0.01","0.01","0.01","0.175","0.13774193548387098","0.7847826086956522","0.24491525423728816","0.5805084745762712","0.505"
"5","1.0","0.23129411764705884","0.10317647058823529","0.13811764705882354","0.01","1.01","0.01","0.01","0.01","0.01","0.01","0.175","0.13774193548387098","0.7847826086956522","0.24491525423728816","0.5805084745762712","0.505"
"0","0.9961176470588236","0.3594117647058824","0.6117647058823529","0.08376470588235294","0.01","0.01","0.01","1.01","0.01","0.01","0.01","0.175","0.13774193548387098","0.7847826086956522","0.24491525423728816","0.5805084745762712","0.505"
"4","0.7748235294117647","0.5612941176470588","0.9145882352941176","0.3128235294117647","1.01","0.01","0.01","0.01","0.01","0.01","0.01","0.175","0.13774193548387098","0.7847826086956522","0.24491525423728816","0.5805084745762712","0.505"
"3","0.8136470588235294","0.01","0.33999999999999997","0.7127058823529412","0.01","0.01","0.01","0.01","0.01","0.01","1.01","0.175","0.13774193548387098","0.7847826086956522","0.24491525423728816","0.5805084745762712","0.505"
"9","0.7165882352941176","0.45647058823529413","0.27788235294117647","0.9534117647058823","0.01","0.01","0.01","1.01","0.01","0.01","0.01","0.175","0.13774193548387098","0.7847826086956522","0.24491525423728816","0.5805084745762712","0.505"
"0","0.7127058823529412","0.01","0.7903529411764706","0.6117647058823529","0.01","0.01","0.01","0.01","0.01","0.01","1.01","0.175","0.13774193548387098","0.7847826086956522","0.24491525423728816","0.5805084745762712","0.505"
"9","0.11870588235294117","0.3982352941176471","0.16917647058823532","0.4914117647058823","0.01","0.01","0.01","1.01","0.01","0.01","0.01","0.175","0.13774193548387098","0.7847826086956522","0.24491525423728816","0.5805084745762712","0.505"
"5","0.17305882352941176","0.7165882352941176","0.3632941176470588","0.5535294117647059","0.01","0.01","0.01","0.01","1.01","0.01","0.01","0.175","0.13774193548387098","0.7847826086956522","0.24491525423728816","0.5805084745762712","0.505"
"2","0.3205882352941177","0.8058823529411765","0.8175294117647058","0.5807058823529412","0.01","0.01","1.01","0.01","0.01","0.01","0.01","0.175","0.13774193548387098","0.7847826086956522","0.24491525423728816","0.5805084745762712","0.505"
"7","0.5069411764705882","0.5690588235294117","0.1575294117647059","0.8330588235294119","0.01","1.01","0.01","0.01","0.01","0.01","0.01","0.175","0.13774193548387098","0.7847826086956522","0.24491525423728816","0.5805084745762712","0.505"
"2","0.736","0.11094117647058822","0.5263529411764706","0.06435294117647058","0.01","0.01","0.01","0.01","1.01","0.01","0.01","0.175","0.13774193548387098","0.7847826086956522","0.24491525423728816","0.5805084745762712","0.505"
"2","0.17305882352941176","0.464235294117647","0.934","0.8990588235294118","0.01","0.01","0.01","1.01","0.01","0.01","0.01","0.175","0.13774193548387098","0.7847826086956522","0.24491525423728816","0.5972881355932204","0.505"
"1","0.5302352941176471","0.7243529411764705","0.20800000000000002","0.13811764705882354","0.01","0.01","0.01","0.01","0.01","1.01","0.01","0.175","0.13774193548387098","0.7847826086956522","0.24491525423728816","0.5972881355932204","0.505"
"9","0.24682352941176472","0.14976470588235294","0.8369411764705883","0.8990588235294118","1.01","0.01","0.01","0.01","0.01","0.01","0.01","0.175","0.13774193548387098","0.7847826086956522","0.24491525423728816","0.5972881355932204","0.505"
"7","0.0371764705882353","0.1148235294117647","0.464235294117647","0.9107058823529411","0.01","1.01","0.01","0.01","0.01","0.01","0.01","0.175","0.13774193548387098","0.7847826086956522","0.24491525423728816","0.5972881355932204","0.505"
"1","0.7010588235294117","0.029411764705882353","0.3982352941176471","0.8951764705882354","0.01","0.01","1.01","0.01","0.01","0.01","0.01","0.175","0.13774193548387098","0.7847826086956522","0.24491525423728816","0.5972881355932204","0.505"
"2","0.3516470588235294","0.041058823529411766","0.3361176470588235","0.6234117647058823","0.01","0.01","0.01","0.01","0.01","1.01","0.01","0.175","0.13774193548387098","0.7847826086956522","0.24491525423728816","0.5972881355932204","0.505"
"8","0.5845882352941177","0.662235294117647","0.9728235294117646","0.8330588235294119","1.01","0.01","0.01","0.01","0.01","0.01","0.01","0.175","0.13774193548387098","0.7847826086956522","0.24491525423728816","0.5972881355932204","0.505"
"7","0.8136470588235294","0.4292941176470588","0.9728235294117646","0.7981176470588235","1.01","0.01","0.01","0.01","0.01","0.01","0.01","0.175","0.13774193548387098","0.7847826086956522","0.24491525423728816","0.5972881355932204","0.505"
"9","0.7825882352941177","0.2584705882352941","0.044941176470588234","0.5069411764705882","0.01","0.01","0.01","0.01","0.01","0.01","1.01","0.175","0.13774193548387098","0.7847826086956522","0.24491525423728816","0.5972881355932204","0.505"
"8","0.5457647058823529","0.3865882352941176","0.464235294117647","0.6583529411764706","0.01","0.01","0.01","0.01","1.01","0.01","0.01","0.175","0.13774193548387098","0.7847826086956522","0.24491525423728816","0.5972881355932204","0.505"
"6","0.20800000000000002","0.860235294117647","0.20411764705882354","0.4525882352941177","0.01","1.01","0.01","0.01","0.01","0.01","0.01","0.175","0.13774193548387098","0.7847826086956522","0.24491525423728816","0.6140677966101695","0.505"
"7","0.1303529411764706","0.8524705882352941","0.9611764705882353","0.06823529411764706","1.01","0.01","0.01","0.01","0.01","0.01","0.01","0.175","0.13774193548387098","0.7847826086956522","0.24491525423728816","0.6140677966101695","0.505"
"2","0.13423529411764706","0.3904705882352941","0.25458823529411767","0.5729411764705882","0.01","0.01","0.01","0.01","0.01","1.01","0.01","0.175","0.13774193548387098","0.7847826086956522","0.24491525423728816","0.6140677966101695","0.505"
"6","0.14976470588235294","0.16917647058823532","0.6195294117647059","0.7243529411764705","0.01","0.01","0.01","0.01","1.01","0.01","0.01","0.175","0.13774193548387098","0.7847826086956522","0.24491525423728816","0.6140677966101695","0.505"
"4","0.4409411764705882","0.17305882352941176","0.7709411764705882","0.5884705882352942","0.01","0.01","0.01","1.01","0.01","0.01","0.01","0.175","0.13774193548387098","0.7847826086956522","0.24491525423728816","0.6140677966101695","0.505"
"9","0.3632941176470588","0.2856470588235294","0.8485882352941176","0.9029411764705882","1.01","0.01","0.01","0.01","0.01","0.01","0.01","0.175","0.13774193548387098","0.7847826086956522","0.24491525423728816","0.6140677966101695","0.505"
"2","0.8951764705882354","0.9728235294117646","0.7321176470588235","0.029411764705882353","0.01","0.01","1.01","0.01","0.01","0.01","0.01","0.175","0.13774193548387098","0.7847826086956522","0.24491525423728816","0.6140677966101695","0.505"
"3","0.3827058823529412","0.6234117647058823","0.5030588235294118","0.0371764705882353","0.01","1.01","0.01","0.01","0.01","0.01","0.01","0.175","0.13774193548387098","0.7847826086956522","0.24491525423728816","0.6140677966101695","0.505"
"0","0.2701176470588236","0.20023529411764707","0.8796470588235294","0.25070588235294117","0.01","0.01","0.01","0.01","0.01","0.01","1.01","0.175","0.13774193548387098","0.7847826086956522","0.24491525423728816","0.6140677966101695","0.505"
"4","0.6661176470588235","0.4137647058823529","0.8291764705882353","0.5651764705882353","0.01","0.01","0.01","1.01","0.01","0.01","0.01","0.175","0.13774193548387098","0.7847826086956522","0.24491525423728816","0.6140677966101695","0.505"
"0","0.8330588235294119","0.6001176470588235","0.8175294117647058","0.934","0.01","0.01","0.01","1.01","0.01","0.01","0.01","0.175","0.13774193548387098","0.7847826086956522","0.24491525423728816","0.6140677966101695","0.505"
"0","0.48364705882352943","0.24682352941176472","0.39435294117647063","0.3244705882352941","0.01","0.01","0.01","1.01","0.01","0.01","0.01","0.175","0.13774193548387098","0.7847826086956522","0.24491525423728816","0.6308474576271187","0.505"
"2","0.5690588235294117","0.8912941176470588","0.47200000000000003","0.6855294117647059","0.01","0.01","1.01","0.01","0.01","0.01","0.01","0.175","0.13774193548387098","0.7847826086956522","0.24491525423728816","0.6308474576271187","0.505"
"4","0.41764705882352937","0.1148235294117647","0.30505882352941177","0.08764705882352941","0.01","1.01","0.01","0.01","0.01","0.01","0.01","0.175","0.13774193548387098","0.7847826086956522","0.24491525423728816","0.6308474576271187","0.505"
"8","0.3244705882352941","0.27788235294117647","0.4098823529411765","0.01776470588235294","0.01","0.01","0.01","1.01","0.01","0.01","0.01","0.175","0.13774193548387098","0.7847826086956522","0.24491525423728816","0.6308474576271187","0.505"
"0","0.6661176470588235","0.7165882352941176","1.0","0.07211764705882352","0.01","0.01","0.01","1.01","0.01","0.01","0.01","0.175","0.13774193548387098","0.7847826086956522","0.24491525423728816","0.6308474576271187","0.505"
"2","0.48364705882352943","0.5030588235294118","0.03329411764705882","0.868","0.01","1.01","0.01","0.01","0.01","0.01","0.01","0.175","0.13774193548387098","0.7847826086956522","0.24491525423728816","0.6308474576271187","0.505"
"0","0.2235294117647059","0.08764705882352941","0.3788235294117647","0.5496470588235294","0.01","0.01","1.01","0.01","0.01","0.01","0.01","0.175","0.13774193548387098","0.7847826086956522","0.24491525423728816","0.6308474576271187","0.505"
"7","0.6505882352941177","0.6195294117647059","0.9456470588235294","0.060470588235294116","0.01","1.01","0.01","0.01","0.01","0.01","0.01","0.175","0.13774193548387098","0.7847826086956522","0.24491525423728816","0.6308474576271187","0.505"
"3","0.6467058823529412","0.7592941176470588","0.9572941176470589","0.802","0.01","0.01","0.01","0.01","1.01","0.01","0.01","0.175","0.13774193548387098","0.7847826086956522","0.24491525423728816","0.6308474576271187","0.505"
"3","0.6428235294117647","0.5690588235294117","0.6389411764705882","0.6467058823529412","0.01","0.01","0.01","0.01","1.01","0.01","0.01","0.175","0.13774193548387098","0.7847826086956522","0.24491525423728816","0.6308474576271187","0.505"
"1","0.6001176470588235","0.4875294117647059","0.6505882352941177","0.07988235294117646","0.01","1.01","0.01","0.01","0.01","0.01","0.01","0.175","0.13774193548387098","0.7847826086956522","0.24491525423728816","0.6308474576271187","0.505"
"6","0.9844705882352941","0.918470588235294","0.8136470588235294","0.7010588235294117","0.01","0.01","1.01","0.01","0.01","0.01","0.01","0.175","0.13774193548387098","0.7847826086956522","0.24491525423728816","0.6476271186440677","0.505"
"2","0.5612941176470588","0.5845882352941177","0.5030588235294118","0.26235294117647057","0.01","0.01","0.01","0.01","0.01","0.01","1.01","0.175","0.13774193548387098","0.7847826086956522","0.24491525423728816","0.6476271186440677","0.505"
"6","0.8485882352941176","0.16529411764705884","0.1264705882352941","0.27788235294117647","0.01","0.01","0.01","0.01","1.01","0.01","0.01","0.175","0.13774193548387098","0.7847826086956522","0.24491525423728816","0.6476271186440677","0.505"
"9","0.21576470588235297","0.04882352941176471","0.6777647058823529","0.2351764705882353","0.01","1.01","0.01","0.01","0.01","0.01","0.01","0.175","0.13774193548387098","0.7847826086956522","0.24491525423728816","0.6476271186440677","0.505"
"3","0.3128235294117647","0.25458823529411767","0.21188235294117647","0.6855294117647059","0.01","0.01","0.01","1.01","0.01","0.01","0.01","0.175","0.13774193548387098","0.7847826086956522","0.24491525423728816","0.6476271186440677","0.505"
"0","0.8524705882352941","0.8835294117647059","0.09152941176470587","0.26235294117647057","0.01","0.01","0.01","0.01","1.01","0.01","0.01","0.175","0.13774193548387098","0.7847826086956522","0.24491525423728816","0.6476271186440677","0.505"
"4","0.025529411764705884","0.8408235294117647","0.05270588235294118","0.6505882352941177","0.01","0.01","0.01","0.01","0.01","0.01","1.01","0.175","0.13774193548387098","0.7847826086956522","0.24491525423728816","0.6476271186440677","0.505"
"9","0.060470588235294116","0.7592941176470588","0.14976470588235294","0.28952941176470587","1.01","0.01","0.01","0.01","0.01","0.01","0.01","0.175","0.13774193548387098","0.7847826086956522","0.24491525423728816","0.6476271186440677","0.505"
"5","0.6583529411764706","0.10317647058823529","0.7709411764705882","0.025529411764705884","0.01","0.01","0.01","0.01","0.01","0.01","1.01","0.175","0.13774193548387098","0.7847826086956522","0.24491525423728816","0.6476271186440677","0.505"
"1","0.4021176470588235","0.6389411764705882","0.7592941176470588","0.4409411764705882","0.01","0.01","0.01","0.01","0.01","1.01","0.01","0.175","0.13774193548387098","0.7847826086956522","0.24491525423728816","0.6476271186440677","0.505"
"3","0.42152941176470593","0.4875294117647059","0.17305882352941176","0.8951764705882354","0.01","1.01","0.01","0.01","0.01","0.01","0.01","0.175","0.13774193548387098","0.7847826086956522","0.24491525423728816","0.664406779661017","0.505"
"9","0.3865882352941176","0.7127058823529412","0.406","0.11870588235294117","0.01","0.01","1.01","0.01","0.01","0.01","0.01","0.175","0.13774193548387098","0.7847826086956522","0.24491525423728816","0.664406779661017","0.505"
"1","0.6428235294117647","0.281764705882353","0.36717647058823527","0.5807058823529412","0.01","0.01","1.01","0.01","0.01","0.01","0.01","0.175","0.13774193548387098","0.7847826086956522","0.24491525423728816","0.664406779661017","0.505"
"7","0.7088235294117647","0.07211764705882352","0.9728235294117646","0.21964705882352942","0.01","0.01","0.01","0.01","0.01","1.01","0.01","0.175","0.13774193548387098","0.7847826086956522","0.24491525423728816","0.664406779661017","0.505"
"7","0.33999999999999997","0.48364705882352943","0.5418823529411765","0.3322352941176471","0.01","0.01","0.01","0.01","0.01","0.01","1.01","0.175","0.13774193548387098","0.7847826086956522","0.24491525423728816","0.664406779661017","0.505"
"7","0.21964705882352942","0.5108235294117647","0.9456470588235294","0.21188235294117647","0.01","0.01","0.01","0.01","1.01","0.01","0.01","0.175","0.13774193548387098","0.7847826086956522","0.24491525423728816","0.664406779661017","0.505"
"3","0.05270588235294118","0.6932941176470588","0.918470588235294","0.6428235294117647","0.01","0.01","0.01","1.01","0.01","0.01","0.01","0.175","0.13774193548387098","0.7847826086956522","0.24491525423728816","0.664406779661017","0.505"
"8","0.14200000000000002","0.9456470588235294","0.10317647058823529","0.5535294117647059","0.01","0.01","0.01","1.01","0.01","0.01","0.01","0.175","0.13774193548387098","0.7847826086956522","0.24491525423728816","0.664406779661017","0.505"
"8","0.26235294117647057","0.30505882352941177","0.2390588235294118","0.20800000000000002","0.01","0.01","1.01","0.01","0.01","0.01","0.01","0.175","0.13774193548387098","0.7847826086956522","0.24491525423728816","0.664406779661017","0.505"
"0","0.05270588235294118","0.7010588235294117","0.5574117647058824","0.48364705882352943","0.01","0.01","1.01","0.01","0.01","0.01","0.01","0.175","0.13774193548387098","0.7847826086956522","0.24491525423728816","0.664406779661017","0.505"
"3","0.08764705882352941","0.4758823529411765","0.44482352941176473","0.10317647058823529","0.01","0.01","0.01","0.01","0.01","0.01","1.01","0.175","0.13774193548387098","0.7847826086956522","0.24491525423728816","0.664406779661017","0.505"
"1","0.07211764705882352","0.6544705882352941","0.347764705882353","0.4254117647058824","1.01","0.01","0.01","0.01","0.01","0.01","0.01","0.175","0.13774193548387098","0.7847826086956522","0.24491525423728816","0.664406779661017","0.505"
"0","0.6505882352941177","0.01776470588235294","0.5923529411764706","0.7282352941176471","0.01","1.01","0.01","0.01","0.01","0.01","0.01","0.175","0.13774193548387098","0.7847826086956522","0.24491525423728816","0.6811864406779661","0.505"
"3","0.5496470588235294","0.7787058823529412","0.8058823529411765","0.16141176470588237","0.01","0.01","0.01","1.01","0.01","0.01","0.01","0.175","0.13774193548387098","0.7847826086956522","0.24491525423728816","0.6811864406779661","0.505"
"8","0.4021176470588235","0.8291764705882353","0.7127058823529412","0.1148235294117647","0.01","0.01","1.01","0.01","0.01","0.01","0.01","0.175","0.13774193548387098","0.7847826086956522","0.24491525423728816","0.6811864406779661","0.505"
"3","0.538","0.09929411764705881","0.02164705882352941","0.6117647058823529","0.01","0.01","0.01","0.01","0.01","0.01","1.01","0.175","0.13774193548387098","0.7847826086956522","0.24491525423728816","0.6811864406779661","0.505"
"7","0.06435294117647058","0.9844705882352941","0.5729411764705882","0.08376470588235294","0.01","0.01","1.01","0.01","0.01","0.01","0.01","0.175","0.13774193548387098","0.7847826086956522","0.24491525423728816","0.6811864406779661","0.505"
"2","0.4021176470588235","0.2584705882352941","0.6078823529411764","0.9767058823529412","0.01","1.01","0.01","0.01","0.01","0.01","0.01","0.175","0.13774193548387098","0.7847826086956522","0.24491525423728816","0.6811864406779661","0.505"
"2","0.3438823529411765","0.5457647058823529","0.3438823529411765","0.7592941176470588","0.01","0.01","0.01","0.01","1.01","0.01","0.01","0.175","0.13774193548387098","0.7847826086956522","0.24491525423728816","0.6811864406779661","0.505"
"4","0.6932941176470588","0.5962352941176471","0.2856470588235294","0.8136470588235294","0.01","0.01","0.01","0.01","0.01","1.01","0.01","0.175","0.13774193548387098","0.7847826086956522","0.24491525423728816","0.6811864406779661","0.505"
"3","0.8563529411764705","0.934","0.6971764705882353","0.5457647058823529","0.01","0.01","1.01","0.01","0.01","0.01","0.01","0.175","0.13774193548387098","0.7847826086956522","0.24491525423728816","0.6811864406779661","0.505"
"8","0.3982352941176471","0.03329411764705882","0.30505882352941177","0.347764705882353","0.01","1.01","0.01","0.01","0.01","0.01","0.01","0.175","0.13774193548387098","0.7847826086956522","0.24491525423728816","0.6811864406779661","0.505"
"7","0.2856470588235294","0.5263529411764706","0.09541176470588235","0.27788235294117647","0.01","0.01","0.01","0.01","1.01","0.01","0.01","0.175","0.13774193548387098","0.7847826086956522","0.24491525423728816","0.6811864406779661","0.505"
"5","0.49917647058823533","0.16141176470588237","0.8641176470588235","1.0","1.01","0.01","0.01","0.01","0.01","0.01","0.01","0.175","0.13774193548387098","0.7847826086956522","0.24491525423728816","0.6811864406779661","0.505"
"3","0.3982352941176471","0.9456470588235294","0.49529411764705883","0.347764705882353","0.01","0.01","0.01","0.01","0.01","1.01","0.01","0.175","0.13774193548387098","0.7847826086956522","0.24491525423728816","0.6979661016949152","0.505"
"3","0.8641176470588235","0.6855294117647059","0.8447058823529412","0.22741176470588237","0.01","0.01","0.01","0.01","0.01","1.01","0.01","0.175","0.13774193548387098","0.7847826086956522","0.24491525423728816","0.6979661016949152","0.505"
"2","0.16529411764705884","0.6544705882352941","0.5962352941176471","0.13423529411764706","0.01","0.01","1.01","0.01","0.01","0.01","0.01","0.175","0.13774193548387098","0.7847826086956522","0.24491525423728816","0.6979661016949152","0.505"
"7","0.8524705882352941","0.3710588235294118","0.5457647058823529","0.5185882352941176","1.01","0.01","0.01","0.01","0.01","0.01","0.01","0.175","0.13774193548387098","0.7847826086956522","0.24491525423728816","0.6979661016949152","0.505"
"7","0.1303529411764706","0.5729411764705882","0.5457647058823529","0.8291764705882353","0.01","0.01","0.01","0.01","0.01","0.01","1.01","0.175","0.13774193548387098","0.7847826086956522","0.24491525423728816","0.6979661016949152","0.505"
"7","0.22741176470588237","0.1303529411764706","0.5496470588235294","0.1575294117647059","0.01","0.01","0.01","0.01","0.01","1.01","0.01","0.175","0.13774193548387098","0.7847826086956522","0.24491525423728816","0.6979661016949152","0.505"
"6","0.7981176470588235","0.01776470588235294","0.17694117647058824","0.9572941176470589","0.01","0.01","0.01","0.01","0.01","1.01","0.01","0.175","0.13774193548387098","0.7847826086956522","0.24491525423728816","0.6979661016949152","0.505"
"5","0.6350588235294118","0.21188235294117647","0.9844705882352941","0.0371764705882353","1.01","0.01","0.01","0.01","0.01","0.01","0.01","0.175","0.13774193548387098","0.7847826086956522","0.24491525423728816","0.6979661016949152","0.505"
"9","0.5923529411764706","0.3749411764705883","0.3516470588235294","0.5923529411764706","0.01","0.01","0.01","0.01","0.01","0.01","1.01","0.175","0.13774193548387098","0.7847826086956522","0.24491525423728816","0.6979661016949152","0.505"
"5","0.4098823529411765","0.14200000000000002","0.281764705882353","0.4758823529411765","0.01","1.01","0.01","0.01","0.01","0.01","0.01","0.175","0.13774193548387098","0.7847826086956522","0.24491525423728816","0.6979661016949152","0.505"
"1","0.9805882352941176","0.4914117647058823","0.8951764705882354","0.9107058823529411","0.01","0.01","0.01","0.01","1.01","0.01","0.01","0.175","0.13774193548387098","0.7847826086956522","0.24491525423728816","0.6979661016949152","0.505"
"3","0.6894117647058824","0.4914117647058823","0.8796470588235294","0.3205882352941177","0.01","1.01","0.01","0.01","0.01","0.01","0.01","0.175","0.13774193548387098","0.7847826086956522","0.24491525423728816","0.6979661016949152","0.505"
"6","0.14976470588235294","0.49917647058823533","0.5302352941176471","0.9922352941176471","0.01","0.01","0.01","0.01","0.01","0.01","1.01","0.175","0.13774193548387098","0.7847826086956522","0.24491525423728816","0.7147457627118644","0.505"
"8","0.18858823529411764","0.4797647058823529","0.47200000000000003","0.9107058823529411","0.01","0.01","1.01","0.01","0.01","0.01","0.01","0.175","0.13774193548387098","0.7847826086956522","0.24491525423728816","0.7147457627118644","0.505"
"4","0.6738823529411764","0.02164705882352941","0.08376470588235294","0.9378823529411765","0.01","0.01","0.01","1.01","0.01","0.01","0.01","0.175","0.13774193548387098","0.7847826086956522","0.24491525423728816","0.7147457627118644","0.505"
"2","0.281764705882353","0.20800000000000002","0.6971764705882353","0.9068235294117647","0.01","0.01","0.01","1.01","0.01","0.01","0.01","0.175","0.13774193548387098","0.7847826086956522","0.24491525423728816","0.7147457627118644","0.505"
"4","0.19247058823529414","0.5185882352941176","0.3516470588235294","0.21188235294117647","0.01","0.01","1.01","0.01","0.01","0.01","0.01","0.175","0.13774193548387098","0.7847826086956522","0.24491525423728816","0.7147457627118644","0.505"
"4","0.3244705882352941","0.3128235294117647","0.802","0.7748235294117647","0.01","0.01","0.01","0.01","0.01","1.01","0.01","0.175","0.13774193548387098","0.7847826086956522","0.24491525423728816","0.7147457627118644","0.505"
"7","0.3749411764705883","0.2351764705882353","0.5690588235294117","0.3749411764705883","0.01","0.01","0.01","0.01","1.01","0.01","0.01","0.175","0.13774193548387098","0.7847826086956522","0.24491525423728816","0.7147457627118644","0.505"
"3","0.8136470588235294","0.30505882352941177","0.3516470588235294","0.06823529411764706","0.01","1.01","0.01","0.01","0.01","0.01","0.01","0.175","0.13774193548387098","0.7847826086956522","0.24491525423728816","0.7147457627118644","0.505"
"5","0.9689411764705882","0.10317647058823529","0.49917647058823533","0.01","0.01","0.01","0.01","1.01","0.01","0.01","0.01","0.175","0.13774193548387098","0.7847826086956522","0.24491525423728816","0.7315254237288135","0.505"
"5","0.8408235294117647","0.3361176470588235","0.9107058823529411","0.47200000000000003","0.01","0.01","0.01","0.01","0.01","1.01","0.01","0.175","0.13774193548387098","0.7847826086956522","0.24491525423728816","0.7315254237288135","0.505"
"5","0.20411764705882354","0.3438823529411765","0.2351764705882353","0.6272941176470588","0.01","0.01","1.01","0.01","0.01","0.01","0.01","0.175","0.13774193548387098","0.7847826086956522","0.24491525423728816","0.7315254237288135","0.505"
"5","0.12258823529411764","0.9029411764705882","0.44482352941176473","0.23129411764705884","0.01","0.01","0.01","1.01","0.01","0.01","0.01","0.175","0.13774193548387098","0.7847826086956522","0.24491525423728816","0.7315254237288135","0.505"
"4","0.7554117647058823","0.9650588235294117","0.3011764705882353","0.941764705882353","0.01","1.01","0.01","0.01","0.01","0.01","0.01","0.175","0.13774193548387098","0.7847826086956522","0.24491525423728816","0.7315254237288135","0.505"
"7","0.6738823529411764","0.9572941176470589","0.21964705882352942","0.13423529411764706","0.01","0.01","0.01","0.01","1.01","0.01","0.01","0.175","0.13774193548387098","0.7847826086956522","0.24491525423728816","0.7315254237288135","0.505"
"3","0.9262352941176472","0.8718823529411764","0.2701176470588236","0.8058823529411765","0.01","0.01","0.01","0.01","0.01","1.01","0.01","0.175","0.13774193548387098","0.7847826086956522","0.24491525423728816","0.7315254237288135","0.505"
"0","0.274","0.4098823529411765","0.27788235294117647","0.49917647058823533","0.01","0.01","0.01","1.01","0.01","0.01","0.01","0.175","0.13774193548387098","0.7847826086956522","0.24491525423728816","0.7315254237288135","0.505"
"1","0.4370588235294118","0.6389411764705882","0.02164705882352941","0.02164705882352941","0.01","0.01","0.01","0.01","0.01","1.01","0.01","0.175","0.13774193548387098","0.7847826086956522","0.24491525423728816","0.7315254237288135","0.505"
"8","0.03329411764705882","0.03329411764705882","0.17694117647058824","0.8718823529411764","1.01","0.01","0.01","0.01","0.01","0.01","0.01","0.175","0.13774193548387098","0.7847826086956522","0.24491525423728816","0.7315254237288135","0.505"
"9","0.17305882352941176","0.20800000000000002","0.19247058823529414","0.044941176470588234","0.01","0.01","0.01","0.01","1.01","0.01","0.01","0.175","0.13774193548387098","0.7847826086956522","0.24491525423728816","0.7315254237288135","0.505"
"5","0.8874117647058823","0.7321176470588235","0.743764705882353","0.8252941176470587","0.01","0.01","0.01","0.01","0.01","1.01","0.01","0.175","0.13774193548387098","0.7847826086956522","0.24491525423728816","0.7315254237288135","0.505"
"2","0.9029411764705882","0.09152941176470587","0.7825882352941177","0.45647058823529413","0.01","0.01","1.01","0.01","0.01","0.01","0.01","0.175","0.13774193548387098","0.7847826086956522","0.24491525423728816","0.7483050847457627","0.505"
"7","0.9378823529411765","0.42152941176470593","0.2701176470588236","0.20023529411764707","0.01","0.01","0.01","0.01","1.01","0.01","0.01","0.175","0.13774193548387098","0.7847826086956522","0.24491525423728816","0.7483050847457627","0.505"
"6","0.7204705882352941","0.9068235294117647","0.8874117647058823","0.01","0.01","0.01","0.01","1.01","0.01","0.01","0.01","0.175","0.13774193548387098","0.7847826086956522","0.24491525423728816","0.7483050847457627","0.505"
"6","0.3594117647058824","0.35552941176470587","0.39435294117647063","0.2972941176470589","0.01","0.01","0.01","0.01","0.01","1.01","0.01","0.175","0.13774193548387098","0.7847826086956522","0.24491525423728816","0.7483050847457627","0.505"
"9","0.3244705882352941","0.8990588235294118","0.3749411764705883","0.4021176470588235","0.01","0.01","0.01","0.01","0.01","0.01","1.01","0.175","0.13774193548387098","0.7847826086956522","0.24491525423728816","0.7483050847457627","0.505"
"7","0.9107058823529411","0.7515294117647059","0.06435294117647058","0.4254117647058824","0.01","0.01","0.01","1.01","0.01","0.01","0.01","0.175","0.13774193548387098","0.7847826086956522","0.24491525423728816","0.7483050847457627","0.505"
"1","0.8291764705882353","0.5457647058823529","0.7709411764705882","0.8757647058823529","0.01","0.01","0.01","0.01","0.01","0.01","1.01","0.175","0.13774193548387098","0.7847826086956522","0.24491525423728816","0.7483050847457627","0.505"
"5","0.9805882352941176","0.11094117647058822","0.5574117647058824","0.08764705882352941","0.01","0.01","0.01","0.01","0.01","1.01","0.01","0.175","0.13774193548387098","0.7847826086956522","0.24491525423728816","0.7483050847457627","0.505"
"5","0.3788235294117647","0.5845882352941177","0.9689411764705882","0.23129411764705884","0.01","0.01","1.01","0.01","0.01","0.01","0.01","0.175","0.13774193548387098","0.7847826086956522","0.24491525423728816","0.7483050847457627","0.505"
"3","0.5807058823529412","0.6117647058823529","0.4021176470588235","0.6428235294117647","0.01","0.01","1.01","0.01","0.01","0.01","0.01","0.175","0.13774193548387098","0.7847826086956522","0.24491525423728816","0.7483050847457627","0.505"
"4","0.4409411764705882","0.49529411764705883","0.01388235294117647","0.42152941176470593","0.01","0.01","0.01","0.01","1.01","0.01","0.01","0.175","0.13774193548387098","0.7847826086956522","0.24491525423728816","0.7483050847457627","0.505"
"6","0.6428235294117647","0.6350588235294118","0.5496470588235294","0.2390588235294118","0.01","1.01","0.01","0.01","0.01","0.01","0.01","0.175","0.13774193548387098","0.7847826086956522","0.24491525423728816","0.7483050847457627","0.505"
"3","0.8912941176470588","0.08376470588235294","0.3244705882352941","0.7049411764705882","0.01","0.01","1.01","0.01","0.01","0.01","0.01","0.175","0.13774193548387098","0.7847826086956522","0.24491525423728816","0.7650847457627118","0.505"
"2","0.934","0.01776470588235294","0.0371764705882353","0.5108235294117647","1.01","0.01","0.01","0.01","0.01","0.01","0.01","0.175","0.13774193548387098","0.7847826086956522","0.24491525423728816","0.7650847457627118","0.505"
"9","0.8175294117647058","0.2390588235294118","0.08764705882352941","0.8796470588235294","1.01","0.01","0.01","0.01","0.01","0.01","0.01","0.175","0.13774193548387098","0.7847826086956522","0.24491525423728816","0.7650847457627118","0.505"
"5","0.7204705882352941","0.9767058823529412","0.26623529411764707","0.21576470588235297","0.01","0.01","1.01","0.01","0.01","0.01","0.01","0.175","0.13774193548387098","0.7847826086956522","0.24491525423728816","0.7650847457627118","0.505"
"5","0.39435294117647063","0.4875294117647059","0.538","0.20800000000000002","0.01","0.01","0.01","0.01","0.01","1.01","0.01","0.175","0.13774193548387098","0.7847826086956522","0.24491525423728816","0.7650847457627118","0.505"
"8","0.044941176470588234","0.21576470588235297","0.18858823529411764","0.9805882352941176","1.01","0.01","0.01","0.01","0.01","0.01","0.01","0.175","0.13774193548387098","0.7847826086956522","0.24491525423728816","0.7650847457627118","0.505"
"4","0.8796470588235294","0.8252941176470587","0.33999999999999997","0.04882352941176471","0.01","1.01","0.01","0.01","0.01","0.01","0.01","0.175","0.13774193548387098","0.7847826086956522","0.24491525423728816","0.7650847457627118","0.505"
"8","0.041058823529411766","0.02164705882352941","0.5457647058823529","0.6001176470588235","0.01","0.01","0.01","1.01","0.01","0.01","0.01","0.175","0.13774193548387098","0.7847826086956522","0.24491525423728816","0.7650847457627118","0.505"
"0","0.7631764705882352","0.8408235294117647","0.8097647058823529","0.21964705882352942","0.01","0.01","0.01","0.01","1.01","0.01","0.01","0.175","0.13774193548387098","0.7847826086956522","0.24491525423728816","0.7650847457627118","0.505"
"1","0.19247058823529414","0.42152941176470593","0.5185882352941176","0.9534117647058823","0.01","0.01","0.01","0.01","0.01","1.01","0.01","0.175","0.13774193548387098","0.7847826086956522","0.24491525423728816","0.7650847457627118","0.505"
"3","0.029411764705882353","0.48364705882352943","0.14976470588235294","0.31670588235294117","0.01","0.01","0.01","0.01","0.01","0.01","1.01","0.175","0.13774193548387098","0.7847826086956522","0.24491525423728816","0.7650847457627118","0.505"
"0","0.6932941176470588","0.9456470588235294","0.10705882352941176","0.5962352941176471","0.01","0.01","0.01","1.01","0.01","0.01","0.01","0.175","0.13774193548387098","0.7847826086956522","0.24491525423728816","0.7650847457627118","0.505"
"3","0.4914117647058823","0.406","0.07988235294117646","0.15364705882352944","0.01","0.01","0.01","0.01","0.01","1.01","0.01","0.175","0.13774193548387098","0.7847826086956522","0.24491525423728816","0.7818644067796611","0.505"
"6","0.6467058823529412","0.3904705882352941","0.8175294117647058","0.1847058823529412","0.01","0.01","1.01","0.01","0.01","0.01","0.01","0.175","0.13774193548387098","0.7847826086956522","0.24491525423728816","0.7818644067796611","0.505"
"3","0.8408235294117647","0.1303529411764706","0.9534117647058823","0.3438823529411765","1.01","0.01","0.01","0.01","0.01","0.01","0.01","0.175","0.13774193548387098","0.7847826086956522","0.24491525423728816","0.7818644067796611","0.505"
"7","0.3982352941176471","0.09152941176470587","0.7398823529411765","0.9068235294117647","0.01","0.01","0.01","0.01","0.01","1.01","0.01","0.175","0.13774193548387098","0.7847826086956522","0.24491525423728816","0.7818644067796611","0.505"
"1","0.5030588235294118","0.6777647058823529","0.8874117647058823","0.1963529411764706","0.01","0.01","0.01","0.01","1.01","0.01","0.01","0.175","0.13774193548387098","0.7847826086956522","0.24491525423728816","0.7818644067796611","0.505"
"6","0.30505882352941177","0.7864705882352941","0.8291764705882353","0.33999999999999997","0.01","0.01","0.01","0.01","0.01","1.01","0.01","0.175","0.13774193548387098","0.7847826086956522","0.24491525423728816","0.7818644067796611","0.505"
"8","0.21188235294117647","0.30505882352941177","0.4914117647058823","0.3322352941176471","0.01","0.01","0.01","0.01","0.01","0.01","1.01","0.175","0.13774193548387098","0.7847826086956522","0.24491525423728816","0.7818644067796611","0.505"
"8","0.6699999999999999","0.3011764705882353","0.4331764705882353","0.3128235294117647","0.01","0.01","0.01","0.01","1.01","0.01","0.01","0.175","0.13774193548387098","0.7847826086956522","0.24491525423728816","0.7818644067796611","0.505"
"8","0.5651764705882353","0.9961176470588236","0.9145882352941176","0.2351764705882353","0.01","0.01","0.01","1.01","0.01","0.01","0.01","0.175","0.13774193548387098","0.7847826086956522","0.24491525423728816","0.7818644067796611","0.505"
"9","0.060470588235294116","0.7398823529411765","0.6661176470588235","0.11094117647058822","0.01","0.01","0.01","1.01","0.01","0.01","0.01","0.175","0.13774193548387098","0.7847826086956522","0.24491525423728816","0.7818644067796611","0.505"
"4","0.45647058823529413","0.8718823529411764","0.6001176470588235","0.20800000000000002","0.01","0.01","0.01","0.01","0.01","1.01","0.01","0.175","0.13774193548387098","0.7847826086956522","0.24491525423728816","0.7818644067796611","0.505"
"7","0.8912941176470588","0.8718823529411764","0.6117647058823529","0.6078823529411764","0.01","0.01","0.01","0.01","0.01","1.01","0.01","0.175","0.13774193548387098","0.7847826086956522","0.24491525423728816","0.7818644067796611","0.505"
"0","0.6078823529411764","0.5496470588235294","0.060470588235294116","0.16529411764705884","0.01","0.01","0.01","0.01","1.01","0.01","0.01","0.175","0.13774193548387098","0.7847826086956522","0.24491525423728816","0.7986440677966101","0.505"
"8","0.538","0.9728235294117646","0.16529411764705884","0.9068235294117647","0.01","1.01","0.01","0.01","0.01","0.01","0.01","0.175","0.13774193548387098","0.7847826086956522","0.24491525423728816","0.7986440677966101","0.505"
"1","0.025529411764705884","0.5729411764705882","0.9689411764705882","0.868","0.01","0.01","0.01","0.01","0.01","1.01","0.01","0.175","0.13774193548387098","0.7847826086956522","0.24491525423728816","0.7986440677966101","0.505"
"4","0.5612941176470588","0.23129411764705884","0.5923529411764706","0.941764705882353","0.01","0.01","0.01","0.01","0.01","1.01","0.01","0.175","0.13774193548387098","0.7847826086956522","0.24491525423728816","0.7986440677966101","0.505"
"5","0.1303529411764706","0.25070588235294117","0.918470588235294","0.7981176470588235","0.01","0.01","0.01","0.01","0.01","0.01","1.01","0.175","0.13774193548387098","0.7847826086956522","0.24491525423728816","0.7986440677966101","0.505"
"5","0.19247058823529414","0.14200000000000002","0.2934117647058823","0.5768235294117646","0.01","1.01","0.01","0.01","0.01","0.01","0.01","0.175","0.13774193548387098","0.7847826086956522","0.24491525423728816","0.7986440677966101","0.505"
"6","0.5418823529411765","0.36717647058823527","0.4681176470588236","0.20023529411764707","0.01","0.01","0.01","1.01","0.01","0.01","0.01","0.175","0.13774193548387098","0.7847826086956522","0.24491525423728816","0.7986440677966101","0.505"
"6","0.6816470588235295","0.17305882352941176","0.8408235294117647","0.6078823529411764","0.01","0.01","0.01","0.01","0.01","1.01","0.01","0.175","0.13774193548387098","0.7847826086956522","0.24491525423728816","0.7986440677966101","0.505"
"8","0.5418823529411765","0.7476470588235294","0.4292941176470588","0.5030588235294118","0.01","0.01","0.01","1.01","0.01","0.01","0.01","0.175","0.13774193548387098","0.7847826086956522","0.24491525423728816","0.7986440677966101","0.505"
"5","0.12258823529411764","0.3516470588235294","0.9495294117647058","0.6505882352941177","0.01","0.01","1.01","0.01","0.01","0.01","0.01","0.175","0.13774193548387098","0.7847826086956522","0.24491525423728816","0.7986440677966101","0.505"
"1","0.39435294117647063","0.8058823529411765","0.21188235294117647","0.5224705882352941","0.01","0.01","0.01","0.01","0.01","1.01","0.01","0.175","0.13774193548387098","0.7847826086956522","0.24491525423728816","0.7986440677966101","0.505"
"9","0.9961176470588236","0.09152941176470587","0.01","0.743764705882353","1.01","0.01","0.01","0.01","0.01","0.01","0.01","0.175","0.13774193548387098","0.7847826086956522","0.24491525423728816","0.7986440677966101","0.505"
"5","0.8951764705882354","0.7165882352941176","0.8214117647058823","0.42152941176470593","0.01","0.01","0.01","0.01","1.01","0.01","0.01","0.175","0.13774193548387098","0.7847826086956522","0.24491525423728816","0.8154237288135594","0.505"
"1","0.12258823529411764","0.802","0.6350588235294118","0.21576470588235297","1.01","0.01","0.01","0.01","0.01","0.01","0.01","0.175","0.13774193548387098","0.7847826086956522","0.24491525423728816","0.8154237288135594","0.505"
"9","0.5224705882352941","0.20411764705882354","0.8214117647058823","0.1458823529411765","0.01","0.01","0.01","0.01","0.01","1.01","0.01","0.175","0.13774193548387098","0.7847826086956522","0.24491525423728816","0.8154237288135594","0.505"
"5","0.14200000000000002","0.4603529411764706","0.13423529411764706","0.347764705882353","0.01","0.01","0.01","1.01","0.01","0.01","0.01","0.175","0.13774193548387098","0.7847826086956522","0.24491525423728816","0.8154237288135594","0.505"
"8","0.2235294117647059","0.5030588235294118","0.941764705882353","0.802","0.01","0.01","1.01","0.01","0.01","0.01","0.01","0.175","0.13774193548387098","0.7847826086956522","0.24491525423728816","0.8154237288135594","0.505"
"3","0.31670588235294117","0.10705882352941176","0.20023529411764707","0.8408235294117647","0.01","1.01","0.01","0.01","0.01","0.01","0.01","0.175","0.13774193548387098","0.7847826086956522","0.24491525423728816","0.8154237288135594","0.505"
"4","0.5224705882352941","0.21576470588235297","0.2934117647058823","0.7631764705882352","0.01","0.01","0.01","1.01","0.01","0.01","0.01","0.175","0.13774193548387098","0.7847826086956522","0.24491525423728816","0.8154237288135594","0.505"
"1","0.3710588235294118","0.5884705882352942","0.22741176470588237","0.5535294117647059","0.01","1.01","0.01","0.01","0.01","0.01","0.01","0.175","0.13774193548387098","0.7847826086956522","0.24491525423728816","0.8154237288135594","0.505"
"7","0.4797647058823529","0.6661176470588235","0.9029411764705882","0.794235294117647","0.01","0.01","0.01","0.01","0.01","0.01","1.01","0.175","0.13774193548387098","0.7847826086956522","0.24491525423728816","0.8154237288135594","0.505"
"9","0.604","0.3205882352941177","0.07988235294117646","0.1264705882352941","0.01","1.01","0.01","0.01","0.01","0.01","0.01","0.175","0.13774193548387098","0.7847826086956522","0.24491525423728816","0.8154237288135594","0.505"
"6","0.2972941176470589","0.9068235294117647","0.6428235294117647","0.6428235294117647","0.01","0.01","0.01","0.01","1.01","0.01","0.01","0.175","0.13774193548387098","0.7847826086956522","0.24491525423728816","0.8154237288135594","0.505"
"6","0.4292941176470588","0.06435294117647058","0.6777647058823529","0.041058823529411766","1.01","0.01","0.01","0.01","0.01","0.01","0.01","0.175","0.13774193548387098","0.7847826086956522","0.24491525423728816","0.8154237288135594","0.505"
"2","0.7631764705882352","0.08376470588235294","0.8718823529411764","0.03329411764705882","1.01","0.01","0.01","0.01","0.01","0.01","0.01","0.175","0.13774193548387098","0.7847826086956522","0.24491525423728816","0.8322033898305085","0.505"
"7","0.25458823529411767","0.4021176470588235","0.47200000000000003","0.9728235294117646","0.01","0.01","0.01","0.01","0.01","1.01","0.01","0.175","0.13774193548387098","0.7847826086956522","0.24491525423728816","0.8322033898305085","0.505"
"1","0.9301176470588236","0.8757647058823529","0.3788235294117647","0.01388235294117647","0.01","0.01","0.01","1.01","0.01","0.01","0.01","0.175","0.13774193548387098","0.7847826086956522","0.24491525423728816","0.8322033898305085","0.505"
"7","0.08764705882352941","0.6156470588235294","0.13423529411764706","0.9805882352941176","0.01","1.01","0.01","0.01","0.01","0.01","0.01","0.175","0.13774193548387098","0.7847826086956522","0.24491525423728816","0.8322033898305085","0.505"
"6","0.09541176470588235","0.5574117647058824","0.5845882352941177","0.5418823529411765","0.01","0.01","0.01","1.01","0.01","0.01","0.01","0.175","0.13774193548387098","0.7847826086956522","0.24491525423728816","0.8322033898305085","0.505"
"2","0.27788235294117647","0.6389411764705882","0.9650588235294117","0.5574117647058824","0.01","0.01","1.01","0.01","0.01","0.01","0.01","0.175","0.13774193548387098","0.7847826086956522","0.24491525423728816","0.8322033898305085","0.505"
"9","0.3011764705882353","0.1148235294117647","0.8330588235294119","0.8718823529411764","0.01","0.01","0.01","0.01","0.01","1.01","0.01","0.175","0.13774193548387098","0.7847826086956522","0.24491525423728816","0.8322033898305085","0.505"
"1","0.7709411764705882","0.8136470588235294","0.5302352941176471","0.4487058823529412","0.01","0.01","0.01","1.01","0.01","0.01","0.01","0.175","0.13774193548387098","0.7847826086956522","0.24491525423728816","0.8322033898305085","0.505"
"7","0.04882352941176471","0.2701176470588236","0.07211764705882352","0.8951764705882354","0.01","0.01","0.01","0.01","0.01","0.01","1.01","0.175","0.13774193548387098","0.7847826086956522","0.24491525423728816","0.8322033898305085","0.505"
"6","0.9223529411764705","0.6234117647058823","0.538","0.6350588235294118","0.01","1.01","0.01","0.01","0.01","0.01","0.01","0.175","0.13774193548387098","0.7847826086956522","0.24491525423728816","0.8322033898305085","0.505"
"5","0.28952941176470587","0.2235294117647059","0.10705882352941176","0.8058823529411765","0.01","0.01","1.01","0.01","0.01","0.01","0.01","0.175","0.13774193548387098","0.7847826086956522","0.24491525423728816","0.8322033898305085","0.505"
"5","0.6311764705882353","0.6467058823529412","0.9068235294117647","0.9650588235294117","0.01","1.01","0.01","0.01","0.01","0.01","0.01","0.175","0.13774193548387098","0.7847826086956522","0.24491525423728816","0.8322033898305085","0.505"
"8","0.7010588235294117","0.13423529411764706","0.8874117647058823","0.8951764705882354","0.01","0.01","0.01","0.01","0.01","1.01","0.01","0.175","0.13774193548387098","0.7847826086956522","0.24491525423728816","0.8489830508474576","0.505"
"9","0.736","0.3632941176470588","0.02164705882352941","0.14200000000000002","0.01","0.01","0.01","0.01","0.01","0.01","1.01","0.175","0.13774193548387098","0.7847826086956522","0.24491525423728816","0.8489830508474576","0.505"
"8","0.8718823529411764","0.5496470588235294","0.9572941176470589","0.17305882352941176","0.01","0.01","0.01","0.01","0.01","0.01","1.01","0.175","0.13774193548387098","0.7847826086956522","0.24491525423728816","0.8489830508474576","0.505"
"2","0.5884705882352942","0.19247058823529414","0.9650588235294117","0.21964705882352942","1.01","0.01","0.01","0.01","0.01","0.01","0.01","0.175","0.13774193548387098","0.7847826086956522","0.24491525423728816","0.8489830508474576","0.505"
"7","0.7010588235294117","0.22741176470588237","0.47200000000000003","0.6117647058823529","0.01","0.01","0.01","0.01","0.01","0.01","1.01","0.175","0.13774193548387098","0.7847826086956522","0.24491525423728816","0.8489830508474576","0.505"
"5","0.7282352941176471","0.2856470588235294","0.0371764705882353","0.7010588235294117","0.01","0.01","1.01","0.01","0.01","0.01","0.01","0.175","0.13774193548387098","0.7847826086956522","0.24491525423728816","0.8489830508474576","0.505"
"1","0.8990588235294118","0.07211764705882352","0.1148235294117647","0.7243529411764705","0.01","0.01","1.01","0.01","0.01","0.01","0.01","0.175","0.13774193548387098","0.7847826086956522","0.24491525423728816","0.8489830508474576","0.505"
"6","0.2856470588235294","0.8291764705882353","0.9378823529411765","0.7748235294117647","0.01","0.01","0.01","1.01","0.01","0.01","0.01","0.175","0.13774193548387098","0.7847826086956522","0.24491525423728816","0.8489830508474576","0.505"
"4","0.11094117647058822","0.07988235294117646","0.5457647058823529","0.5962352941176471","0.01","0.01","0.01","1.01","0.01","0.01","0.01","0.175","0.13774193548387098","0.7847826086956522","0.24491525423728816","0.8489830508474576","0.505"
"4","0.5768235294117646","0.9805882352941176","0.044941176470588234","0.044941176470588234","0.01","0.01","0.01","0.01","1.01","0.01","0.01","0.175","0.13774193548387098","0.7847826086956522","0.24491525423728816","0.8489830508474576","0.505"
"0","0.7204705882352941","0.7088235294117647","1.0","0.08376470588235294","0.01","0.01","0.01","0.01","0.01","0.01","1.01","0.175","0.13774193548387098","0.7847826086956522","0.24491525423728816","0.8489830508474576","0.505"
"9","0.17305882352941176","0.2351764705882353","0.274","0.9534117647058823","0.01","0.01","0.01","0.01","1.01","0.01","0.01","0.175","0.13774193548387098","0.7847826086956522","0.24491525423728816","0.8489830508474576","0.505"
"0","0.6001176470588235","0.2584705882352941","0.3594117647058824","0.08764705882352941","0.01","0.01","0.01","0.01","0.01","0.01","1.01","0.175","0.13774193548387098","0.7847826086956522","0.24491525423728816","0.8657627118644068","0.505"
"4","0.6234117647058823","0.4487058823529412","0.2934117647058823","0.2390588235294118","0.01","1.01","0.01","0.01","0.01","0.01","0.01","0.175","0.13774193548387098","0.7847826086956522","0.24491525423728816","0.8657627118644068","0.505"
"0","0.5535294117647059","0.4525882352941177","0.4487058823529412","0.31670588235294117","0.01","0.01","0.01","0.01","1.01","0.01","0.01","0.175","0.13774193548387098","0.7847826086956522","0.24491525423728816","0.8657627118644068","0.505"
"6","0.1963529411764706","0.9378823529411765","0.9572941176470589","0.9534117647058823","0.01","0.01","0.01","1.01","0.01","0.01","0.01","0.175","0.13774193548387098","0.7847826086956522","0.24491525423728816","0.8657627118644068","0.505"
"0","0.7010588235294117","0.9456470588235294","0.7282352941176471","0.4681176470588236","0.01","0.01","1.01","0.01","0.01","0.01","0.01","0.175","0.13774193548387098","0.7847826086956522","0.24491525423728816","0.8657627118644068","0.505"
"9","0.5651764705882353","0.7631764705882352","0.4254117647058824","0.6350588235294118","0.01","1.01","0.01","0.01","0.01","0.01","0.01","0.175","0.13774193548387098","0.7847826086956522","0.24491525423728816","0.8657627118644068","0.505"
"5","0.3982352941176471","0.7321176470588235","0.5612941176470588","0.1963529411764706","0.01","1.01","0.01","0.01","0.01","0.01","0.01","0.175","0.13774193548387098","0.7847826086956522","0.24491525423728816","0.8657627118644068","0.505"
"0","0.4797647058823529","0.19247058823529414","0.8214117647058823","0.6350588235294118","0.01","1.01","0.01","0.01","0.01","0.01","0.01","0.175","0.13774193548387098","0.7847826086956522","0.24491525423728816","0.8657627118644068","0.505"
"9","0.7903529411764706","0.9611764705882353","0.1458823529411765","0.3283529411764706","0.01","0.01","0.01","1.01","0.01","0.01","0.01","0.175","0.13774193548387098","0.7847826086956522","0.24491525423728816","0.8657627118644068","0.505"
"6","0.2972941176470589","0.3749411764705883","0.8136470588235294","0.09152941176470587","0.01","0.01","0.01","1.01","0.01","0.01","0.01","0.175","0.13774193548387098","0.7847826086956522","0.24491525423728816","0.8657627118644068","0.505"
"1","0.4525882352941177","0.33999999999999997","0.604","0.044941176470588234","0.01","0.01","0.01","0.01","0.01","0.01","1.01","0.175","0.13774193548387098","0.7847826086956522","0.24491525423728816","0.8657627118644068","0.505"
"1","0.9301176470588236","0.25458823529411767","0.8524705882352941","0.7825882352941177","0.01","0.01","0.01","0.01","1.01","0.01","0.01","0.175","0.13774193548387098","0.7847826086956522","0.24491525423728816","0.8657627118644068","0.505"
"3","0.9534117647058823","0.7554117647058823","0.11094117647058822","0.33999999999999997","0.01","0.01","1.01","0.01","0.01","0.01","0.01","0.175","0.13774193548387098","0.7847826086956522","0.24491525423728816","0.882542372881356","0.505"
"3","0.12258823529411764","0.9495294117647058","0.6078823529411764","0.42152941176470593","0.01","1.01","0.01","0.01","0.01","0.01","0.01","0.175","0.13774193548387098","0.7847826086956522","0.24491525423728816","0.882542372881356","0.505"
"1","0.5302352941176471","0.060470588235294116","0.7476470588235294","0.6078823529411764","0.01","0.01","0.01","0.01","0.01","1.01","0.01","0.175","0.13774193548387098","0.7847826086956522","0.24491525423728816","0.882542372881356","0.505"
"0","0.794235294117647","0.5962352941176471","0.8718823529411764","0.8291764705882353","0.01","0.01","1.01","0.01","0.01","0.01","0.01","0.175","0.13774193548387098","0.7847826086956522","0.24491525423728816","0.882542372881356","0.505"
"6","0.7554117647058823","0.860235294117647","0.8097647058823529","0.6855294117647059","0.01","0.01","0.01","0.01","0.01","0.01","1.01","0.175","0.13774193548387098","0.7847826086956522","0.24491525423728816","0.882542372881356","0.505"
"2","0.6932941176470588","0.041058823529411766","0.8291764705882353","0.934","0.01","0.01","0.01","1.01","0.01","0.01","0.01","0.175","0.13774193548387098","0.7847826086956522","0.24491525423728816","0.882542372881356","0.505"
"3","0.01","0.2390588235294118","0.2856470588235294","0.7709411764705882","0.01","0.01","1.01","0.01","0.01","0.01","0.01","0.175","0.13774193548387098","0.7847826086956522","0.24491525423728816","0.882542372881356","0.505"
"0","0.8718823529411764","0.18082352941176472","0.3244705882352941","0.7204705882352941","0.01","0.01","1.01","0.01","0.01","0.01","0.01","0.175","0.13774193548387098","0.7847826086956522","0.24491525423728816","0.882542372881356","0.505"
"0","0.01","0.406","0.5729411764705882","0.09152941176470587","0.01","1.01","0.01","0.01","0.01","0.01","0.01","0.175","0.13774193548387098","0.7847826086956522","0.24491525423728816","0.882542372881356","0.505"
"1","0.9262352941176472","0.4797647058823529","0.044941176470588234","0.24294117647058824","0.01","0.01","0.01","0.01","0.01","0.01","1.01","0.175","0.13774193548387098","0.7847826086956522","0.24491525423728816","0.882542372881356","0.505"
"5","0.8874117647058823","0.9223529411764705","0.26623529411764707","0.029411764705882353","0.01","1.01","0.01","0.01","0.01","0.01","0.01","0.175","0.13774193548387098","0.7847826086956522","0.24491525423728816","0.882542372881356","0.505"
"8","0.662235294117647","0.9495294117647058","0.03329411764705882","0.5612941176470588","0.01","0.01","0.01","0.01","0.01","1.01","0.01","0.175","0.13774193548387098","0.7847826086956522","0.24491525423728816","0.882542372881356","0.505"
"6","0.9728235294117646","0.041058823529411766","0.33999999999999997","0.6389411764705882","0.01","0.01","0.01","0.01","1.01","0.01","0.01","0.175","0.13774193548387098","0.7847826086956522","0.24491525423728816","0.8993220338983051","0.505"
"0","0.934","0.5108235294117647","0.538","0.08376470588235294","0.01","0.01","0.01","0.01","1.01","0.01","0.01","0.175","0.13774193548387098","0.7847826086956522","0.24491525423728816","0.8993220338983051","0.505"
"0","0.5030588235294118","0.9883529411764707","0.07988235294117646","0.26623529411764707","0.01","0.01","0.01","0.01","0.01","1.01","0.01","0.175","0.13774193548387098","0.7847826086956522","0.24491525423728816","0.8993220338983051","0.505"
"0","0.5729411764705882","0.5185882352941176","0.16141176470588237","0.9922352941176471","0.01","1.01","0.01","0.01","0.01","0.01","0.01","0.175","0.13774193548387098","0.7847826086956522","0.24491525423728816","0.8993220338983051","0.505"
"4","0.5496470588235294","0.25070588235294117","0.6078823529411764","0.1303529411764706","0.01","0.01","0.01","0.01","0.01","1.01","0.01","0.175","0.13774193548387098","0.7847826086956522","0.24491525423728816","0.8993220338983051","0.505"
"0","0.6738823529411764","0.1303529411764706","0.9883529411764707","0.4370588235294118","0.01","0.01","0.01","0.01","0.01","0.01","1.01","0.175","0.13774193548387098","0.7847826086956522","0.24491525423728816","0.8993220338983051","0.505"
"8","0.934","0.1847058823529412","0.2390588235294118","0.3128235294117647","0.01","0.01","0.01","0.01","0.01","0.01","1.01","0.175","0.13774193548387098","0.7847826086956522","0.24491525423728816","0.8993220338983051","0.505"
"9","0.25458823529411767","0.7204705882352941","0.3710588235294118","0.05270588235294118","1.01","0.01","0.01","0.01","0.01","0.01","0.01","0.175","0.13774193548387098","0.7847826086956522","0.24491525423728816","0.8993220338983051","0.505"
"7","0.7010588235294117","0.4098823529411765","0.7321176470588235","0.9883529411764707","0.01","0.01","0.01","0.01","0.01","0.01","1.01","0.175","0.13774193548387098","0.7847826086956522","0.24491525423728816","0.8993220338983051","0.505"
"7","0.35552941176470587","0.538","0.7748235294117647","0.10317647058823529","1.01","0.01","0.01","0.01","0.01","0.01","0.01","0.175","0.13774193548387098","0.7847826086956522","0.24491525423728816","0.8993220338983051","0.505"
"2","0.7825882352941177","0.19247058823529414","0.8214117647058823","0.47200000000000003","1.01","0.01","0.01","0.01","0.01","0.01","0.01","0.175","0.13774193548387098","0.7847826086956522","0.24491525423728816","0.9161016949152543","0.505"
"3","0.18082352941176472","0.7088235294117647","0.4681176470588236","0.7321176470588235","0.01","0.01","0.01","1.01","0.01","0.01","0.01","0.175","0.13774193548387098","0.7847826086956522","0.24491525423728816","0.9161016949152543","0.505"
"8","0.6234117647058823","0.6699999999999999","0.1847058823529412","0.2584705882352941","0.01","0.01","1.01","0.01","0.01","0.01","0.01","0.175","0.13774193548387098","0.7847826086956522","0.24491525423728816","0.9161016949152543","0.505"
"2","0.06435294117647058","0.33999999999999997","0.05270588235294118","0.5651764705882353","1.01","0.01","0.01","0.01","0.01","0.01","0.01","0.175","0.13774193548387098","0.7847826086956522","0.24491525423728816","0.9161016949152543","0.505"
"3","0.01388235294117647","0.7165882352941176","0.2934117647058823","0.8252941176470587","0.01","1.01","0.01","0.01","0.01","0.01","0.01","0.175","0.13774193548387098","0.7847826086956522","0.24491525423728816","0.9161016949152543","0.505"
"4","0.7903529411764706","0.7592941176470588","0.8252941176470587","0.7592941176470588","0.01","0.01","0.01","0.01","1.01","0.01","0.01","0.175","0.13774193548387098","0.7847826086956522","0.24491525423728816","0.9161016949152543","0.505"
"1","0.7088235294117647","1.0","0.18082352941176472","0.2235294117647059","0.01","0.01","0.01","1.01","0.01","0.01","0.01","0.175","0.13774193548387098","0.7847826086956522","0.24491525423728816","0.9161016949152543","0.505"
"9","0.4758823529411765","0.8408235294117647","0.9922352941176471","0.5263529411764706","0.01","0.01","0.01","1.01","0.01","0.01","0.01","0.175","0.13774193548387098","0.7847826086956522","0.24491525423728816","0.9161016949152543","0.505"
"2","0.6156470588235294","0.8408235294117647","0.30505882352941177","0.3322352941176471","0.01","0.01","1.01","0.01","0.01","0.01","0.01","0.175","0.13774193548387098","0.7847826086956522","0.24491525423728816","0.9161016949152543","0.505"
"0","0.8058823529411765","0.8757647058823529","0.08764705882352941","0.8951764705882354","0.01","0.01","0.01","0.01","0.01","0.01","1.01","0.175","0.13774193548387098","0.7847826086956522","0.24491525423728816","0.9161016949152543","0.505"
"9","0.7631764705882352","0.4021176470588235","0.6428235294117647","0.3516470588235294","0.01","1.01","0.01","0.01","0.01","0.01","0.01","0.175","0.13774193548387098","0.7847826086956522","0.24491525423728816","0.9161016949152543","0.505"
"7","0.2235294117647059","0.41764705882352937","0.3283529411764706","0.7321176470588235","0.01","1.01","0.01","0.01","0.01","0.01","0.01","0.175","0.13774193548387098","0.7847826086956522","0.24491525423728816","0.9161016949152543","0.505"
"2","0.9029411764705882","0.662235294117647","0.9728235294117646","0.4914117647058823","0.01","1.01","0.01","0.01","0.01","0.01","0.01","0.175","0.13774193548387098","0.7847826086956522","0.24491525423728816","0.9328813559322033","0.505"
"6","0.02164705882352941","0.3283529411764706","0.28952941176470587","0.20800000000000002","0.01","0.01","0.01","0.01","0.01","1.01","0.01","0.175","0.13774193548387098","0.7847826086956522","0.24491525423728816","0.9328813559322033","0.505"
"3","0.01388235294117647","0.2972941176470589","0.5884705882352942","0.8718823529411764","0.01","0.01","0.01","1.01","0.01","0.01","0.01","0.175","0.13774193548387098","0.7847826086956522","0.24491525423728816","0.9328813559322033","0.505"
"6","0.6272941176470588","0.20800000000000002","0.1575294117647059","0.9107058823529411","0.01","0.01","0.01","1.01","0.01","0.01","0.01","0.175","0.13774193548387098","0.7847826086956522","0.24491525423728816","0.9328813559322033","0.505"
"9","0.281764705882353","0.12258823529411764","0.09929411764705881","0.08376470588235294","0.01","0.01","0.01","0.01","1.01","0.01","0.01","0.175","0.13774193548387098","0.7847826086956522","0.24491525423728816","0.9328813559322033","0.505"
"3","0.5302352941176471","0.13811764705882354","0.6117647058823529","0.05270588235294118","0.01","0.01","0.01","0.01","1.01","0.01","0.01","0.175","0.13774193548387098","0.7847826086956522","0.24491525423728816","0.9328813559322033","0.505"
"3","0.2235294117647059","0.7515294117647059","0.3361176470588235","0.5768235294117646","1.01","0.01","0.01","0.01","0.01","0.01","0.01","0.175","0.13774193548387098","0.7847826086956522","0.24491525423728816","0.9328813559322033","0.505"
"5","0.03329411764705882","0.4098823529411765","0.0371764705882353","0.5224705882352941","0.01","1.01","0.01","0.01","0.01","0.01","0.01","0.175","0.13774193548387098","0.7847826086956522","0.24491525423728816","0.9328813559322033","0.505"
"2","0.8214117647058823","0.14200000000000002","0.21964705882352942","0.8912941176470588","1.01","0.01","0.01","0.01","0.01","0.01","0.01","0.175","0.13774193548387098","0.7847826086956522","0.24491525423728816","0.9328813559322033","0.505"
"2","0.5030588235294118","0.03329411764705882","0.01388235294117647","0.9107058823529411","0.01","0.01","0.01","0.01","0.01","0.01","1.01","0.175","0.13774193548387098","0.7847826086956522","0.24491525423728816","0.9328813559322033","0.505"
"6","0.17694117647058824","0.19247058823529414","0.5457647058823529","0.5807058823529412","0.01","0.01","0.01","1.01","0.01","0.01","0.01","0.175","0.13774193548387098","0.7847826086956522","0.24491525423728816","0.9496610169491526","0.505"
"0","0.4797647058823529","0.6738823529411764","0.01","0.5185882352941176","0.01","0.01","0.01","0.01","0.01","0.01","1.01","0.175","0.13774193548387098","0.7847826086956522","0.24491525423728816","0.9496610169491526","0.505"
"9","0.21188235294117647","0.24294117647058824","0.1148235294117647","0.13811764705882354","1.01","0.01","0.01","0.01","0.01","0.01","0.01","0.175","0.13774193548387098","0.7847826086956522","0.24491525423728816","0.9496610169491526","0.505"
"0","0.21188235294117647","0.4525882352941177","0.1458823529411765","0.4292941176470588","0.01","0.01","0.01","0.01","1.01","0.01","0.01","0.175","0.13774193548387098","0.7847826086956522","0.24491525423728816","0.9496610169491526","0.505"
"3","0.7049411764705882","0.44482352941176473","0.8136470588235294","0.49917647058823533","0.01","1.01","0.01","0.01","0.01","0.01","0.01","0.175","0.13774193548387098","0.7847826086956522","0.24491525423728816","0.9496610169491526","0.505"
"2","0.11094117647058822","0.28952941176470587","0.10317647058823529","0.6661176470588235","0.01","0.01","0.01","0.01","0.01","1.01","0.01","0.175","0.13774193548387098","0.7847826086956522","0.24491525423728816","0.9496610169491526","0.505"
"7","0.5030588235294118","0.7554117647058823","0.08376470588235294","0.4487058823529412","0.01","0.01","1.01","0.01","0.01","0.01","0.01","0.175","0.13774193548387098","0.7847826086956522","0.24491525423728816","0.9496610169491526","0.505"
"7","0.3283529411764706","0.5651764705882353","0.802","0.4331764705882353","0.01","1.01","0.01","0.01","0.01","0.01","0.01","0.175","0.13774193548387098","0.7847826086956522","0.24491525423728816","0.9496610169491526","0.505"
"0","0.7282352941176471","0.22741176470588237","0.4914117647058823","0.4525882352941177","0.01","1.01","0.01","0.01","0.01","0.01","0.01","0.175","0.13774193548387098","0.7847826086956522","0.24491525423728816","0.9664406779661017","0.505"
"2","0.3361176470588235","0.281764705882353","0.8097647058823529","0.802","0.01","0.01","0.01","0.01","1.01","0.01","0.01","0.175","0.13774193548387098","0.7847826086956522","0.24491525423728816","0.9664406779661017","0.505"
"3","0.029411764705882353","0.01","0.13811764705882354","0.4137647058823529","0.01","0.01","0.01","0.01","0.01","1.01","0.01","0.175","0.13774193548387098","0.7847826086956522","0.24491525423728816","0.9664406779661017","0.505"
"0","0.01","0.3128235294117647","0.868","0.49917647058823533","0.01","0.01","0.01","1.01","0.01","0.01","0.01","0.175","0.13774193548387098","0.7847826086956522","0.24491525423728816","0.9664406779661017","0.505"
"1","0.09541176470588235","0.9029411764705882","0.3982352941176471","0.1148235294117647","0.01","0.01","0.01","0.01","0.01","0.01","1.01","0.175","0.13774193548387098","0.7847826086956522","0.24491525423728816","0.983220338983051","0.505"
"6","0.26235294117647057","0.8058823529411765","0.6738823529411764","0.5147058823529411","0.01","0.01","1.01","0.01","0.01","0.01","0.01","0.175","0.13774193548387098","0.7847826086956522","0.24491525423728816","0.983220338983051","0.505"
"3","0.4525882352941177","0.9572941176470589","0.8951764705882354","0.5574117647058824","1.01","0.01","0.01","0.01","0.01","0.01","0.01","0.175","0.13774193548387098","0.7847826086956522","0.24491525423728816","0.983220338983051","0.505"
"8","0.7398823529411765","0.4331764705882353","0.662235294117647","0.6350588235294118","0.01","1.01","0.01","0.01","0.01","0.01","0.01","0.175","0.13774193548387098","0.7847826086956522","0.24491525423728816","0.983220338983051","0.505"
"7","0.5302352941176471","0.20023529411764707","0.9029411764705882","0.01","0.01","1.01","0.01","0.01","0.01","0.01","0.01","0.175","0.13774193548387098","0.7847826086956522","0.24491525423728816","0.983220338983051","0.505"
"5","0.3904705882352941","0.2235294117647059","0.07211764705882352","0.029411764705882353","1.01","0.01","0.01","0.01","0.01","0.01","0.01","0.175","0.13774193548387098","0.7847826086956522","0.24491525423728816","0.983220338983051","0.505"
"6","0.6234117647058823","0.7282352941176471","0.5535294117647059","0.9611764705882353","0.01","0.01","0.01","1.01","0.01","0.01","0.01","0.175","0.13774193548387098","0.7847826086956522","0.24491525423728816","1.0","0.505"
"9","0.7709411764705882","0.08764705882352941","0.918470588235294","0.9534117647058823","0.01","0.01","0.01","0.01","0.01","0.01","1.01","0.175","0.13774193548387098","0.7847826086956522","0.24491525423728816","1.0","0.505"
"5","0.7476470588235294","0.6234117647058823","0.918470588235294","0.7321176470588235","0.01","0.01","1.01","0.01","0.01","0.01","0.01","0.175","0.13774193548387098","0.7847826086956522","0.24491525423728816","1.0","0.505"
"8","0.8369411764705883","0.076","0.11094117647058822","0.868","0.01","1.01","0.01","0.01","0.01","0.01","0.01","0.175","0.13774193548387098","0.7847826086956522","0.24491525423728816","1.0","0.505"
"3","0.5729411764705882","0.3283529411764706","0.9805882352941176","0.21964705882352942","0.01","0.01","1.01","0.01","0.01","0.01","0.01","0.175","0.13774193548387098","0.7847826086956522","0.24491525423728816","1.0","0.505"
"4","0.736","0.7476470588235294","0.6272941176470588","0.3361176470588235","0.01","0.01","1.01","0.01","0.01","0.01","0.01","0.175","0.13774193548387098","0.7847826086956522","0.24491525423728816","1.0","0.505"
"4","0.6272941176470588","0.2390588235294118","0.5030588235294118","0.5690588235294117","0.01","0.01","0.01","0.01","0.01","0.01","1.01","0.175","0.13774193548387098","0.7847826086956522","0.24491525423728816","1.0","0.505"
"0","0.07211764705882352","0.5302352941176471","0.5108235294117647","0.3904705882352941","0.01","0.01","0.01","1.01","0.01","0.01","0.01","0.175","0.13774193548387098","0.7847826086956522","0.24491525423728816","1.0","0.505"
"4","0.8252941176470587","0.04882352941176471","0.8097647058823529","0.4487058823529412","0.01","0.01","0.01","1.01","0.01","0.01","0.01","0.175","0.13774193548387098","0.7847826086956522","0.26169491525423727","0.01","0.505"
"0","0.5651764705882353","0.9068235294117647","0.23129411764705884","0.9572941176470589","0.01","0.01","0.01","0.01","0.01","1.01","0.01","0.175","0.13774193548387098","0.7847826086956522","0.26169491525423727","0.01","0.505"
"3","0.5457647058823529","0.21576470588235297","0.1264705882352941","0.7321176470588235","0.01","0.01","0.01","0.01","0.01","1.01","0.01","0.175","0.13774193548387098","0.7847826086956522","0.26169491525423727","0.01","0.505"
"2","0.27788235294117647","0.4758823529411765","0.6001176470588235","0.4603529411764706","0.01","0.01","1.01","0.01","0.01","0.01","0.01","0.175","0.13774193548387098","0.7847826086956522","0.26169491525423727","0.01","0.505"
"1","0.20800000000000002","0.5962352941176471","0.41764705882352937","0.5263529411764706","1.01","0.01","0.01","0.01","0.01","0.01","0.01","0.175","0.13774193548387098","0.7847826086956522","0.26169491525423727","0.01","0.505"
"1","0.3322352941176471","0.07988235294117646","0.8796470588235294","0.4254117647058824","0.01","0.01","0.01","0.01","0.01","0.01","1.01","0.175","0.13774193548387098","0.7847826086956522","0.26169491525423727","0.01","0.505"
"9","0.2856470588235294","0.6699999999999999","0.5962352941176471","0.08376470588235294","0.01","0.01","0.01","0.01","1.01","0.01","0.01","0.175","0.13774193548387098","0.7847826086956522","0.26169491525423727","0.01","0.505"
"7","0.7592941176470588","0.5651764705882353","0.281764705882353","0.5069411764705882","0.01","0.01","1.01","0.01","0.01","0.01","0.01","0.175","0.13774193548387098","0.7847826086956522","0.26169491525423727","0.01","0.505"
"7","0.5457647058823529","0.03329411764705882","0.1847058823529412","0.5651764705882353","0.01","0.01","0.01","1.01","0.01","0.01","0.01","0.175","0.13774193548387098","0.7847826086956522","0.26169491525423727","0.01","0.505"
"1","0.09541176470588235","0.13811764705882354","0.9262352941176472","0.3710588235294118","0.01","0.01","1.01","0.01","0.01","0.01","0.01","0.175","0.13774193548387098","0.7847826086956522","0.26169491525423727","0.01","0.505"
"4","0.7321176470588235","0.5845882352941177","0.12258823529411764","0.3749411764705883","0.01","0.01","0.01","0.01","0.01","1.01","0.01","0.175","0.13774193548387098","0.7847826086956522","0.26169491525423727","0.026779661016949154","0.505"
"8","0.09152941176470587","0.4914117647058823","0.24294117647058824","0.09929411764705881","0.01","0.01","0.01","0.01","0.01","0.01","1.01","0.175","0.13774193548387098","0.7847826086956522","0.26169491525423727","0.026779661016949154","0.505"
"0","0.9650588235294117","0.736","0.743764705882353","0.8718823529411764","1.01","0.01","0.01","0.01","0.01","0.01","0.01","0.175","0.13774193548387098","0.7847826086956522","0.26169491525423727","0.026779661016949154","0.505"
"4","0.9728235294117646","1.0","0.1847058823529412","0.3361176470588235","0.01","0.01","1.01","0.01","0.01","0.01","0.01","0.175","0.13774193548387098","0.7847826086956522","0.26169491525423727","0.026779661016949154","0.505"
"1","0.20023529411764707","0.7554117647058823","0.5185882352941176","0.03329411764705882","0.01","0.01","0.01","0.01","0.01","1.01","0.01","0.175","0.13774193548387098","0.7847826086956522","0.26169491525423727","0.026779661016949154","0.505"
"4","0.06823529411764706","0.4370588235294118","0.16529411764705884","0.9534117647058823","1.01","0.01","0.01","0.01","0.01","0.01","0.01","0.175","0.13774193548387098","0.7847826086956522","0.26169491525423727","0.026779661016949154","0.505"
"2","0.8796470588235294","0.01776470588235294","0.8058823529411765","0.464235294117647","1.01","0.01","0.01","0.01","0.01","0.01","0.01","0.175","0.13774193548387098","0.7847826086956522","0.26169491525423727","0.026779661016949154","0.505"
"9","0.8291764705882353","0.9961176470588236","0.02164705882352941","0.8369411764705883","0.01","1.01","0.01","0.01","0.01","0.01","0.01","0.175","0.13774193548387098","0.7847826086956522","0.26169491525423727","0.026779661016949154","0.505"
"0","0.7398823529411765","0.9301176470588236","0.3594117647058824","0.5185882352941176","0.01","0.01","0.01","0.01","0.01","1.01","0.01","0.175","0.13774193548387098","0.7847826086956522","0.26169491525423727","0.026779661016949154","0.505"
"7","0.9068235294117647","0.30505882352941177","0.7010588235294117","0.3322352941176471","0.01","0.01","1.01","0.01","0.01","0.01","0.01","0.175","0.13774193548387098","0.7847826086956522","0.26169491525423727","0.026779661016949154","0.505"
"2","0.8718823529411764","0.17694117647058824","0.2701176470588236","0.7592941176470588","1.01","0.01","0.01","0.01","0.01","0.01","0.01","0.175","0.13774193548387098","0.7847826086956522","0.26169491525423727","0.026779661016949154","0.505"
"5","0.5807058823529412","0.8835294117647059","0.16141176470588237","0.6661176470588235","0.01","0.01","0.01","0.01","1.01","0.01","0.01","0.175","0.13774193548387098","0.7847826086956522","0.26169491525423727","0.026779661016949154","0.505"
"1","0.8408235294117647","0.060470588235294116","0.1303529411764706","0.9611764705882353","0.01","1.01","0.01","0.01","0.01","0.01","0.01","0.175","0.13774193548387098","0.7847826086956522","0.26169491525423727","0.043559322033898305","0.505"
"6","0.5457647058823529","0.8796470588235294","0.7165882352941176","0.3632941176470588","0.01","0.01","1.01","0.01","0.01","0.01","0.01","0.175","0.13774193548387098","0.7847826086956522","0.26169491525423727","0.043559322033898305","0.505"
"6","0.8757647058823529","0.9689411764705882","0.3011764705882353","0.17305882352941176","0.01","0.01","1.01","0.01","0.01","0.01","0.01","0.175","0.13774193548387098","0.7847826086956522","0.26169491525423727","0.043559322033898305","0.505"
"4","0.1575294117647059","0.8408235294117647","0.8951764705882354","0.42152941176470593","0.01","0.01","1.01","0.01","0.01","0.01","0.01","0.175","0.13774193548387098","0.7847826086956522","0.26169491525423727","0.043559322033898305","0.505"
"5","0.4021176470588235","0.7903529411764706","0.9456470588235294","0.3089411764705882","0.01","0.01","0.01","0.01","0.01","1.01","0.01","0.175","0.13774193548387098","0.7847826086956522","0.26169491525423727","0.043559322033898305","0.505"
"1","0.5302352941176471","0.6583529411764706","0.7049411764705882","0.41764705882352937","0.01","0.01","1.01","0.01","0.01","0.01","0.01","0.175","0.13774193548387098","0.7847826086956522","0.26169491525423727","0.043559322033898305","0.505"
"1","0.8252941176470587","0.1847058823529412","0.6661176470588235","0.4137647058823529","0.01","0.01","0.01","0.01","0.01","1.01","0.01","0.175","0.13774193548387098","0.7847826086956522","0.26169491525423727","0.043559322033898305","0.505"
"5","0.5108235294117647","0.4758823529411765","0.7321176470588235","0.7321176470588235","1.01","0.01","0.01","0.01","0.01","0.01","0.01","0.175","0.13774193548387098","0.7847826086956522","0.26169491525423727","0.043559322033898305","0.505"
"4","0.6389411764705882","0.5962352941176471","0.13811764705882354","0.8330588235294119","0.01","0.01","0.01","0.01","0.01","1.01","0.01","0.175","0.13774193548387098","0.7847826086956522","0.26169491525423727","0.043559322033898305","0.505"
"5","0.10705882352941176","0.6311764705882353","0.7748235294117647","0.662235294117647","0.01","1.01","0.01","0.01","0.01","0.01","0.01","0.175","0.13774193548387098","0.7847826086956522","0.26169491525423727","0.043559322033898305","0.505"
"1","0.8369411764705883","0.05270588235294118","0.9767058823529412","0.4409411764705882","0.01","1.01","0.01","0.01","0.01","0.01","0.01","0.175","0.13774193548387098","0.7847826086956522","0.26169491525423727","0.060338983050847464","0.505"
"1","0.6661176470588235","0.918470588235294","0.9301176470588236","0.4409411764705882","0.01","0.01","0.01","0.01","1.01","0.01","0.01","0.175","0.13774193548387098","0.7847826086956522","0.26169491525423727","0.060338983050847464","0.505"
"9","0.3205882352941177","0.09152941176470587","0.11094117647058822","0.7554117647058823","1.01","0.01","0.01","0.01","0.01","0.01","0.01","0.175","0.13774193548387098","0.7847826086956522","0.26169491525423727","0.060338983050847464","0.505"
"4","0.3594117647058824","0.28952941176470587","0.20800000000000002","0.4603529411764706","0.01","1.01","0.01","0.01","0.01","0.01","0.01","0.175","0.13774193548387098","0.7847826086956522","0.26169491525423727","0.060338983050847464","0.505"
"5","0.17305882352941176","0.01","0.3749411764705883","0.3283529411764706","0.01","0.01","0.01","1.01","0.01","0.01","0.01","0.175","0.13774193548387098","0.7847826086956522","0.26169491525423727","0.060338983050847464","0.505"
"5","0.9961176470588236","0.10705882352941176","0.538","0.6894117647058824","0.01","1.01","0.01","0.01","0.01","0.01","0.01","0.175","0.13774193548387098","0.7847826086956522","0.26169491525423727","0.060338983050847464","0.505"
"3","0.6156470588235294","0.9650588235294117","0.9922352941176471","0.3322352941176471","0.01","0.01","0.01","0.01","0.01","0.01","1.01","0.175","0.13774193548387098","0.7847826086956522","0.26169491525423727","0.060338983050847464","0.505"
"6","0.5962352941176471","0.6583529411764706","0.2351764705882353","0.44482352941176473","0.01","0.01","0.01","0.01","0.01","1.01","0.01","0.175","0.13774193548387098","0.7847826086956522","0.26169491525423727","0.060338983050847464","0.505"
"7","0.9107058823529411","0.17694117647058824","0.9922352941176471","0.4331764705882353","0.01","0.01","1.01","0.01","0.01","0.01","0.01","0.175","0.13774193548387098","0.7847826086956522","0.26169491525423727","0.060338983050847464","0.505"
"0","0.3128235294117647","0.8214117647058823","0.8447058823529412","0.044941176470588234","0.01","0.01","0.01","0.01","1.01","0.01","0.01","0.175","0.13774193548387098","0.7847826086956522","0.26169491525423727","0.0771186440677966","0.505"
"4","0.1303529411764706","0.2584705882352941","0.3788235294117647","0.2972941176470589","0.01","0.01","0.01","0.01","0.01","1.01","0.01","0.175","0.13774193548387098","0.7847826086956522","0.26169491525423727","0.0771186440677966","0.505"
"4","0.9301176470588236","0.7787058823529412","0.4331764705882353","0.3361176470588235","0.01","0.01","1.01","0.01","0.01","0.01","0.01","0.175","0.13774193548387098","0.7847826086956522","0.26169491525423727","0.0771186440677966","0.505"
"4","0.6156470588235294","0.4525882352941177","0.5535294117647059","0.076","0.01","0.01","0.01","0.01","1.01","0.01","0.01","0.175","0.13774193548387098","0.7847826086956522","0.26169491525423727","0.0771186440677966","0.505"
"2","0.9961176470588236","0.4137647058823529","0.3128235294117647","0.9961176470588236","0.01","0.01","0.01","0.01","0.01","0.01","1.01","0.175","0.13774193548387098","0.7847826086956522","0.26169491525423727","0.0771186440677966","0.505"
"7","0.060470588235294116","0.2856470588235294","0.9262352941176472","0.860235294117647","1.01","0.01","0.01","0.01","0.01","0.01","0.01","0.175","0.13774193548387098","0.7847826086956522","0.26169491525423727","0.0771186440677966","0.505"
"5","0.2584705882352941","0.3904705882352941","0.11094117647058822","0.5030588235294118","0.01","0.01","0.01","0.01","0.01","0.01","1.01","0.175","0.13774193548387098","0.7847826086956522","0.26169491525423727","0.0771186440677966","0.505"
"6","0.604","0.9650588235294117","0.2856470588235294","0.07211764705882352","0.01","0.01","0.01","0.01","0.01","1.01","0.01","0.175","0.13774193548387098","0.7847826086956522","0.26169491525423727","0.0771186440677966","0.505"
"3","0.7903529411764706","0.4758823529411765","0.6932941176470588","0.3438823529411765","0.01","0.01","1.01","0.01","0.01","0.01","0.01","0.175","0.13774193548387098","0.7847826086956522","0.26169491525423727","0.0771186440677966","0.505"
"2","0.49529411764705883","0.9922352941176471","0.10705882352941176","0.5768235294117646","0.01","0.01","0.01","0.01","1.01","0.01","0.01","0.175","0.13774193548387098","0.7847826086956522","0.26169491525423727","0.0771186440677966","0.505"
"5","0.2701176470588236","0.19247058823529414","0.860235294117647","0.538","0.01","0.01","0.01","0.01","1.01","0.01","0.01","0.175","0.13774193548387098","0.7847826086956522","0.26169491525423727","0.0771186440677966","0.505"
"9","0.19247058823529414","0.9883529411764707","0.347764705882353","0.3516470588235294","1.01","0.01","0.01","0.01","0.01","0.01","0.01","0.175","0.13774193548387098","0.7847826086956522","0.26169491525423727","0.0771186440677966","0.505"
"0","0.9534117647058823","0.19247058823529414","0.01776470588235294","0.7748235294117647","0.01","0.01","0.01","0.01","0.01","0.01","1.01","0.175","0.13774193548387098","0.7847826086956522","0.26169491525423727","0.0771186440677966","0.505"
"0","0.01388235294117647","0.9534117647058823","0.802","0.23129411764705884","0.01","0.01","1.01","0.01","0.01","0.01","0.01","0.175","0.13774193548387098","0.7847826086956522","0.26169491525423727","0.09389830508474575","0.505"
"6","0.5457647058823529","0.26623529411764707","0.743764705882353","0.21964705882352942","0.01","0.01","0.01","1.01","0.01","0.01","0.01","0.175","0.13774193548387098","0.7847826086956522","0.26169491525423727","0.09389830508474575","0.505"
"4","0.4021176470588235","0.25070588235294117","0.3244705882352941","0.2584705882352941","0.01","0.01","0.01","0.01","1.01","0.01","0.01","0.175","0.13774193548387098","0.7847826086956522","0.26169491525423727","0.09389830508474575","0.505"
"6","0.1575294117647059","0.5224705882352941","0.28952941176470587","0.5807058823529412","1.01","0.01","0.01","0.01","0.01","0.01","0.01","0.175","0.13774193548387098","0.7847826086956522","0.26169491525423727","0.09389830508474575","0.505"
"0","0.8641176470588235","0.7321176470588235","0.3438823529411765","0.1148235294117647","0.01","0.01","0.01","0.01","0.01","0.01","1.01","0.175","0.13774193548387098","0.7847826086956522","0.26169491525423727","0.09389830508474575","0.505"
"9","0.01388235294117647","0.24294117647058824","0.8951764705882354","0.4254117647058824","0.01","0.01","1.01","0.01","0.01","0.01","0.01","0.175","0.13774193548387098","0.7847826086956522","0.26169491525423727","0.09389830508474575","0.505"
"1","0.7204705882352941","0.8252941176470587","0.06823529411764706","0.8874117647058823","0.01","0.01","0.01","0.01","1.01","0.01","0.01","0.175","0.13774193548387098","0.7847826086956522","0.26169491525423727","0.09389830508474575","0.505"
"9","0.802","0.2235294117647059","0.5612941176470588","0.5612941176470588","0.01","0.01","0.01","0.01","0.01","0.01","1.01","0.175","0.13774193548387098","0.7847826086956522","0.26169491525423727","0.09389830508474575","0.505"
"6","0.16141176470588237","0.6932941176470588","0.5224705882352941","0.17694117647058824","0.01","1.01","0.01","0.01","0.01","0.01","0.01","0.175","0.13774193548387098","0.7847826086956522","0.26169491525423727","0.09389830508474575","0.505"
"3","0.15364705882352944","0.9107058823529411","0.17305882352941176","0.6389411764705882","1.01","0.01","0.01","0.01","0.01","0.01","0.01","0.175","0.13774193548387098","0.7847826086956522","0.26169491525423727","0.09389830508474575","0.505"
"2","0.6971764705882353","0.3749411764705883","0.3089411764705882","0.8447058823529412","0.01","0.01","0.01","0.01","1.01","0.01","0.01","0.175","0.13774193548387098","0.7847826086956522","0.26169491525423727","0.09389830508474575","0.505"
"6","0.8835294117647059","0.06435294117647058","0.36717647058823527","0.8408235294117647","0.01","0.01","0.01","0.01","0.01","1.01","0.01","0.175","0.13774193548387098","0.7847826086956522","0.26169491525423727","0.09389830508474575","0.505"
"2","0.6544705882352941","0.6932941176470588","0.076","0.16529411764705884","1.01","0.01","0.01","0.01","0.01","0.01","0.01","0.175","0.13774193548387098","0.7847826086956522","0.26169491525423727","0.09389830508474575","0.505"
"5","0.1963529411764706","0.941764705882353","0.04882352941176471","0.8912941176470588","0.01","0.01","1.01","0.01","0.01","0.01","0.01","0.175","0.13774193548387098","0.7847826086956522","0.26169491525423727","0.11067796610169492","0.505"
"7","1.0","0.6971764705882353","0.7864705882352941","0.6272941176470588","0.01","0.01","0.01","0.01","1.01","0.01","0.01","0.175","0.13774193548387098","0.7847826086956522","0.26169491525423727","0.11067796610169492","0.505"
"5","0.5224705882352941","0.3594117647058824","0.7127058823529412","0.6505882352941177","0.01","0.01","0.01","1.01","0.01","0.01","0.01","0.175","0.13774193548387098","0.7847826086956522","0.26169491525423727","0.11067796610169492","0.505"
"3","0.33999999999999997","0.3982352941176471","0.10705882352941176","0.5923529411764706","0.01","0.01","0.01","0.01","1.01","0.01","0.01","0.175","0.13774193548387098","0.7847826086956522","0.26169491525423727","0.11067796610169492","0.505"
"8","0.7398823529411765","0.3904705882352941","0.274","0.8175294117647058","0.01","0.01","0.01","0.01","0.01","1.01","0.01","0.175","0.13774193548387098","0.7847826086956522","0.26169491525423727","0.11067796610169492","0.505"
"6","0.1303529411764706","0.6505882352941177","0.9689411764705882","0.2351764705882353","0.01","0.01","0.01","0.01","0.01","1.01","0.01","0.175","0.13774193548387098","0.7847826086956522","0.26169491525423727","0.11067796610169492","0.505"
"4","0.7748235294117647","0.1963529411764706","0.4525882352941177","0.736","1.01","0.01","0.01","0.01","0.01","0.01","0.01","0.175","0.13774193548387098","0.7847826086956522","0.26169491525423727","0.11067796610169492","0.505"
"4","0.7321176470588235","0.9961176470588236","0.05270588235294118","0.17305882352941176","0.01","0.01","0.01","0.01","0.01","0.01","1.01","0.175","0.13774193548387098","0.7847826086956522","0.26169491525423727","0.11067796610169492","0.505"
"7","0.7010588235294117","0.025529411764705884","0.35552941176470587","0.03329411764705882","0.01","0.01","0.01","1.01","0.01","0.01","0.01","0.175","0.13774193548387098","0.7847826086956522","0.26169491525423727","0.11067796610169492","0.505"
"7","0.8136470588235294","0.8874117647058823","0.8447058823529412","0.5612941176470588","1.01","0.01","0.01","0.01","0.01","0.01","0.01","0.175","0.13774193548387098","0.7847826086956522","0.26169491525423727","0.11067796610169492","0.505"
"7","0.1963529411764706","0.6777647058823529","0.6234117647058823","0.4021176470588235","1.01","0.01","0.01","0.01","0.01","0.01","0.01","0.175","0.13774193548387098","0.7847826086956522","0.26169491525423727","0.12745762711864408","0.505"
"1","0.9378823529411765","0.941764705882353","0.07988235294117646","0.9689411764705882","0.01","0.01","0.01","0.01","1.01","0.01","0.01","0.175","0.13774193548387098","0.7847826086956522","0.26169491525423727","0.12745762711864408","0.505"
"6","0.18082352941176472","0.7787058823529412","0.941764705882353","0.3594117647058824","0.01","0.01","0.01","0.01","0.01","0.01","1.01","0.175","0.13774193548387098","0.7847826086956522","0.26169491525423727","0.12745762711864408","0.505"
"9","0.3244705882352941","0.09929411764705881","0.8447058823529412","0.8291764705882353","0.01","0.01","0.01","0.01","0.01","1.01","0.01","0.175","0.13774193548387098","0.7847826086956522","0.26169491525423727","0.12745762711864408","0.505"
"1","0.4021176470588235","0.7554117647058823","0.3904705882352941","0.8874117647058823","0.01","1.01","0.01","0.01","0.01","0.01","0.01","0.175","0.13774193548387098","0.7847826086956522","0.26169491525423727","0.12745762711864408","0.505"
"5","0.9922352941176471","0.5263529411764706","0.5224705882352941","0.26623529411764707","0.01","0.01","0.01","0.01","0.01","1.01","0.01","0.175","0.13774193548387098","0.7847826086956522","0.26169491525423727","0.12745762711864408","0.505"
"0","0.7864705882352941","0.36717647058823527","0.6195294117647059","0.6894117647058824","0.01","1.01","0.01","0.01","0.01","0.01","0.01","0.175","0.13774193548387098","0.7847826086956522","0.26169491525423727","0.12745762711864408","0.505"
"6","0.9844705882352941","0.23129411764705884","0.3244705882352941","0.3788235294117647","0.01","0.01","0.01","0.01","0.01","1.01","0.01","0.175","0.13774193548387098","0.7847826086956522","0.26169491525423727","0.12745762711864408","0.505"
"7","0.5884705882352942","0.9068235294117647","0.44482352941176473","0.7398823529411765","1.01","0.01","0.01","0.01","0.01","0.01","0.01","0.175","0.13774193548387098","0.7847826086956522","0.26169491525423727","0.12745762711864408","0.505"
"3","0.20411764705882354","0.5535294117647059","0.4487058823529412","0.2351764705882353","0.01","0.01","1.01","0.01","0.01","0.01","0.01","0.175","0.13774193548387098","0.7847826086956522","0.26169491525423727","0.12745762711864408","0.505"
"3","0.7864705882352941","0.7981176470588235","0.3089411764705882","0.12258823529411764","0.01","1.01","0.01","0.01","0.01","0.01","0.01","0.175","0.13774193548387098","0.7847826086956522","0.26169491525423727","0.12745762711864408","0.505"
"1","0.6816470588235295","0.14976470588235294","0.1264705882352941","0.10317647058823529","0.01","0.01","1.01","0.01","0.01","0.01","0.01","0.175","0.13774193548387098","0.7847826086956522","0.26169491525423727","0.12745762711864408","0.505"
"6","0.3904705882352941","0.8175294117647058","0.1963529411764706","0.802","0.01","0.01","0.01","0.01","0.01","1.01","0.01","0.175","0.13774193548387098","0.7847826086956522","0.26169491525423727","0.14423728813559322","0.505"
"4","0.6272941176470588","0.9301176470588236","0.17305882352941176","0.9922352941176471","1.01","0.01","0.01","0.01","0.01","0.01","0.01","0.175","0.13774193548387098","0.7847826086956522","0.26169491525423727","0.14423728813559322","0.505"
"5","0.3788235294117647","0.3322352941176471","0.6311764705882353","0.5845882352941177","0.01","0.01","0.01","0.01","1.01","0.01","0.01","0.175","0.13774193548387098","0.7847826086956522","0.26169491525423727","0.14423728813559322","0.505"
"8","0.9922352941176471","0.05658823529411765","0.3516470588235294","0.8835294117647059","0.01","0.01","0.01","1.01","0.01","0.01","0.01","0.175","0.13774193548387098","0.7847826086956522","0.26169491525423727","0.14423728813559322","0.505"
"2","0.21964705882352942","0.09929411764705881","0.743764705882353","0.8563529411764705","0.01","0.01","0.01","0.01","0.01","1.01","0.01","0.175","0.13774193548387098","0.7847826086956522","0.26169491525423727","0.14423728813559322","0.505"
"9","0.860235294117647","0.06823529411764706","0.3710588235294118","0.1148235294117647","0.01","1.01","0.01","0.01","0.01","0.01","0.01","0.175","0.13774193548387098","0.7847826086956522","0.26169491525423727","0.14423728813559322","0.505"
"4","0.5768235294117646","0.25070588235294117","0.13423529411764706","0.8408235294117647","0.01","0.01","1.01","0.01","0.01","0.01","0.01","0.175","0.13774193548387098","0.7847826086956522","0.26169491525423727","0.14423728813559322","0.505"
"1","0.6117647058823529","0.17305882352941176","0.15364705882352944","0.49529411764705883","0.01","0.01","0.01","1.01","0.01","0.01","0.01","0.175","0.13774193548387098","0.7847826086956522","0.26169491525423727","0.14423728813559322","0.505"
"2","0.4021176470588235","0.08764705882352941","0.21964705882352942","0.04882352941176471","0.01","0.01","0.01","1.01","0.01","0.01","0.01","0.175","0.13774193548387098","0.7847826086956522","0.26169491525423727","0.14423728813559322","0.505"
"9","0.6816470588235295","0.6428235294117647","0.7243529411764705","0.16529411764705884","0.01","1.01","0.01","0.01","0.01","0.01","0.01","0.175","0.13774193548387098","0.7847826086956522","0.26169491525423727","0.14423728813559322","0.505"
"6","0.11094117647058822","0.7825882352941177","0.9223529411764705","0.8485882352941176","0.01","1.01","0.01","0.01","0.01","0.01","0.01","0.175","0.13774193548387098","0.7847826086956522","0.26169491525423727","0.14423728813559322","0.505"
"5","0.604","0.9883529411764707","0.029411764705882353","0.5535294117647059","0.01","0.01","0.01","0.01","1.01","0.01","0.01","0.175","0.13774193548387098","0.7847826086956522","0.26169491525423727","0.14423728813559322","0.505"
"8","0.36717647058823527","0.9572941176470589","0.9495294117647058","0.25458823529411767","0.01","0.01","0.01","0.01","0.01","1.01","0.01","0.175","0.13774193548387098","0.7847826086956522","0.26169491525423727","0.1610169491525424","0.505"
"9","0.25458823529411767","0.7864705882352941","0.6738823529411764","0.5923529411764706","0.01","0.01","0.01","0.01","0.01","1.01","0.01","0.175","0.13774193548387098","0.7847826086956522","0.26169491525423727","0.1610169491525424","0.505"
"9","0.09152941176470587","0.6855294117647059","0.08764705882352941","0.9767058823529412","0.01","0.01","0.01","0.01","0.01","1.01","0.01","0.175","0.13774193548387098","0.7847826086956522","0.26169491525423727","0.1610169491525424","0.505"
"3","0.5341176470588236","0.30505882352941177","0.06823529411764706","0.3516470588235294","0.01","0.01","0.01","0.01","0.01","0.01","1.01","0.175","0.13774193548387098","0.7847826086956522","0.26169491525423727","0.1610169491525424","0.505"
"7","0.7787058823529412","0.2351764705882353","0.3438823529411765","0.03329411764705882","0.01","0.01","0.01","1.01","0.01","0.01","0.01","0.175","0.13774193548387098","0.7847826086956522","0.26169491525423727","0.1610169491525424","0.505"
"7","0.6505882352941177","0.3865882352941176","0.4603529411764706","0.4409411764705882","0.01","0.01","0.01","0.01","1.01","0.01","0.01","0.175","0.13774193548387098","0.7847826086956522","0.26169491525423727","0.1610169491525424","0.505"
"7","0.9534117647058823","0.6544705882352941","0.9107058823529411","0.5690588235294117","0.01","0.01","0.01","0.01","1.01","0.01","0.01","0.175","0.13774193548387098","0.7847826086956522","0.26169491525423727","0.1610169491525424","0.505"
"9","0.8563529411764705","0.8252941176470587","0.33999999999999997","0.9961176470588236","0.01","0.01","0.01","1.01","0.01","0.01","0.01","0.175","0.13774193548387098","0.7847826086956522","0.26169491525423727","0.1610169491525424","0.505"
"6","0.24682352941176472","0.5612941176470588","0.9029411764705882","0.7243529411764705","0.01","0.01","0.01","1.01","0.01","0.01","0.01","0.175","0.13774193548387098","0.7847826086956522","0.26169491525423727","0.1610169491525424","0.505"
"5","0.02164705882352941","0.09929411764705881","0.21188235294117647","0.6894117647058824","0.01","0.01","0.01","0.01","0.01","0.01","1.01","0.175","0.13774193548387098","0.7847826086956522","0.26169491525423727","0.1610169491525424","0.505"
"8","0.6001176470588235","0.5224705882352941","0.33999999999999997","0.1963529411764706","0.01","0.01","1.01","0.01","0.01","0.01","0.01","0.175","0.13774193548387098","0.7847826086956522","0.26169491525423727","0.1610169491525424","0.505"
"7","0.3244705882352941","0.8485882352941176","0.3011764705882353","0.03329411764705882","0.01","0.01","0.01","0.01","0.01","1.01","0.01","0.175","0.13774193548387098","0.7847826086956522","0.26169491525423727","0.17779661016949153","0.505"
"7","0.20800000000000002","0.1303529411764706","0.2390588235294118","0.5341176470588236","0.01","0.01","0.01","0.01","0.01","0.01","1.01","0.175","0.13774193548387098","0.7847826086956522","0.26169491525423727","0.17779661016949153","0.505"
"6","0.7476470588235294","0.5341176470588236","0.7592941176470588","0.30505882352941177","0.01","1.01","0.01","0.01","0.01","0.01","0.01","0.175","0.13774193548387098","0.7847826086956522","0.26169491525423727","0.17779661016949153","0.505"
"7","0.6661176470588235","0.06823529411764706","0.076","0.08376470588235294","0.01","0.01","0.01","1.01","0.01","0.01","0.01","0.175","0.13774193548387098","0.7847826086956522","0.26169491525423727","0.17779661016949153","0.505"
"3","0.1963529411764706","0.12258823529411764","0.21576470588235297","0.14200000000000002","0.01","0.01","0.01","1.01","0.01","0.01","0.01","0.175","0.13774193548387098","0.7847826086956522","0.26169491525423727","0.17779661016949153","0.505"
"4","0.8214117647058823","0.7204705882352941","0.5263529411764706","0.029411764705882353","0.01","0.01","0.01","0.01","0.01","1.01","0.01","0.175","0.13774193548387098","0.7847826086956522","0.26169491525423727","0.17779661016949153","0.505"
"3","0.3322352941176471","0.8641176470588235","0.5884705882352942","0.05658823529411765","0.01","1.01","0.01","0.01","0.01","0.01","0.01","0.175","0.13774193548387098","0.7847826086956522","0.26169491525423727","0.17779661016949153","0.505"
"8","0.868","0.9378823529411765","0.7670588235294117","0.5108235294117647","0.01","0.01","0.01","0.01","1.01","0.01","0.01","0.175","0.13774193548387098","0.7847826086956522","0.26169491525423727","0.17779661016949153","0.505"
"9","0.06823529411764706","0.6467058823529412","0.6971764705882353","0.9883529411764707","0.01","0.01","1.01","0.01","0.01","0.01","0.01","0.175","0.13774193548387098","0.7847826086956522","0.26169491525423727","0.17779661016949153","0.505"
"2","0.24682352941176472","0.33999999999999997","0.35552941176470587","0.06435294117647058","0.01","0.01","1.01","0.01","0.01","0.01","0.01","0.175","0.13774193548387098","0.7847826086956522","0.26169491525423727","0.17779661016949153","0.505"
"8","0.8563529411764705","0.3089411764705882","0.6777647058823529","0.3089411764705882","0.01","0.01","1.01","0.01","0.01","0.01","0.01","0.175","0.13774193548387098","0.7847826086956522","0.26169491525423727","0.17779661016949153","0.505"
"9","0.3205882352941177","0.08764705882352941","0.6738823529411764","0.060470588235294116","1.01","0.01","0.01","0.01","0.01","0.01","0.01","0.175","0.13774193548387098","0.7847826086956522","0.26169491525423727","0.1945762711864407","0.505"
"2","0.538","0.1575294117647059","0.5535294117647059","0.7165882352941176","0.01","0.01","0.01","0.01","1.01","0.01","0.01","0.175","0.13774193548387098","0.7847826086956522","0.26169491525423727","0.1945762711864407","0.505"
"8","0.4681176470588236","0.21576470588235297","0.7010588235294117","0.4603529411764706","0.01","0.01","0.01","0.01","1.01","0.01","0.01","0.175","0.13774193548387098","0.7847826086956522","0.26169491525423727","0.1945762711864407","0.505"
"6","0.7825882352941177","0.934","0.076","0.3128235294117647","0.01","0.01","0.01","0.01","0.01","0.01","1.01","0.175","0.13774193548387098","0.7847826086956522","0.26169491525423727","0.1945762711864407","0.505"
"3","0.4254117647058824","0.16529411764705884","0.26235294117647057","0.26623529411764707","0.01","0.01","0.01","0.01","0.01","0.01","1.01","0.175","0.13774193548387098","0.7847826086956522","0.26169491525423727","0.1945762711864407","0.505"
"5","0.06823529411764706","0.7243529411764705","0.274","0.7204705882352941","0.01","0.01","0.01","0.01","0.01","0.01","1.01","0.175","0.13774193548387098","0.7847826086956522","0.26169491525423727","0.1945762711864407","0.505"
"3","0.7554117647058823","0.7709411764705882","0.5108235294117647","0.3788235294117647","0.01","0.01","0.01","0.01","1.01","0.01","0.01","0.175","0.13774193548387098","0.7847826086956522","0.26169491525423727","0.1945762711864407","0.505"
"7","0.538","0.7670588235294117","0.1303529411764706","0.3788235294117647","0.01","0.01","0.01","1.01","0.01","0.01","0.01","0.175","0.13774193548387098","0.7847826086956522","0.26169491525423727","0.1945762711864407","0.505"
"8","0.27788235294117647","0.11870588235294117","0.029411764705882353","0.9728235294117646","0.01","0.01","0.01","0.01","0.01","1.01","0.01","0.175","0.13774193548387098","0.7847826086956522","0.26169491525423727","0.1945762711864407","0.505"
"6","0.794235294117647","0.3011764705882353","0.5651764705882353","0.4292941176470588","0.01","0.01","0.01","0.01","0.01","0.01","1.01","0.175","0.13774193548387098","0.7847826086956522","0.26169491525423727","0.1945762711864407","0.505"
"2","0.47200000000000003","0.2934117647058823","0.13811764705882354","0.9805882352941176","0.01","0.01","0.01","0.01","0.01","0.01","1.01","0.175","0.13774193548387098","0.7847826086956522","0.26169491525423727","0.1945762711864407","0.505"
"9","0.20411764705882354","0.3749411764705883","0.6078823529411764","0.4409411764705882","0.01","0.01","0.01","0.01","0.01","0.01","1.01","0.175","0.13774193548387098","0.7847826086956522","0.26169491525423727","0.21135593220338986","0.505"
"5","0.7282352941176471","0.029411764705882353","0.868","0.6699999999999999","0.01","0.01","0.01","0.01","1.01","0.01","0.01","0.175","0.13774193548387098","0.7847826086956522","0.26169491525423727","0.21135593220338986","0.505"
"8","0.868","0.2584705882352941","0.7127058823529412","0.39435294117647063","0.01","0.01","0.01","1.01","0.01","0.01","0.01","0.175","0.13774193548387098","0.7847826086956522","0.26169491525423727","0.21135593220338986","0.505"
"5","0.06435294117647058","0.7554117647058823","0.19247058823529414","0.23129411764705884","0.01","1.01","0.01","0.01","0.01","0.01","0.01","0.175","0.13774193548387098","0.7847826086956522","0.26169491525423727","0.21135593220338986","0.505"
"9","0.8485882352941176","0.794235294117647","1.0","0.743764705882353","1.01","0.01","0.01","0.01","0.01","0.01","0.01","0.175","0.13774193548387098","0.7847826086956522","0.26169491525423727","0.21135593220338986","0.505"
"4","0.4914117647058823","0.07988235294117646","0.13811764705882354","0.281764705882353","1.01","0.01","0.01","0.01","0.01","0.01","0.01","0.175","0.13774193548387098","0.7847826086956522","0.26169491525423727","0.21135593220338986","0.505"
"3","0.05270588235294118","0.01","0.6971764705882353","0.18082352941176472","0.01","0.01","0.01","0.01","1.01","0.01","0.01","0.175","0.13774193548387098","0.7847826086956522","0.26169491525423727","0.21135593220338986","0.505"
"3","0.42152941176470593","0.4021176470588235","0.4331764705882353","0.1847058823529412","0.01","0.01","0.01","0.01","1.01","0.01","0.01","0.175","0.13774193548387098","0.7847826086956522","0.26169491525423727","0.21135593220338986","0.505"
"6","0.6389411764705882","0.4409411764705882","0.4487058823529412","0.9650588235294117","0.01","0.01","0.01","1.01","0.01","0.01","0.01","0.175","0.13774193548387098","0.7847826086956522","0.26169491525423727","0.21135593220338986","0.505"
"3","0.9107058823529411","0.09541176470588235","0.6738823529411764","0.36717647058823527","0.01","1.01","0.01","0.01","0.01","0.01","0.01","0.175","0.13774193548387098","0.7847826086956522","0.26169491525423727","0.21135593220338986","0.505"
"1","0.406","0.662235294117647","0.41764705882352937","0.5768235294117646","1.01","0.01","0.01","0.01","0.01","0.01","0.01","0.175","0.13774193548387098","0.7847826086956522","0.26169491525423727","0.21135593220338986","0.505"
"3","0.21964705882352942","0.4487058823529412","0.4487058823529412","0.6156470588235294","0.01","0.01","1.01","0.01","0.01","0.01","0.01","0.175","0.13774193548387098","0.7847826086956522","0.26169491525423727","0.228135593220339","0.505"
"2","0.25458823529411767","0.9029411764705882","0.27788235294117647","0.025529411764705884","0.01","1.01","0.01","0.01","0.01","0.01","0.01","0.175","0.13774193548387098","0.7847826086956522","0.26169491525423727","0.228135593220339","0.505"
"2","0.13423529411764706","0.8524705882352941","0.5457647058823529","0.8291764705882353","1.01","0.01","0.01","0.01","0.01","0.01","0.01","0.175","0.13774193548387098","0.7847826086956522","0.26169491525423727","0.228135593220339","0.505"
"9","0.662235294117647","0.1303529411764706","0.464235294117647","0.7631764705882352","0.01","0.01","0.01","0.01","0.01","0.01","1.01","0.175","0.13774193548387098","0.7847826086956522","0.26169491525423727","0.228135593220339","0.505"
"4","0.8757647058823529","0.5690588235294117","0.3361176470588235","0.029411764705882353","0.01","0.01","0.01","0.01","1.01","0.01","0.01","0.175","0.13774193548387098","0.7847826086956522","0.26169491525423727","0.228135593220339","0.505"
"3","0.6156470588235294","0.9650588235294117","0.4797647058823529","0.274","0.01","0.01","1.01","0.01","0.01","0.01","0.01","0.175","0.13774193548387098","0.7847826086956522","0.26169491525423727","0.228135593220339","0.505"
"0","0.6777647058823529","0.7670588235294117","0.44482352941176473","0.1148235294117647","0.01","0.01","0.01","0.01","0.01","0.01","1.01","0.175","0.13774193548387098","0.7847826086956522","0.26169491525423727","0.24491525423728816","0.505"
"9","0.19247058823529414","0.5690588235294117","0.6544705882352941","0.2390588235294118","1.01","0.01","0.01","0.01","0.01","0.01","0.01","0.175","0.13774193548387098","0.7847826086956522","0.26169491525423727","0.24491525423728816","0.505"
"2","0.6078823529411764","0.5302352941176471","0.8835294117647059","0.27788235294117647","0.01","0.01","0.01","1.01","0.01","0.01","0.01","0.175","0.13774193548387098","0.7847826086956522","0.26169491525423727","0.24491525423728816","0.505"
"4","0.18858823529411764","0.23129411764705884","0.4525882352941177","0.5574117647058824","0.01","0.01","0.01","1.01","0.01","0.01","0.01","0.175","0.13774193548387098","0.7847826086956522","0.26169491525423727","0.24491525423728816","0.505"
"9","0.2856470588235294","0.14976470588235294","0.7787058823529412","0.17305882352941176","0.01","0.01","1.01","0.01","0.01","0.01","0.01","0.175","0.13774193548387098","0.7847826086956522","0.26169491525423727","0.24491525423728816","0.505"
"0","0.3865882352941176","0.25458823529411767","0.47200000000000003","0.6855294117647059","0.01","0.01","1.01","0.01","0.01","0.01","0.01","0.175","0.13774193548387098","0.7847826086956522","0.26169491525423727","0.24491525423728816","0.505"
"7","0.9650588235294117","0.1303529411764706","0.4292941176470588","0.6156470588235294","0.01","0.01","0.01","1.01","0.01","0.01","0.01","0.175","0.13774193548387098","0.7847826086956522","0.26169491525423727","0.24491525423728816","0.505"
"2","0.14976470588235294","0.4487058823529412","0.8718823529411764","0.4681176470588236","0.01","1.01","0.01","0.01","0.01","0.01","0.01","0.175","0.13774193548387098","0.7847826086956522","0.26169491525423727","0.24491525423728816","0.505"
"0","0.8757647058823529","0.1458823529411765","0.9029411764705882","0.7282352941176471","0.01","0.01","0.01","1.01","0.01","0.01","0.01","0.175","0.13774193548387098","0.7847826086956522","0.26169491525423727","0.24491525423728816","0.505"
"4","0.4758823529411765","0.5612941176470588","0.8874117647058823","0.6156470588235294","0.01","1.01","0.01","0.01","0.01","0.01","0.01","0.175","0.13774193548387098","0.7847826086956522","0.26169491525423727","0.24491525423728816","0.505"
"2","0.4487058823529412","0.18858823529411764","0.9262352941176472","0.6738823529411764","0.01","1.01","0.01","0.01","0.01","0.01","0.01","0.175","0.13774193548387098","0.7847826086956522","0.26169491525423727","0.24491525423728816","0.505"
"0","0.2856470588235294","0.9456470588235294","0.9301176470588236","0.9883529411764707","0.01","0.01","0.01","0.01","1.01","0.01","0.01","0.175","0.13774193548387098","0.7847826086956522","0.26169491525423727","0.24491525423728816","0.505"
"5","0.01776470588235294","0.27788235294117647","0.07211764705882352","0.3788235294117647","0.01","1.01","0.01","0.01","0.01","0.01","0.01","0.175","0.13774193548387098","0.7847826086956522","0.26169491525423727","0.26169491525423727","0.505"
"8","0.8097647058823529","0.9728235294117646","0.21188235294117647","0.5651764705882353","0.01","0.01","0.01","0.01","1.01","0.01","0.01","0.175","0.13774193548387098","0.7847826086956522","0.26169491525423727","0.26169491525423727","0.505"
"7","0.01","0.21576470588235297","0.7049411764705882","0.2856470588235294","0.01","0.01","0.01","0.01","1.01","0.01","0.01","0.175","0.13774193548387098","0.7847826086956522","0.26169491525423727","0.26169491525423727","0.505"
"9","0.2972941176470589","0.8369411764705883","0.6234117647058823","0.8252941176470587","0.01","0.01","0.01","0.01","1.01","0.01","0.01","0.175","0.13774193548387098","0.7847826086956522","0.26169491525423727","0.26169491525423727","0.505"
"4","0.5069411764705882","0.538","0.8563529411764705","0.33999999999999997","0.01","0.01","1.01","0.01","0.01","0.01","0.01","0.175","0.13774193548387098","0.7847826086956522","0.26169491525423727","0.26169491525423727","0.505"
"7","0.41764705882352937","0.21576470588235297","0.5807058823529412","0.868","1.01","0.01","0.01","0.01","0.01","0.01","0.01","0.175","0.13774193548387098","0.7847826086956522","0.26169491525423727","0.26169491525423727","0.505"
"4","0.9495294117647058","0.33999999999999997","0.604","0.5612941176470588","0.01","0.01","0.01","0.01","0.01","1.01","0.01","0.175","0.13774193548387098","0.7847826086956522","0.26169491525423727","0.26169491525423727","0.505"
"5","0.21576470588235297","0.3632941176470588","0.3710588235294118","0.4331764705882353","0.01","0.01","0.01","0.01","1.01","0.01","0.01","0.175","0.13774193548387098","0.7847826086956522","0.26169491525423727","0.26169491525423727","0.505"
"3","0.7981176470588235","0.8563529411764705","0.4487058823529412","0.6195294117647059","0.01","0.01","1.01","0.01","0.01","0.01","0.01","0.175","0.13774193548387098","0.7847826086956522","0.26169491525423727","0.26169491525423727","0.505"
"3","0.7631764705882352","0.10317647058823529","0.1847058823529412","0.7282352941176471","0.01","1.01","0.01","0.01","0.01","0.01","0.01","0.175","0.13774193548387098","0.7847826086956522","0.26169491525423727","0.26169491525423727","0.505"
"6","0.8835294117647059","0.3283529411764706","0.02164705882352941","0.10317647058823529","0.01","0.01","1.01","0.01","0.01","0.01","0.01","0.175","0.13774193548387098","0.7847826086956522","0.26169491525423727","0.26169491525423727","0.505"
"2","0.05270588235294118","0.4681176470588236","0.6932941176470588","0.9728235294117646","0.01","0.01","1.01","0.01","0.01","0.01","0.01","0.175","0.13774193548387098","0.7847826086956522","0.26169491525423727","0.26169491525423727","0.505"
"5","0.18858823529411764","0.3361176470588235","0.09929411764705881","0.7981176470588235","0.01","1.01","0.01","0.01","0.01","0.01","0.01","0.175","0.13774193548387098","0.7847826086956522","0.26169491525423727","0.27847457627118644","0.505"
"5","0.9301176470588236","0.7787058823529412","0.9068235294117647","0.5341176470588236","1.01","0.01","0.01","0.01","0.01","0.01","0.01","0.175","0.13774193548387098","0.7847826086956522","0.26169491525423727","0.27847457627118644","0.505"
"3","0.5069411764705882","0.6971764705882353","0.5962352941176471","0.27788235294117647","0.01","0.01","0.01","0.01","1.01","0.01","0.01","0.175","0.13774193548387098","0.7847826086956522","0.26169491525423727","0.27847457627118644","0.505"
"0","0.28952941176470587","0.4525882352941177","0.8214117647058823","0.9650588235294117","0.01","0.01","0.01","1.01","0.01","0.01","0.01","0.175","0.13774193548387098","0.7847826086956522","0.26169491525423727","0.27847457627118644","0.505"
"4","0.5535294117647059","0.7631764705882352","0.16141176470588237","0.2701176470588236","1.01","0.01","0.01","0.01","0.01","0.01","0.01","0.175","0.13774193548387098","0.7847826086956522","0.26169491525423727","0.27847457627118644","0.505"
"1","0.4525882352941177","0.16529411764705884","0.36717647058823527","0.17305882352941176","0.01","1.01","0.01","0.01","0.01","0.01","0.01","0.175","0.13774193548387098","0.7847826086956522","0.26169491525423727","0.27847457627118644","0.505"
"3","0.7554117647058823","0.9068235294117647","0.9961176470588236","0.794235294117647","1.01","0.01","0.01","0.01","0.01","0.01","0.01","0.175","0.13774193548387098","0.7847826086956522","0.26169491525423727","0.27847457627118644","0.505"
"8","0.8951764705882354","0.4487058823529412","0.281764705882353","0.03329411764705882","0.01","0.01","0.01","1.01","0.01","0.01","0.01","0.175","0.13774193548387098","0.7847826086956522","0.26169491525423727","0.27847457627118644","0.505"
"1","0.5108235294117647","0.05658823529411765","0.4797647058823529","0.5807058823529412","0.01","0.01","0.01","0.01","1.01","0.01","0.01","0.175","0.13774193548387098","0.7847826086956522","0.26169491525423727","0.27847457627118644","0.505"
"1","0.9650588235294117","0.8524705882352941","0.7748235294117647","0.7165882352941176","0.01","0.01","0.01","1.01","0.01","0.01","0.01","0.175","0.13774193548387098","0.7847826086956522","0.26169491525423727","0.27847457627118644","0.505"
"5","0.7981176470588235","0.2972941176470589","0.2390588235294118","0.03329411764705882","1.01","0.01","0.01","0.01","0.01","0.01","0.01","0.175","0.13774193548387098","0.7847826086956522","0.26169491525423727","0.2952542372881356","0.505"
"0","0.09152941176470587","0.7010588235294117","0.8291764705882353","0.35552941176470587","0.01","0.01","0.01","0.01","1.01","0.01","0.01","0.175","0.13774193548387098","0.7847826086956522","0.26169491525423727","0.2952542372881356","0.505"
"2","0.6350588235294118","0.934","0.7243529411764705","0.3128235294117647","0.01","0.01","0.01","0.01","1.01","0.01","0.01","0.175","0.13774193548387098","0.7847826086956522","0.26169491525423727","0.2952542372881356","0.505"
"3","0.3011764705882353","0.3322352941176471","0.7049411764705882","0.36717647058823527","0.01","0.01","0.01","1.01","0.01","0.01","0.01","0.175","0.13774193548387098","0.7847826086956522","0.26169491525423727","0.2952542372881356","0.505"
"0","0.7243529411764705","0.24682352941176472","0.5962352941176471","0.30505882352941177","0.01","1.01","0.01","0.01","0.01","0.01","0.01","0.175","0.13774193548387098","0.7847826086956522","0.26169491525423727","0.2952542372881356","0.505"
"6","0.23129411764705884","0.1264705882352941","0.1575294117647059","0.4137647058823529","1.01","0.01","0.01","0.01","0.01","0.01","0.01","0.175","0.13774193548387098","0.7847826086956522","0.26169491525423727","0.2952542372881356","0.505"
"3","0.8485882352941176","0.060470588235294116","0.3632941176470588","0.5108235294117647","0.01","0.01","0.01","1.01","0.01","0.01","0.01","0.175","0.13774193548387098","0.7847826086956522","0.26169491525423727","0.2952542372881356","0.505"
"2","0.860235294117647","0.9922352941176471","0.13811764705882354","0.860235294117647","0.01","0.01","0.01","0.01","1.01","0.01","0.01","0.175","0.13774193548387098","0.7847826086956522","0.26169491525423727","0.2952542372881356","0.505"
"6","0.2856470588235294","0.4331764705882353","0.5185882352941176","0.24294117647058824","1.01","0.01","0.01","0.01","0.01","0.01","0.01","0.175","0.13774193548387098","0.7847826086956522","0.26169491525423727","0.2952542372881356","0.505"
"7","0.4370588235294118","0.8641176470588235","0.20800000000000002","0.36717647058823527","0.01","0.01","0.01","0.01","0.01","1.01","0.01","0.175","0.13774193548387098","0.7847826086956522","0.26169491525423727","0.2952542372881356","0.505"
"0","0.9844705882352941","0.044941176470588234","0.7127058823529412","0.5729411764705882","0.01","0.01","0.01","0.01","0.01","0.01","1.01","0.175","0.13774193548387098","0.7847826086956522","0.26169491525423727","0.2952542372881356","0.505"
"0","0.3710588235294118","0.6078823529411764","0.15364705882352944","0.6078823529411764","1.01","0.01","0.01","0.01","0.01","0.01","0.01","0.175","0.13774193548387098","0.7847826086956522","0.26169491525423727","0.2952542372881356","0.505"
"4","0.16917647058823532","0.8447058823529412","0.7398823529411765","0.464235294117647","0.01","0.01","0.01","1.01","0.01","0.01","0.01","0.175","0.13774193548387098","0.7847826086956522","0.26169491525423727","0.31203389830508477","0.505"
"9","0.5341176470588236","0.2235294117647059","0.6467058823529412","0.3244705882352941","0.01","0.01","0.01","0.01","0.01","0.01","1.01","0.175","0.13774193548387098","0.7847826086956522","0.26169491525423727","0.31203389830508477","0.505"
"4","0.8641176470588235","0.8330588235294119","0.8408235294117647","0.7670588235294117","0.01","0.01","0.01","0.01","0.01","0.01","1.01","0.175","0.13774193548387098","0.7847826086956522","0.26169491525423727","0.31203389830508477","0.505"
"5","0.6932941176470588","0.5496470588235294","0.22741176470588237","0.8912941176470588","0.01","0.01","0.01","1.01","0.01","0.01","0.01","0.175","0.13774193548387098","0.7847826086956522","0.26169491525423727","0.31203389830508477","0.505"
"6","0.5224705882352941","0.14200000000000002","0.5457647058823529","0.09541176470588235","1.01","0.01","0.01","0.01","0.01","0.01","0.01","0.175","0.13774193548387098","0.7847826086956522","0.26169491525423727","0.31203389830508477","0.505"
"1","0.5418823529411765","0.9029411764705882","0.11094117647058822","0.060470588235294116","0.01","0.01","0.01","1.01","0.01","0.01","0.01","0.175","0.13774193548387098","0.7847826086956522","0.26169491525423727","0.31203389830508477","0.505"
"7","0.941764705882353","0.6272941176470588","0.39435294117647063","0.30505882352941177","0.01","0.01","0.01","0.01","0.01","1.01","0.01","0.175","0.13774193548387098","0.7847826086956522","0.26169491525423727","0.31203389830508477","0.505"
"1","0.01776470588235294","0.8058823529411765","0.6272941176470588","0.10317647058823529","0.01","0.01","0.01","0.01","0.01","1.01","0.01","0.175","0.13774193548387098","0.7847826086956522","0.26169491525423727","0.31203389830508477","0.505"
"8","0.42152941176470593","0.8990588235294118","0.9223529411764705","0.8874117647058823","0.01","0.01","1.01","0.01","0.01","0.01","0.01","0.175","0.13774193548387098","0.7847826086956522","0.26169491525423727","0.31203389830508477","0.505"
"4","0.9534117647058823","0.9922352941176471","0.09929411764705881","0.26235294117647057","1.01","0.01","0.01","0.01","0.01","0.01","0.01","0.175","0.13774193548387098","0.7847826086956522","0.26169491525423727","0.31203389830508477","0.505"
"3","0.1575294117647059","0.2856470588235294","0.8874117647058823","0.5263529411764706","0.01","1.01","0.01","0.01","0.01","0.01","0.01","0.175","0.13774193548387098","0.7847826086956522","0.26169491525423727","0.31203389830508477","0.505"
"4","0.21188235294117647","0.6311764705882353","0.918470588235294","0.3089411764705882","1.01","0.01","0.01","0.01","0.01","0.01","0.01","0.175","0.13774193548387098","0.7847826086956522","0.26169491525423727","0.31203389830508477","0.505"
"0","0.17305882352941176","0.17305882352941176","0.41764705882352937","0.8524705882352941","0.01","0.01","0.01","0.01","0.01","1.01","0.01","0.175","0.13774193548387098","0.7847826086956522","0.26169491525423727","0.3288135593220339","0.505"
"9","0.076","0.794235294117647","0.2351764705882353","0.5651764705882353","1.01","0.01","0.01","0.01","0.01","0.01","0.01","0.175","0.13774193548387098","0.7847826086956522","0.26169491525423727","0.3288135593220339","0.505"
"4","0.06435294117647058","0.6350588235294118","0.4331764705882353","0.6117647058823529","1.01","0.01","0.01","0.01","0.01","0.01","0.01","0.175","0.13774193548387098","0.7847826086956522","0.26169491525423727","0.3288135593220339","0.505"
"0","0.076","0.5496470588235294","0.918470588235294","0.5341176470588236","0.01","0.01","0.01","0.01","0.01","0.01","1.01","0.175","0.13774193548387098","0.7847826086956522","0.26169491525423727","0.3288135593220339","0.505"
"4","0.7088235294117647","0.17305882352941176","0.8369411764705883","0.47200000000000003","0.01","1.01","0.01","0.01","0.01","0.01","0.01","0.175","0.13774193548387098","0.7847826086956522","0.26169491525423727","0.3288135593220339","0.505"
"7","0.7010588235294117","0.0371764705882353","0.01388235294117647","0.6544705882352941","0.01","1.01","0.01","0.01","0.01","0.01","0.01","0.175","0.13774193548387098","0.7847826086956522","0.26169491525423727","0.3288135593220339","0.505"
"2","0.029411764705882353","0.1264705882352941","0.9262352941176472","0.7204705882352941","0.01","0.01","0.01","0.01","1.01","0.01","0.01","0.175","0.13774193548387098","0.7847826086956522","0.26169491525423727","0.3288135593220339","0.505"
"6","0.2934117647058823","0.8252941176470587","0.8718823529411764","0.3827058823529412","0.01","0.01","0.01","0.01","1.01","0.01","0.01","0.175","0.13774193548387098","0.7847826086956522","0.26169491525423727","0.3288135593220339","0.505"
"1","0.060470588235294116","0.36717647058823527","0.01","0.9145882352941176","0.01","0.01","0.01","0.01","0.01","1.01","0.01","0.175","0.13774193548387098","0.7847826086956522","0.26169491525423727","0.3288135593220339","0.505"
"7","0.27788235294117647","0.7204705882352941","0.21188235294117647","0.8874117647058823","0.01","0.01","1.01","0.01","0.01","0.01","0.01","0.175","0.13774193548387098","0.7847826086956522","0.26169491525423727","0.3288135593220339","0.505"
"6","0.7787058823529412","0.31670588235294117","0.3788235294117647","0.5418823529411765","0.01","0.01","0.01","0.01","0.01","0.01","1.01","0.175","0.13774193548387098","0.7847826086956522","0.26169491525423727","0.3288135593220339","0.505"
"0","0.5612941176470588","0.9029411764705882","0.9223529411764705","0.4021176470588235","0.01","0.01","0.01","0.01","0.01","1.01","0.01","0.175","0.13774193548387098","0.7847826086956522","0.26169491525423727","0.3288135593220339","0.505"
"5","0.7282352941176471","0.17694117647058824","0.736","0.20411764705882354","1.01","0.01","0.01","0.01","0.01","0.01","0.01","0.175","0.13774193548387098","0.7847826086956522","0.26169491525423727","0.34559322033898304","0.505"
"1","0.4098823529411765","0.41764705882352937","0.45647058823529413","0.06435294117647058","0.01","0.01","0.01","0.01","0.01","0.01","1.01","0.175","0.13774193548387098","0.7847826086956522","0.26169491525423727","0.34559322033898304","0.505"
"3","0.2856470588235294","0.6311764705882353","0.7010588235294117","0.406","0.01","0.01","0.01","0.01","1.01","0.01","0.01","0.175","0.13774193548387098","0.7847826086956522","0.26169491525423727","0.34559322033898304","0.505"
"6","0.7049411764705882","0.8951764705882354","0.464235294117647","0.20023529411764707","0.01","0.01","1.01","0.01","0.01","0.01","0.01","0.175","0.13774193548387098","0.7847826086956522","0.26169491525423727","0.34559322033898304","0.505"
"7","0.604","0.9495294117647058","0.4409411764705882","0.5224705882352941","0.01","0.01","0.01","0.01","1.01","0.01","0.01","0.175","0.13774193548387098","0.7847826086956522","0.26169491525423727","0.34559322033898304","0.505"
"4","0.20800000000000002","0.28952941176470587","0.9883529411764707","0.4137647058823529","0.01","0.01","0.01","0.01","0.01","0.01","1.01","0.175","0.13774193548387098","0.7847826086956522","0.26169491525423727","0.34559322033898304","0.505"
"1","0.24294117647058824","0.26235294117647057","0.22741176470588237","0.4797647058823529","0.01","0.01","0.01","0.01","0.01","0.01","1.01","0.175","0.13774193548387098","0.7847826086956522","0.26169491525423727","0.34559322033898304","0.505"
"3","0.044941176470588234","0.14976470588235294","0.3089411764705882","0.9689411764705882","0.01","0.01","1.01","0.01","0.01","0.01","0.01","0.175","0.13774193548387098","0.7847826086956522","0.26169491525423727","0.34559322033898304","0.505"
"3","0.24294117647058824","0.0371764705882353","1.0","0.3982352941176471","0.01","0.01","1.01","0.01","0.01","0.01","0.01","0.175","0.13774193548387098","0.7847826086956522","0.26169491525423727","0.34559322033898304","0.505"
"1","0.01776470588235294","0.9922352941176471","0.4098823529411765","0.7088235294117647","0.01","0.01","0.01","0.01","0.01","1.01","0.01","0.175","0.13774193548387098","0.7847826086956522","0.26169491525423727","0.34559322033898304","0.505"
"4","0.02164705882352941","0.05658823529411765","0.2934117647058823","0.5457647058823529","0.01","0.01","1.01","0.01","0.01","0.01","0.01","0.175","0.13774193548387098","0.7847826086956522","0.26169491525423727","0.34559322033898304","0.505"
"9","0.36717647058823527","0.5884705882352942","0.7165882352941176","0.4681176470588236","0.01","0.01","1.01","0.01","0.01","0.01","0.01","0.175","0.13774193548387098","0.7847826086956522","0.26169491525423727","0.34559322033898304","0.505"
"0","0.9301176470588236","0.3128235294117647","0.2934117647058823","0.8563529411764705","0.01","0.01","0.01","0.01","0.01","1.01","0.01","0.175","0.13774193548387098","0.7847826086956522","0.26169491525423727","0.3623728813559322","0.505"
"4","0.6505882352941177","0.604","0.5923529411764706","0.7981176470588235","1.01","0.01","0.01","0.01","0.01","0.01","0.01","0.175","0.13774193548387098","0.7847826086956522","0.26169491525423727","0.3623728813559322","0.505"
"3","0.09541176470588235","0.3283529411764706","0.6505882352941177","0.19247058823529414","0.01","0.01","0.01","0.01","1.01","0.01","0.01","0.175","0.13774193548387098","0.7847826086956522","0.26169491525423727","0.3623728813559322","0.505"
"8","0.5807058823529412","0.6738823529411764","0.9107058823529411","0.9611764705882353","1.01","0.01","0.01","0.01","0.01","0.01","0.01","0.175","0.13774193548387098","0.7847826086956522","0.26169491525423727","0.3623728813559322","0.505"
"5","0.41764705882352937","0.33999999999999997","0.5341176470588236","0.6505882352941177","0.01","1.01","0.01","0.01","0.01","0.01","0.01","0.175","0.13774193548387098","0.7847826086956522","0.26169491525423727","0.3623728813559322","0.505"
"6","0.7631764705882352","0.7282352941176471","0.08764705882352941","0.868","0.01","0.01","0.01","0.01","1.01","0.01","0.01","0.175","0.13774193548387098","0.7847826086956522","0.26169491525423727","0.3623728813559322","0.505"
"3","0.3438823529411765","0.21964705882352942","0.11094117647058822","0.025529411764705884","0.01","0.01","0.01","0.01","1.01","0.01","0.01","0.175","0.13774193548387098","0.7847826086956522","0.26169491525423727","0.3623728813559322","0.505"
"3","0.6156470588235294","0.6195294117647059","0.17305882352941176","0.934","0.01","0.01","0.01","1.01","0.01","0.01","0.01","0.175","0.13774193548387098","0.7847826086956522","0.26169491525423727","0.3623728813559322","0.505"
"5","0.5224705882352941","0.14200000000000002","0.49529411764705883","0.9728235294117646","0.01","0.01","1.01","0.01","0.01","0.01","0.01","0.175","0.13774193548387098","0.7847826086956522","0.26169491525423727","0.3623728813559322","0.505"
"1","0.8330588235294119","0.8408235294117647","0.2390588235294118","0.7631764705882352","1.01","0.01","0.01","0.01","0.01","0.01","0.01","0.175","0.13774193548387098","0.7847826086956522","0.26169491525423727","0.3623728813559322","0.505"
"2","0.09541176470588235","0.6777647058823529","0.7049411764705882","0.0371764705882353","0.01","0.01","0.01","0.01","1.01","0.01","0.01","0.175","0.13774193548387098","0.7847826086956522","0.26169491525423727","0.3623728813559322","0.505"
"9","0.3827058823529412","0.604","0.6001176470588235","0.25458823529411767","0.01","0.01","1.01","0.01","0.01","0.01","0.01","0.175","0.13774193548387098","0.7847826086956522","0.26169491525423727","0.3623728813559322","0.505"
"6","0.5263529411764706","0.4797647058823529","0.4875294117647059","0.4292941176470588","0.01","0.01","0.01","0.01","0.01","1.01","0.01","0.175","0.13774193548387098","0.7847826086956522","0.26169491525423727","0.3623728813559322","0.505"
"3","0.4021176470588235","0.3322352941176471","0.6428235294117647","0.42152941176470593","0.01","0.01","0.01","0.01","0.01","0.01","1.01","0.175","0.13774193548387098","0.7847826086956522","0.26169491525423727","0.3791525423728814","0.505"
"4","0.1264705882352941","0.13811764705882354","0.2701176470588236","0.6078823529411764","0.01","0.01","0.01","1.01","0.01","0.01","0.01","0.175","0.13774193548387098","0.7847826086956522","0.26169491525423727","0.3791525423728814","0.505"
"8","0.6195294117647059","0.1458823529411765","0.9262352941176472","0.0371764705882353","0.01","0.01","0.01","0.01","0.01","1.01","0.01","0.175","0.13774193548387098","0.7847826086956522","0.26169491525423727","0.3791525423728814","0.505"
"1","0.02164705882352941","0.6777647058823529","0.3710588235294118","0.17694117647058824","0.01","0.01","0.01","1.01","0.01","0.01","0.01","0.175","0.13774193548387098","0.7847826086956522","0.26169491525423727","0.3791525423728814","0.505"
"6","0.33999999999999997","0.9534117647058823","0.6389411764705882","0.5690588235294117","0.01","0.01","0.01","0.01","0.01","1.01","0.01","0.175","0.13774193548387098","0.7847826086956522","0.26169491525423727","0.3791525423728814","0.505"
"3","0.28952941176470587","0.01388235294117647","0.538","0.28952941176470587","0.01","0.01","0.01","0.01","1.01","0.01","0.01","0.175","0.13774193548387098","0.7847826086956522","0.26169491525423727","0.3791525423728814","0.505"
"6","0.20023529411764707","0.5535294117647059","0.8912941176470588","0.029411764705882353","0.01","0.01","0.01","1.01","0.01","0.01","0.01","0.175","0.13774193548387098","0.7847826086956522","0.26169491525423727","0.3791525423728814","0.505"
"4","0.01","0.03329411764705882","0.41764705882352937","0.14200000000000002","0.01","0.01","0.01","0.01","1.01","0.01","0.01","0.175","0.13774193548387098","0.7847826086956522","0.26169491525423727","0.3791525423728814","0.505"
"7","0.4758823529411765","0.19247058823529414","0.22741176470588237","0.2584705882352941","1.01","0.01","0.01","0.01","0.01","0.01","0.01","0.175","0.13774193548387098","0.7847826086956522","0.26169491525423727","0.3791525423728814","0.505"
"3","0.12258823529411764","0.2972941176470589","0.406","0.8175294117647058","0.01","0.01","0.01","1.01","0.01","0.01","0.01","0.175","0.13774193548387098","0.7847826086956522","0.26169491525423727","0.3791525423728814","0.505"
"0","0.4797647058823529","0.8330588235294119","0.4370588235294118","0.7010588235294117","0.01","0.01","0.01","1.01","0.01","0.01","0.01","0.175","0.13774193548387098","0.7847826086956522","0.26169491525423727","0.3791525423728814","0.505"
"0","0.9611764705882353","0.2856470588235294","0.8757647058823529","0.18082352941176472","0.01","0.01","0.01","0.01","0.01","0.01","1.01","0.175","0.13774193548387098","0.7847826086956522","0.26169491525423727","0.3791525423728814","0.505"
"2","0.6156470588235294","0.5147058823529411","0.49529411764705883","0.9262352941176472","0.01","0.01","0.01","0.01","0.01","1.01","0.01","0.175","0.13774193548387098","0.7847826086956522","0.26169491525423727","0.39593220338983054","0.505"
"7","0.7204705882352941","0.7515294117647059","0.6078823529411764","0.6195294117647059","0.01","0.01","0.01","1.01","0.01","0.01","0.01","0.175","0.13774193548387098","0.7847826086956522","0.26169491525423727","0.39593220338983054","0.505"
"9","0.5884705882352942","0.4525882352941177","0.25458823529411767","0.16141176470588237","0.01","1.01","0.01","0.01","0.01","0.01","0.01","0.175","0.13774193548387098","0.7847826086956522","0.26169491525423727","0.39593220338983054","0.505"
"8","0.7903529411764706","0.6234117647058823","0.8252941176470587","0.42152941176470593","0.01","0.01","0.01","0.01","0.01","1.01","0.01","0.175","0.13774193548387098","0.7847826086956522","0.26169491525423727","0.39593220338983054","0.505"
"6","0.47200000000000003","0.2390588235294118","0.6078823529411764","0.5263529411764706","0.01","0.01","1.01","0.01","0.01","0.01","0.01","0.175","0.13774193548387098","0.7847826086956522","0.26169491525423727","0.39593220338983054","0.505"
"0","0.07988235294117646","0.4487058823529412","0.9883529411764707","0.05270588235294118","0.01","1.01","0.01","0.01","0.01","0.01","0.01","0.175","0.13774193548387098","0.7847826086956522","0.26169491525423727","0.39593220338983054","0.505"
"0","0.36717647058823527","0.8369411764705883","0.8874117647058823","0.6117647058823529","1.01","0.01","0.01","0.01","0.01","0.01","0.01","0.175","0.13774193548387098","0.7847826086956522","0.26169491525423727","0.39593220338983054","0.505"
"2","0.01776470588235294","0.7476470588235294","0.11094117647058822","0.7204705882352941","0.01","0.01","0.01","0.01","0.01","1.01","0.01","0.175","0.13774193548387098","0.7847826086956522","0.26169491525423727","0.39593220338983054","0.505"
"5","0.2934117647058823","0.5651764705882353","0.15364705882352944","0.5496470588235294","0.01","0.01","0.01","0.01","0.01","1.01","0.01","0.175","0.13774193548387098","0.7847826086956522","0.26169491525423727","0.39593220338983054","0.505"
"6","0.49529411764705883","0.5030588235294118","0.9844705882352941","0.01776470588235294","1.01","0.01","0.01","0.01","0.01","0.01","0.01","0.175","0.13774193548387098","0.7847826086956522","0.26169491525423727","0.39593220338983054","0.505"
"2","0.8990588235294118","0.4603529411764706","0.9262352941176472","0.25070588235294117","0.01","1.01","0.01","0.01","0.01","0.01","0.01","0.175","0.13774193548387098","0.7847826086956522","0.26169491525423727","0.39593220338983054","0.505"
"9","0.5185882352941176","0.3710588235294118","0.18082352941176472","0.16917647058823532","0.01","1.01","0.01","0.01","0.01","0.01","0.01","0.175","0.13774193548387098","0.7847826086956522","0.26169491525423727","0.39593220338983054","0.505"
"4","0.14200000000000002","0.14976470588235294","0.7321176470588235","0.4409411764705882","0.01","1.01","0.01","0.01","0.01","0.01","0.01","0.175","0.13774193548387098","0.7847826086956522","0.26169491525423727","0.39593220338983054","0.505"
"2","0.11870588235294117","0.16917647058823532","0.8330588235294119","0.8369411764705883","0.01","0.01","0.01","0.01","1.01","0.01","0.01","0.175","0.13774193548387098","0.7847826086956522","0.26169491525423727","0.4127118644067797","0.505"
"9","0.7321176470588235","0.3205882352941177","0.49917647058823533","0.08764705882352941","0.01","1.01","0.01","0.01","0.01","0.01","0.01","0.175","0.13774193548387098","0.7847826086956522","0.26169491525423727","0.4127118644067797","0.505"
"7","0.9534117647058823","0.09541176470588235","0.21576470588235297","0.2584705882352941","0.01","0.01","0.01","0.01","0.01","0.01","1.01","0.175","0.13774193548387098","0.7847826086956522","0.26169491525423727","0.4127118644067797","0.505"
"2","0.060470588235294116","0.08764705882352941","0.8447058823529412","0.8408235294117647","0.01","0.01","1.01","0.01","0.01","0.01","0.01","0.175","0.13774193548387098","0.7847826086956522","0.26169491525423727","0.4127118644067797","0.505"
"2","0.6428235294117647","0.4370588235294118","0.8175294117647058","0.5341176470588236","0.01","0.01","0.01","0.01","0.01","1.01","0.01","0.175","0.13774193548387098","0.7847826086956522","0.26169491525423727","0.4127118644067797","0.505"
"2","0.20023529411764707","0.11870588235294117","0.4137647058823529","0.9883529411764707","0.01","0.01","0.01","0.01","0.01","0.01","1.01","0.175","0.13774193548387098","0.7847826086956522","0.26169491525423727","0.4127118644067797","0.505"
"7","0.6272941176470588","0.8796470588235294","0.6428235294117647","0.28952941176470587","0.01","0.01","0.01","0.01","1.01","0.01","0.01","0.175","0.13774193548387098","0.7847826086956522","0.26169491525423727","0.4127118644067797","0.505"
"0","0.8447058823529412","0.9495294117647058","0.21964705882352942","0.48364705882352943","0.01","0.01","0.01","0.01","1.01","0.01","0.01","0.175","0.13774193548387098","0.7847826086956522","0.26169491525423727","0.4127118644067797","0.505"
"7","0.4487058823529412","0.12258823529411764","0.6583529411764706","0.25070588235294117","0.01","0.01","0.01","0.01","0.01","1.01","0.01","0.175","0.13774193548387098","0.7847826086956522","0.26169491525423727","0.4127118644067797","0.505"
"7","0.15364705882352944","0.3244705882352941","0.8757647058823529","0.802","0.01","0.01","1.01","0.01","0.01","0.01","0.01","0.175","0.13774193548387098","0.7847826086956522","0.26169491525423727","0.4127118644067797","0.505"
"7","0.2584705882352941","0.5030588235294118","0.5651764705882353","0.6389411764705882","1.01","0.01","0.01","0.01","0.01","0.01","0.01","0.175","0.13774193548387098","0.7847826086956522","0.26169491525423727","0.4127118644067797","0.505"
"4","0.06823529411764706","0.17694117647058824","0.1264705882352941","0.9495294117647058","0.01","0.01","0.01","0.01","0.01","1.01","0.01","0.175","0.13774193548387098","0.7847826086956522","0.26169491525423727","0.4127118644067797","0.505"
"6","0.8291764705882353","0.3283529411764706","0.5147058823529411","0.9456470588235294","0.01","0.01","1.01","0.01","0.01","0.01","0.01","0.175","0.13774193548387098","0.7847826086956522","0.26169491525423727","0.4127118644067797","0.505"
"7","0.1963529411764706","0.5341176470588236","0.18082352941176472","0.6932941176470588","0.01","0.01","1.01","0.01","0.01","0.01","0.01","0.175","0.13774193548387098","0.7847826086956522","0.26169491525423727","0.4294915254237288","0.505"
"2","0.6117647058823529","0.3322352941176471","0.7592941176470588","0.5884705882352942","1.01","0.01","0.01","0.01","0.01","0.01","0.01","0.175","0.13774193548387098","0.7847826086956522","0.26169491525423727","0.4294915254237288","0.505"
"3","0.918470588235294","0.09152941176470587","0.3438823529411765","0.7398823529411765","0.01","0.01","0.01","1.01","0.01","0.01","0.01","0.175","0.13774193548387098","0.7847826086956522","0.26169491525423727","0.4294915254237288","0.505"
"5","0.860235294117647","0.5147058823529411","0.14200000000000002","0.7282352941176471","0.01","0.01","0.01","0.01","0.01","0.01","1.01","0.175","0.13774193548387098","0.7847826086956522","0.26169491525423727","0.4294915254237288","0.505"
"9","0.076","0.9262352941176472","0.5147058823529411","0.3788235294117647","0.01","0.01","0.01","0.01","0.01","0.01","1.01","0.175","0.13774193548387098","0.7847826086956522","0.26169491525423727","0.4294915254237288","0.505"
"1","0.7825882352941177","0.9378823529411765","0.7554117647058823","0.03329411764705882","0.01","0.01","1.01","0.01","0.01","0.01","0.01","0.175","0.13774193548387098","0.7847826086956522","0.26169491525423727","0.4294915254237288","0.505"
"0","0.4254117647058824","0.7165882352941176","0.2584705882352941","0.5651764705882353","0.01","0.01","0.01","0.01","0.01","1.01","0.01","0.175","0.13774193548387098","0.7847826086956522","0.26169491525423727","0.4294915254237288","0.505"
"7","0.20023529411764707","0.05658823529411765","0.18082352941176472","0.8097647058823529","0.01","0.01","0.01","0.01","1.01","0.01","0.01","0.175","0.13774193548387098","0.7847826086956522","0.26169491525423727","0.4294915254237288","0.505"
"7","0.0371764705882353","0.47200000000000003","0.2934117647058823","0.26623529411764707","1.01","0.01","0.01","0.01","0.01","0.01","0.01","0.175","0.13774193548387098","0.7847826086956522","0.26169491525423727","0.4294915254237288","0.505"
"5","0.3904705882352941","0.743764705882353","0.6428235294117647","0.21576470588235297","0.01","0.01","0.01","0.01","0.01","1.01","0.01","0.175","0.13774193548387098","0.7847826086956522","0.26169491525423727","0.4294915254237288","0.505"
"7","0.08376470588235294","0.7010588235294117","0.9223529411764705","0.05658823529411765","0.01","1.01","0.01","0.01","0.01","0.01","0.01","0.175","0.13774193548387098","0.7847826086956522","0.26169491525423727","0.446271186440678","0.505"
"8","0.3322352941176471","0.044941176470588234","0.347764705882353","0.3128235294117647","0.01","0.01","0.01","0.01","1.01","0.01","0.01","0.175","0.13774193548387098","0.7847826086956522","0.26169491525423727","0.446271186440678","0.505"
"7","0.25070588235294117","0.09929411764705881","0.2934117647058823","0.029411764705882353","0.01","1.01","0.01","0.01","0.01","0.01","0.01","0.175","0.13774193548387098","0.7847826086956522","0.26169491525423727","0.446271186440678","0.505"
"3","0.9650588235294117","0.7398823529411765","0.6583529411764706","0.5030588235294118","0.01","0.01","0.01","1.01","0.01","0.01","0.01","0.175","0.13774193548387098","0.7847826086956522","0.26169491525423727","0.446271186440678","0.505"
"8","0.2972941176470589","0.7127058823529412","0.20023529411764707","0.10317647058823529","0.01","1.01","0.01","0.01","0.01","0.01","0.01","0.175","0.13774193548387098","0.7847826086956522","0.26169491525423727","0.446271186440678","0.505"
"4","0.5845882352941177","0.41764705882352937","0.1148235294117647","0.9145882352941176","0.01","0.01","1.01","0.01","0.01","0.01","0.01","0.175","0.13774193548387098","0.7847826086956522","0.26169491525423727","0.446271186440678","0.505"
"1","0.7670588235294117","0.3827058823529412","0.18082352941176472","0.044941176470588234","0.01","0.01","0.01","0.01","0.01","0.01","1.01","0.175","0.13774193548387098","0.7847826086956522","0.26169491525423727","0.446271186440678","0.505"
"5","0.01","0.2856470588235294","0.8136470588235294","0.20800000000000002","0.01","0.01","0.01","1.01","0.01","0.01","0.01","0.175","0.13774193548387098","0.7847826086956522","0.26169491525423727","0.446271186440678","0.505"
"9","0.5690588235294117","0.076","0.8951764705882354","0.6428235294117647","0.01","0.01","0.01","1.01","0.01","0.01","0.01","0.175","0.13774193548387098","0.7847826086956522","0.26169491525423727","0.446271186440678","0.505"
"5","0.2934117647058823","0.5069411764705882","0.060470588235294116","0.1575294117647059","0.01","0.01","0.01","0.01","0.01","1.01","0.01","0.175","0.13774193548387098","0.7847826086956522","0.26169491525423727","0.446271186440678","0.505"
"2","0.28952941176470587","0.5224705882352941","0.3011764705882353","0.9728235294117646","0.01","0.01","1.01","0.01","0.01","0.01","0.01","0.175","0.13774193548387098","0.7847826086956522","0.26169491525423727","0.46305084745762715","0.505"
"7","0.7165882352941176","0.2934117647058823","0.5341176470588236","0.13811764705882354","0.01","0.01","1.01","0.01","0.01","0.01","0.01","0.175","0.13774193548387098","0.7847826086956522","0.26169491525423727","0.46305084745762715","0.505"
"2","0.4098823529411765","0.1458823529411765","0.2972941176470589","0.3516470588235294","0.01","0.01","1.01","0.01","0.01","0.01","0.01","0.175","0.13774193548387098","0.7847826086956522","0.26169491525423727","0.46305084745762715","0.505"
"3","0.5845882352941177","0.9495294117647058","0.1575294117647059","0.9922352941176471","0.01","0.01","0.01","0.01","0.01","0.01","1.01","0.175","0.13774193548387098","0.7847826086956522","0.26169491525423727","0.46305084745762715","0.505"
"3","0.06435294117647058","0.5768235294117646","0.49529411764705883","0.8447058823529412","0.01","0.01","0.01","0.01","0.01","1.01","0.01","0.175","0.13774193548387098","0.7847826086956522","0.26169491525423727","0.46305084745762715","0.505"
"3","0.9495294117647058","0.6583529411764706","0.8291764705882353","0.041058823529411766","0.01","1.01","0.01","0.01","0.01","0.01","0.01","0.175","0.13774193548387098","0.7847826086956522","0.26169491525423727","0.46305084745762715","0.505"
"0","0.5069411764705882","0.07988235294117646","0.9844705882352941","0.7010588235294117","0.01","0.01","1.01","0.01","0.01","0.01","0.01","0.175","0.13774193548387098","0.7847826086956522","0.26169491525423727","0.46305084745762715","0.505"
"6","0.7748235294117647","0.3982352941176471","0.3089411764705882","0.2934117647058823","1.01","0.01","0.01","0.01","0.01","0.01","0.01","0.175","0.13774193548387098","0.7847826086956522","0.26169491525423727","0.46305084745762715","0.505"
"0","0.8951764705882354","0.14200000000000002","0.24294117647058824","0.9961176470588236","0.01","0.01","0.01","0.01","1.01","0.01","0.01","0.175","0.13774193548387098","0.7847826086956522","0.26169491525423727","0.46305084745762715","0.505"
"3","0.9844705882352941","0.9922352941176471","0.6389411764705882","0.7864705882352941","0.01","0.01","1.01","0.01","0.01","0.01","0.01","0.175","0.13774193548387098","0.7847826086956522","0.26169491525423727","0.46305084745762715","0.505"
"8","0.5651764705882353","0.9223529411764705","0.08764705882352941","0.7282352941176471","0.01","0.01","1.01","0.01","0.01","0.01","0.01","0.175","0.13774193548387098","0.7847826086956522","0.26169491525423727","0.4798305084745763","0.505"
"3","0.07988235294117646","0.5341176470588236","0.8990588235294118","0.4875294117647059","0.01","0.01","0.01","1.01","0.01","0.01","0.01","0.175","0.13774193548387098","0.7847826086956522","0.26169491525423727","0.4798305084745763","0.505"
"4","0.9029411764705882","0.9456470588235294","0.21964705882352942","0.662235294117647","0.01","0.01","1.01","0.01","0.01","0.01","0.01","0.175","0.13774193548387098","0.7847826086956522","0.26169491525423727","0.4798305084745763","0.505"
"3","0.6117647058823529","0.2584705882352941","0.9883529411764707","0.8524705882352941","0.01","0.01","0.01","0.01","0.01","1.01","0.01","0.175","0.13774193548387098","0.7847826086956522","0.26169491525423727","0.4798305084745763","0.505"
"6","0.8912941176470588","0.4603529411764706","0.18858823529411764","0.8291764705882353","0.01","0.01","0.01","0.01","0.01","1.01","0.01","0.175","0.13774193548387098","0.7847826086956522","0.26169491525423727","0.4798305084745763","0.505"
"5","0.08376470588235294","0.3788235294117647","1.0","0.09929411764705881","0.01","0.01","0.01","0.01","0.01","0.01","1.01","0.175","0.13774193548387098","0.7847826086956522","0.26169491525423727","0.4798305084745763","0.505"
"2","0.9495294117647058","0.7321176470588235","0.5768235294117646","0.8252941176470587","0.01","0.01","0.01","1.01","0.01","0.01","0.01","0.175","0.13774193548387098","0.7847826086956522","0.26169491525423727","0.4798305084745763","0.505"
"4","0.7554117647058823","0.662235294117647","0.5108235294117647","0.736","0.01","0.01","0.01","0.01","0.01","1.01","0.01","0.175","0.13774193548387098","0.7847826086956522","0.26169491525423727","0.4798305084745763","0.505"
"3","0.3788235294117647","0.6855294117647059","0.5962352941176471","0.2972941176470589","1.01","0.01","0.01","0.01","0.01","0.01","0.01","0.175","0.13774193548387098","0.7847826086956522","0.26169491525423727","0.4798305084745763","0.505"
"4","0.45647058823529413","0.8485882352941176","0.21188235294117647","0.7709411764705882","0.01","0.01","0.01","0.01","0.01","0.01","1.01","0.175","0.13774193548387098","0.7847826086956522","0.26169491525423727","0.4798305084745763","0.505"
"8","0.48364705882352943","0.7398823529411765","0.8291764705882353","0.5069411764705882","0.01","0.01","0.01","0.01","0.01","1.01","0.01","0.175","0.13774193548387098","0.7847826086956522","0.26169491525423727","0.4798305084745763","0.505"
"1","0.7282352941176471","0.20800000000000002","0.9572941176470589","0.16529411764705884","0.01","0.01","0.01","1.01","0.01","0.01","0.01","0.175","0.13774193548387098","0.7847826086956522","0.26169491525423727","0.4798305084745763","0.505"
"5","0.05270588235294118","0.7398823529411765","0.8214117647058823","0.8369411764705883","0.01","0.01","0.01","0.01","0.01","1.01","0.01","0.175","0.13774193548387098","0.7847826086956522","0.26169491525423727","0.4966101694915255","0.505"
"9","0.6272941176470588","0.24294117647058824","0.9378823529411765","0.9883529411764707","0.01","1.01","0.01","0.01","0.01","0.01","0.01","0.175","0.13774193548387098","0.7847826086956522","0.26169491525423727","0.4966101694915255","0.505"
"8","0.6156470588235294","0.19247058823529414","0.11094117647058822","0.794235294117647","0.01","0.01","0.01","0.01","0.01","0.01","1.01","0.175","0.13774193548387098","0.7847826086956522","0.26169491525423727","0.4966101694915255","0.505"
"9","0.7515294117647059","0.5147058823529411","0.3244705882352941","0.8447058823529412","0.01","0.01","0.01","0.01","0.01","0.01","1.01","0.175","0.13774193548387098","0.7847826086956522","0.26169491525423727","0.4966101694915255","0.505"
"0","0.8641176470588235","0.03329411764705882","0.9844705882352941","0.07211764705882352","0.01","0.01","0.01","0.01","0.01","1.01","0.01","0.175","0.13774193548387098","0.7847826086956522","0.26169491525423727","0.4966101694915255","0.505"
"7","0.8136470588235294","0.802","0.041058823529411766","0.2856470588235294","0.01","0.01","0.01","0.01","1.01","0.01","0.01","0.175","0.13774193548387098","0.7847826086956522","0.26169491525423727","0.4966101694915255","0.505"
"5","0.6078823529411764","0.8408235294117647","0.6855294117647059","0.2351764705882353","0.01","1.01","0.01","0.01","0.01","0.01","0.01","0.175","0.13774193548387098","0.7847826086956522","0.26169491525423727","0.4966101694915255","0.505"
"8","0.8990588235294118","0.6234117647058823","0.8990588235294118","0.5341176470588236","0.01","0.01","0.01","0.01","0.01","1.01","0.01","0.175","0.13774193548387098","0.7847826086956522","0.26169491525423727","0.4966101694915255","0.505"
"4","0.6816470588235295","0.8874117647058823","0.2390588235294118","0.4525882352941177","1.01","0.01","0.01","0.01","0.01","0.01","0.01","0.175","0.13774193548387098","0.7847826086956522","0.26169491525423727","0.4966101694915255","0.505"
"5","0.1847058823529412","0.7825882352941177","0.8097647058823529","0.7592941176470588","0.01","1.01","0.01","0.01","0.01","0.01","0.01","0.175","0.13774193548387098","0.7847826086956522","0.26169491525423727","0.4966101694915255","0.505"
"7","0.868","0.4409411764705882","0.5923529411764706","0.7476470588235294","0.01","1.01","0.01","0.01","0.01","0.01","0.01","0.175","0.13774193548387098","0.7847826086956522","0.26169491525423727","0.4966101694915255","0.505"
"0","0.24682352941176472","0.5574117647058824","0.01388235294117647","0.3438823529411765","0.01","0.01","0.01","0.01","1.01","0.01","0.01","0.175","0.13774193548387098","0.7847826086956522","0.26169491525423727","0.4966101694915255","0.505"
"3","0.02164705882352941","0.6932941176470588","0.6311764705882353","0.4681176470588236","0.01","1.01","0.01","0.01","0.01","0.01","0.01","0.175","0.13774193548387098","0.7847826086956522","0.26169491525423727","0.5133898305084745","0.505"
"8","0.6001176470588235","0.17694117647058824","0.6389411764705882","0.27788235294117647","0.01","0.01","0.01","1.01","0.01","0.01","0.01","0.175","0.13774193548387098","0.7847826086956522","0.26169491525423727","0.5133898305084745","0.505"
"1","0.33999999999999997","0.3283529411764706","0.5612941176470588","0.8951764705882354","0.01","0.01","0.01","0.01","0.01","0.01","1.01","0.175","0.13774193548387098","0.7847826086956522","0.26169491525423727","0.5133898305084745","0.505"
"2","0.041058823529411766","0.8835294117647059","0.1963529411764706","0.8796470588235294","0.01","0.01","1.01","0.01","0.01","0.01","0.01","0.175","0.13774193548387098","0.7847826086956522","0.26169491525423727","0.5133898305084745","0.505"
"4","0.49917647058823533","0.2390588235294118","0.8641176470588235","0.14976470588235294","0.01","0.01","0.01","1.01","0.01","0.01","0.01","0.175","0.13774193548387098","0.7847826086956522","0.26169491525423727","0.5133898305084745","0.505"
"9","0.7748235294117647","0.7049411764705882","0.8563529411764705","0.5030588235294118","0.01","0.01","0.01","1.01","0.01","0.01","0.01","0.175","0.13774193548387098","0.7847826086956522","0.26169491525423727","0.5133898305084745","0.505"
"5","0.5768235294117646","0.20411764705882354","0.09929411764705881","0.41764705882352937","0.01","0.01","1.01","0.01","0.01","0.01","0.01","0.175","0.13774193548387098","0.7847826086956522","0.26169491525423727","0.5133898305084745","0.505"
"3","0.25070588235294117","0.7748235294117647","0.7670588235294117","0.20023529411764707","1.01","0.01","0.01","0.01","0.01","0.01","0.01","0.175","0.13774193548387098","0.7847826086956522","0.26169491525423727","0.5133898305084745","0.505"
"5","0.5574117647058824","0.5263529411764706","0.08376470588235294","0.02164705882352941","0.01","0.01","0.01","1.01","0.01","0.01","0.01","0.175","0.13774193548387098","0.7847826086956522","0.26169491525423727","0.5133898305084745","0.505"
"7","0.6389411764705882","0.6272941176470588","0.6777647058823529","0.8369411764705883","0.01","0.01","0.01","0.01","0.01","0.01","1.01","0.175","0.13774193548387098","0.7847826086956522","0.26169491525423727","0.5133898305084745","0.505"
"3","0.044941176470588234","0.9262352941176472","0.6971764705882353","0.6932941176470588","1.01","0.01","0.01","0.01","0.01","0.01","0.01","0.175","0.13774193548387098","0.7847826086956522","0.26169491525423727","0.5133898305084745","0.505"
"1","0.3516470588235294","0.20800000000000002","0.9767058823529412","0.5807058823529412","0.01","0.01","1.01","0.01","0.01","0.01","0.01","0.175","0.13774193548387098","0.7847826086956522","0.26169491525423727","0.5133898305084745","0.505"
"7","0.406","0.8835294117647059","0.6234117647058823","0.3011764705882353","0.01","0.01","0.01","0.01","0.01","1.01","0.01","0.175","0.13774193548387098","0.7847826086956522","0.26169491525423727","0.5301694915254238","0.505"
"6","0.22741176470588237","0.9029411764705882","0.6738823529411764","0.1963529411764706","0.01","0.01","0.01","0.01","0.01","0.01","1.01","0.175","0.13774193548387098","0.7847826086956522","0.26169491525423727","0.5301694915254238","0.505"
"3","0.934","0.09541176470588235","0.3244705882352941","0.8408235294117647","0.01","0.01","0.01","1.01","0.01","0.01","0.01","0.175","0.13774193548387098","0.7847826086956522","0.26169491525423727","0.5301694915254238","0.505"
"7","0.868","0.2584705882352941","0.5069411764705882","0.076","0.01","0.01","0.01","0.01","0.01","0.01","1.01","0.175","0.13774193548387098","0.7847826086956522","0.26169491525423727","0.5301694915254238","0.505"
"6","0.16917647058823532","0.7010588235294117","0.8990588235294118","0.6932941176470588","0.01","0.01","1.01","0.01","0.01","0.01","0.01","0.175","0.13774193548387098","0.7847826086956522","0.26169491525423727","0.5301694915254238","0.505"
"3","0.3361176470588235","0.6156470588235294","0.8912941176470588","0.8097647058823529","0.01","1.01","0.01","0.01","0.01","0.01","0.01","0.175","0.13774193548387098","0.7847826086956522","0.26169491525423727","0.5301694915254238","0.505"
"6","0.7825882352941177","0.7010588235294117","0.9572941176470589","0.8214117647058823","0.01","0.01","0.01","0.01","0.01","0.01","1.01","0.175","0.13774193548387098","0.7847826086956522","0.26169491525423727","0.5301694915254238","0.505"
"2","0.802","0.5962352941176471","0.8408235294117647","0.6389411764705882","0.01","0.01","1.01","0.01","0.01","0.01","0.01","0.175","0.13774193548387098","0.7847826086956522","0.26169491525423727","0.5301694915254238","0.505"
"6","0.041058823529411766","0.31670588235294117","0.6428235294117647","0.041058823529411766","0.01","0.01","0.01","1.01","0.01","0.01","0.01","0.175","0.13774193548387098","0.7847826086956522","0.26169491525423727","0.5301694915254238","0.505"
"6","0.8718823529411764","0.8757647058823529","0.47200000000000003","0.9961176470588236","0.01","0.01","0.01","1.01","0.01","0.01","0.01","0.175","0.13774193548387098","0.7847826086956522","0.26169491525423727","0.5301694915254238","0.505"
"0","0.8796470588235294","0.2351764705882353","0.0371764705882353","0.5690588235294117","0.01","0.01","0.01","1.01","0.01","0.01","0.01","0.175","0.13774193548387098","0.7847826086956522","0.26169491525423727","0.5469491525423729","0.505"
"2","0.03329411764705882","0.6544705882352941","0.09152941176470587","0.8796470588235294","0.01","1.01","0.01","0.01","0.01","0.01","0.01","0.175","0.13774193548387098","0.7847826086956522","0.26169491525423727","0.5469491525423729","0.505"
"1","0.8097647058823529","0.8524705882352941","0.20800000000000002","0.7204705882352941","1.01","0.01","0.01","0.01","0.01","0.01","0.01","0.175","0.13774193548387098","0.7847826086956522","0.26169491525423727","0.5469491525423729","0.505"
"6","0.3749411764705883","0.934","0.060470588235294116","0.3011764705882353","0.01","1.01","0.01","0.01","0.01","0.01","0.01","0.175","0.13774193548387098","0.7847826086956522","0.26169491525423727","0.5469491525423729","0.505"
"9","0.25070588235294117","0.6428235294117647","0.538","0.9223529411764705","0.01","0.01","0.01","0.01","0.01","0.01","1.01","0.175","0.13774193548387098","0.7847826086956522","0.26169491525423727","0.5469491525423729","0.505"
"5","0.12258823529411764","0.868","0.7476470588235294","0.604","0.01","1.01","0.01","0.01","0.01","0.01","0.01","0.175","0.13774193548387098","0.7847826086956522","0.26169491525423727","0.5469491525423729","0.505"
"1","0.9844705882352941","0.8874117647058823","0.7127058823529412","0.12258823529411764","0.01","0.01","0.01","1.01","0.01","0.01","0.01","0.175","0.13774193548387098","0.7847826086956522","0.26169491525423727","0.5469491525423729","0.505"
"6","0.6777647058823529","0.47200000000000003","0.4254117647058824","0.3788235294117647","0.01","0.01","1.01","0.01","0.01","0.01","0.01","0.175","0.13774193548387098","0.7847826086956522","0.26169491525423727","0.5469491525423729","0.505"
"1","0.7398823529411765","0.8214117647058823","0.9495294117647058","0.918470588235294","1.01","0.01","0.01","0.01","0.01","0.01","0.01","0.175","0.13774193548387098","0.7847826086956522","0.26169491525423727","0.5469491525423729","0.505"
"5","0.7554117647058823","0.6583529411764706","0.4681176470588236","0.09152941176470587","0.01","0.01","0.01","1.01","0.01","0.01","0.01","0.175","0.13774193548387098","0.7847826086956522","0.26169491525423727","0.5469491525423729","0.505"
"3","0.8757647058823529","0.6156470588235294","0.4254117647058824","0.3594117647058824","0.01","0.01","0.01","0.01","1.01","0.01","0.01","0.175","0.13774193548387098","0.7847826086956522","0.26169491525423727","0.5469491525423729","0.505"
"3","0.274","0.4875294117647059","0.4875294117647059","0.7476470588235294","0.01","0.01","0.01","0.01","0.01","1.01","0.01","0.175","0.13774193548387098","0.7847826086956522","0.26169491525423727","0.5469491525423729","0.505"
"4","0.6350588235294118","0.9145882352941176","0.060470588235294116","0.6738823529411764","0.01","0.01","0.01","0.01","0.01","1.01","0.01","0.175","0.13774193548387098","0.7847826086956522","0.26169491525423727","0.563728813559322","0.505"
"1","0.4021176470588235","0.802","0.2856470588235294","0.05658823529411765","0.01","1.01","0.01","0.01","0.01","0.01","0.01","0.175","0.13774193548387098","0.7847826086956522","0.26169491525423727","0.563728813559322","0.505"
"3","0.8990588235294118","0.9378823529411765","0.08376470588235294","0.6505882352941177","0.01","0.01","1.01","0.01","0.01","0.01","0.01","0.175","0.13774193548387098","0.7847826086956522","0.26169491525423727","0.563728813559322","0.505"
"4","0.3865882352941176","0.8757647058823529","0.2351764705882353","0.15364705882352944","0.01","1.01","0.01","0.01","0.01","0.01","0.01","0.175","0.13774193548387098","0.7847826086956522","0.26169491525423727","0.563728813559322","0.505"
"3","0.09152941176470587","0.9262352941176472","0.6738823529411764","0.5108235294117647","0.01","0.01","0.01","0.01","0.01","0.01","1.01","0.175","0.13774193548387098","0.7847826086956522","0.26169491525423727","0.563728813559322","0.505"
"5","0.1963529411764706","0.7165882352941176","0.6234117647058823","0.17694117647058824","0.01","0.01","0.01","1.01","0.01","0.01","0.01","0.175","0.13774193548387098","0.7847826086956522","0.26169491525423727","0.563728813559322","0.505"
"5","0.7631764705882352","0.33999999999999997","0.01776470588235294","0.3516470588235294","0.01","0.01","0.01","0.01","0.01","0.01","1.01","0.175","0.13774193548387098","0.7847826086956522","0.26169491525423727","0.563728813559322","0.505"
"4","0.860235294117647","0.19247058823529414","0.08376470588235294","0.4137647058823529","1.01","0.01","0.01","0.01","0.01","0.01","0.01","0.175","0.13774193548387098","0.7847826086956522","0.26169491525423727","0.563728813559322","0.505"
"2","0.5030588235294118","0.5418823529411765","0.3322352941176471","0.3982352941176471","0.01","0.01","0.01","0.01","0.01","0.01","1.01","0.175","0.13774193548387098","0.7847826086956522","0.26169491525423727","0.563728813559322","0.505"
"8","0.8951764705882354","0.24682352941176472","0.5884705882352942","0.6428235294117647","1.01","0.01","0.01","0.01","0.01","0.01","0.01","0.175","0.13774193548387098","0.7847826086956522","0.26169491525423727","0.563728813559322","0.505"
"9","0.9572941176470589","0.9767058823529412","0.13811764705882354","0.8718823529411764","0.01","0.01","0.01","1.01","0.01","0.01","0.01","0.175","0.13774193548387098","0.7847826086956522","0.26169491525423727","0.563728813559322","0.505"
"0","0.802","0.3361176470588235","0.47200000000000003","0.09541176470588235","0.01","0.01","0.01","1.01","0.01","0.01","0.01","0.175","0.13774193548387098","0.7847826086956522","0.26169491525423727","0.563728813559322","0.505"
"4","0.7088235294117647","0.538","0.26235294117647057","0.05270588235294118","0.01","1.01","0.01","0.01","0.01","0.01","0.01","0.175","0.13774193548387098","0.7847826086956522","0.26169491525423727","0.5805084745762712","0.505"
"0","0.01388235294117647","0.6738823529411764","0.13423529411764706","0.28952941176470587","0.01","0.01","0.01","0.01","0.01","1.01","0.01","0.175","0.13774193548387098","0.7847826086956522","0.26169491525423727","0.5805084745762712","0.505"
"6","0.5185882352941176","0.08764705882352941","0.17694117647058824","0.3865882352941176","0.01","0.01","0.01","0.01","0.01","0.01","1.01","0.175","0.13774193548387098","0.7847826086956522","0.26169491525423727","0.5805084745762712","0.505"
"1","0.5845882352941177","0.3982352941176471","0.09929411764705881","0.22741176470588237","0.01","0.01","0.01","0.01","1.01","0.01","0.01","0.175","0.13774193548387098","0.7847826086956522","0.26169491525423727","0.5805084745762712","0.505"
"4","0.3788235294117647","0.941764705882353","0.3865882352941176","0.26623529411764707","0.01","0.01","0.01","0.01","0.01","1.01","0.01","0.175","0.13774193548387098","0.7847826086956522","0.26169491525423727","0.5805084745762712","0.505"
"0","0.538","0.1303529411764706","0.07988235294117646","0.11870588235294117","1.01","0.01","0.01","0.01","0.01","0.01","0.01","0.175","0.13774193548387098","0.7847826086956522","0.26169491525423727","0.5805084745762712","0.505"
"8","0.5302352941176471","0.406","0.736","0.3710588235294118","1.01","0.01","0.01","0.01","0.01","0.01","0.01","0.175","0.13774193548387098","0.7847826086956522","0.26169491525423727","0.5805084745762712","0.505"
"6","0.06823529411764706","0.18082352941176472","1.0","0.20800000000000002","0.01","0.01","0.01","0.01","0.01","0.01","1.01","0.175","0.13774193548387098","0.7847826086956522","0.26169491525423727","0.5805084745762712","0.505"
"1","0.19247058823529414","0.2934117647058823","0.8796470588235294","0.802","0.01","0.01","0.01","1.01","0.01","0.01","0.01","0.175","0.13774193548387098","0.7847826086956522","0.26169491525423727","0.5805084745762712","0.505"
"9","0.9572941176470589","0.6816470588235295","0.9611764705882353","0.8408235294117647","0.01","0.01","0.01","0.01","0.01","0.01","1.01","0.175","0.13774193548387098","0.7847826086956522","0.26169491525423727","0.5805084745762712","0.505"
"9","0.9844705882352941","0.33999999999999997","0.7631764705882352","0.464235294117647","0.01","0.01","1.01","0.01","0.01","0.01","0.01","0.175","0.13774193548387098","0.7847826086956522","0.26169491525423727","0.5805084745762712","0.505"
"2","0.21188235294117647","0.17305882352941176","0.5185882352941176","0.860235294117647","1.01","0.01","0.01","0.01","0.01","0.01","0.01","0.175","0.13774193548387098","0.7847826086956522","0.26169491525423727","0.5805084745762712","0.505"
"3","0.6583529411764706","0.029411764705882353","0.4021176470588235","0.8485882352941176","0.01","0.01","0.01","1.01","0.01","0.01","0.01","0.175","0.13774193548387098","0.7847826086956522","0.26169491525423727","0.5805084745762712","0.505"
"0","0.16917647058823532","0.868","0.3749411764705883","0.3089411764705882","0.01","0.01","0.01","0.01","1.01","0.01","0.01","0.175","0.13774193548387098","0.7847826086956522","0.26169491525423727","0.5972881355932204","0.505"
"9","0.2934117647058823","0.08764705882352941","0.1458823529411765","0.029411764705882353","0.01","0.01","1.01","0.01","0.01","0.01","0.01","0.175","0.13774193548387098","0.7847826086956522","0.26169491525423727","0.5972881355932204","0.505"
"9","0.9922352941176471","0.406","0.1264705882352941","0.05658823529411765","1.01","0.01","0.01","0.01","0.01","0.01","0.01","0.175","0.13774193548387098","0.7847826086956522","0.26169491525423727","0.5972881355932204","0.505"
"9","0.5185882352941176","0.6816470588235295","0.27788235294117647","0.9961176470588236","0.01","0.01","0.01","0.01","0.01","1.01","0.01","0.175","0.13774193548387098","0.7847826086956522","0.26169491525423727","0.5972881355932204","0.505"
"6","0.9961176470588236","0.2390588235294118","0.09541176470588235","0.6389411764705882","0.01","0.01","0.01","0.01","0.01","1.01","0.01","0.175","0.13774193548387098","0.7847826086956522","0.26169491525423727","0.5972881355932204","0.505"
"7","0.28952941176470587","0.9767058823529412","0.4370588235294118","0.9611764705882353","1.01","0.01","0.01","0.01","0.01","0.01","0.01","0.175","0.13774193548387098","0.7847826086956522","0.26169491525423727","0.5972881355932204","0.505"
"4","0.4875294117647059","0.743764705882353","0.9961176470588236","0.794235294117647","1.01","0.01","0.01","0.01","0.01","0.01","0.01","0.175","0.13774193548387098","0.7847826086956522","0.26169491525423727","0.5972881355932204","0.505"
"0","0.6234117647058823","0.6505882352941177","0.868","0.9301176470588236","0.01","0.01","1.01","0.01","0.01","0.01","0.01","0.175","0.13774193548387098","0.7847826086956522","0.26169491525423727","0.5972881355932204","0.505"
"8","0.4292941176470588","0.01","0.9922352941176471","0.6311764705882353","0.01","0.01","0.01","0.01","0.01","1.01","0.01","0.175","0.13774193548387098","0.7847826086956522","0.26169491525423727","0.5972881355932204","0.505"
"8","0.09929411764705881","0.2701176470588236","0.802","0.8214117647058823","0.01","0.01","0.01","1.01","0.01","0.01","0.01","0.175","0.13774193548387098","0.7847826086956522","0.26169491525423727","0.5972881355932204","0.505"
"5","0.20023529411764707","0.9650588235294117","0.8291764705882353","0.8874117647058823","0.01","0.01","0.01","0.01","1.01","0.01","0.01","0.175","0.13774193548387098","0.7847826086956522","0.26169491525423727","0.5972881355932204","0.505"
"5","0.33999999999999997","0.9572941176470589","0.2934117647058823","0.9534117647058823","0.01","0.01","0.01","0.01","0.01","1.01","0.01","0.175","0.13774193548387098","0.7847826086956522","0.26169491525423727","0.5972881355932204","0.505"
"2","0.7864705882352941","0.5807058823529412","0.7981176470588235","0.076","0.01","1.01","0.01","0.01","0.01","0.01","0.01","0.175","0.13774193548387098","0.7847826086956522","0.26169491525423727","0.6140677966101695","0.505"
"0","0.09929411764705881","0.6971764705882353","0.11870588235294117","0.4797647058823529","0.01","0.01","0.01","0.01","1.01","0.01","0.01","0.175","0.13774193548387098","0.7847826086956522","0.26169491525423727","0.6140677966101695","0.505"
"6","0.8874117647058823","0.28952941176470587","0.16917647058823532","0.3089411764705882","0.01","0.01","0.01","0.01","0.01","0.01","1.01","0.175","0.13774193548387098","0.7847826086956522","0.26169491525423727","0.6140677966101695","0.505"
"4","0.4292941176470588","0.4487058823529412","0.08764705882352941","0.9922352941176471","0.01","0.01","0.01","0.01","0.01","1.01","0.01","0.175","0.13774193548387098","0.7847826086956522","0.26169491525423727","0.6140677966101695","0.505"
"5","0.13423529411764706","0.0371764705882353","0.1963529411764706","0.3865882352941176","0.01","0.01","0.01","0.01","0.01","1.01","0.01","0.175","0.13774193548387098","0.7847826086956522","0.26169491525423727","0.6140677966101695","0.505"
"0","0.6350588235294118","0.09929411764705881","0.20800000000000002","0.464235294117647","0.01","0.01","1.01","0.01","0.01","0.01","0.01","0.175","0.13774193548387098","0.7847826086956522","0.26169491525423727","0.6140677966101695","0.505"
"4","0.9145882352941176","0.9534117647058823","0.9883529411764707","0.8874117647058823","0.01","0.01","0.01","0.01","0.01","1.01","0.01","0.175","0.13774193548387098","0.7847826086956522","0.26169491525423727","0.6140677966101695","0.505"
"6","0.6467058823529412","0.1264705882352941","0.029411764705882353","0.8951764705882354","0.01","0.01","0.01","1.01","0.01","0.01","0.01","0.175","0.13774193548387098","0.7847826086956522","0.26169491525423727","0.6140677966101695","0.505"
"7","0.23129411764705884","0.6272941176470588","0.8874117647058823","0.6311764705882353","0.01","1.01","0.01","0.01","0.01","0.01","0.01","0.175","0.13774193548387098","0.7847826086956522","0.26169491525423727","0.6140677966101695","0.505"
"8","0.12258823529411764","0.4758823529411765","0.2584705882352941","0.274","0.01","0.01","0.01","0.01","0.01","1.01","0.01","0.175","0.13774193548387098","0.7847826086956522","0.26169491525423727","0.6140677966101695","0.505"
"8","0.7010588235294117","0.5302352941176471","0.2584705882352941","0.21576470588235297","0.01","0.01","0.01","0.01","0.01","0.01","1.01","0.175","0.13774193548387098","0.7847826086956522","0.26169491525423727","0.6140677966101695","0.505"
"3","0.6350588235294118","0.06435294117647058","0.8641176470588235","0.9883529411764707","0.01","0.01","1.01","0.01","0.01","0.01","0.01","0.175","0.13774193548387098","0.7847826086956522","0.26169491525423727","0.6140677966101695","0.505"
"6","0.9728235294117646","0.49917647058823533","0.7165882352941176","0.7204705882352941","0.01","0.01","0.01","0.01","1.01","0.01","0.01","0.175","0.13774193548387098","0.7847826086956522","0.26169491525423727","0.6308474576271187","0.505"
"2","0.3749411764705883","0.6699999999999999","0.16141176470588237","0.8990588235294118","0.01","0.01","0.01","0.01","1.01","0.01","0.01","0.175","0.13774193548387098","0.7847826086956522","0.26169491525423727","0.6308474576271187","0.505"
"5","0.6195294117647059","0.6117647058823529","0.4681176470588236","0.0371764705882353","0.01","0.01","0.01","0.01","0.01","1.01","0.01","0.175","0.13774193548387098","0.7847826086956522","0.26169491525423727","0.6308474576271187","0.505"
"7","0.1963529411764706","0.1264705882352941","0.05658823529411765","0.5962352941176471","0.01","0.01","0.01","0.01","0.01","1.01","0.01","0.175","0.13774193548387098","0.7847826086956522","0.26169491525423727","0.6308474576271187","0.505"
"4","0.868","0.3244705882352941","0.3089411764705882","0.39435294117647063","0.01","0.01","0.01","0.01","1.01","0.01","0.01","0.175","0.13774193548387098","0.7847826086956522","0.26169491525423727","0.6308474576271187","0.505"
"4","0.3361176470588235","0.6234117647058823","0.1148235294117647","0.044941176470588234","0.01","0.01","1.01","0.01","0.01","0.01","0.01","0.175","0.13774193548387098","0.7847826086956522","0.26169491525423727","0.6308474576271187","0.505"
"7","0.3361176470588235","0.6428235294117647","0.7204705882352941","0.8990588235294118","0.01","0.01","1.01","0.01","0.01","0.01","0.01","0.175","0.13774193548387098","0.7847826086956522","0.26169491525423727","0.6308474576271187","0.505"
"7","0.41764705882352937","0.5651764705882353","0.802","0.918470588235294","0.01","0.01","1.01","0.01","0.01","0.01","0.01","0.175","0.13774193548387098","0.7847826086956522","0.26169491525423727","0.6308474576271187","0.505"
"5","0.33999999999999997","0.2934117647058823","0.3865882352941176","0.9456470588235294","0.01","1.01","0.01","0.01","0.01","0.01","0.01","0.175","0.13774193548387098","0.7847826086956522","0.26169491525423727","0.6308474576271187","0.505"
"1","0.794235294117647","0.076","0.076","0.9378823529411765","0.01","0.01","0.01","0.01","1.01","0.01","0.01","0.175","0.13774193548387098","0.7847826086956522","0.26169491525423727","0.6308474576271187","0.505"
"5","0.347764705882353","0.6583529411764706","0.6699999999999999","0.7010588235294117","0.01","0.01","0.01","1.01","0.01","0.01","0.01","0.175","0.13774193548387098","0.7847826086956522","0.26169491525423727","0.6308474576271187","0.505"
"4","0.934","0.7787058823529412","0.860235294117647","0.4758823529411765","1.01","0.01","0.01","0.01","0.01","0.01","0.01","0.175","0.13774193548387098","0.7847826086956522","0.26169491525423727","0.6308474576271187","0.505"
"1","0.28952941176470587","0.7282352941176471","0.3011764705882353","0.4021176470588235","0.01","0.01","1.01","0.01","0.01","0.01","0.01","0.175","0.13774193548387098","0.7847826086956522","0.26169491525423727","0.6476271186440677","0.505"
"8","0.1847058823529412","0.3205882352941177","0.2972941176470589","0.7554117647058823","0.01","0.01","0.01","1.01","0.01","0.01","0.01","0.175","0.13774193548387098","0.7847826086956522","0.26169491525423727","0.6476271186440677","0.505"
"0","0.7049411764705882","0.3089411764705882","0.39435294117647063","0.5224705882352941","1.01","0.01","0.01","0.01","0.01","0.01","0.01","0.175","0.13774193548387098","0.7847826086956522","0.26169491525423727","0.6476271186440677","0.505"
"5","0.4409411764705882","0.934","0.9689411764705882","0.8447058823529412","0.01","0.01","0.01","0.01","1.01","0.01","0.01","0.175","0.13774193548387098","0.7847826086956522","0.26169491525423727","0.6476271186440677","0.505"
"5","0.4098823529411765","0.45647058823529413","0.5962352941176471","0.4914117647058823","0.01","0.01","0.01","0.01","0.01","0.01","1.01","0.175","0.13774193548387098","0.7847826086956522","0.26169491525423727","0.6476271186440677","0.505"
"8","0.5147058823529411","0.01","0.4137647058823529","0.9572941176470589","0.01","0.01","0.01","1.01","0.01","0.01","0.01","0.175","0.13774193548387098","0.7847826086956522","0.26169491525423727","0.6476271186440677","0.505"
"5","0.406","0.5457647058823529","0.24294117647058824","0.8058823529411765","0.01","0.01","0.01","0.01","0.01","1.01","0.01","0.175","0.13774193548387098","0.7847826086956522","0.26169491525423727","0.6476271186440677","0.505"
"4","0.1148235294117647","0.11094117647058822","0.9068235294117647","0.8641176470588235","0.01","0.01","0.01","0.01","0.01","0.01","1.01","0.175","0.13774193548387098","0.7847826086956522","0.26169491525423727","0.6476271186440677","0.505"
"7","0.5535294117647059","0.4525882352941177","0.8524705882352941","0.7903529411764706","0.01","1.01","0.01","0.01","0.01","0.01","0.01","0.175","0.13774193548387098","0.7847826086956522","0.26169491525423727","0.6476271186440677","0.505"
"2","0.8874117647058823","0.1575294117647059","0.16917647058823532","0.6738823529411764","0.01","0.01","0.01","0.01","1.01","0.01","0.01","0.175","0.13774193548387098","0.7847826086956522","0.26169491525423727","0.6476271186440677","0.505"
"9","0.538","0.7825882352941177","0.5729411764705882","0.15364705882352944","0.01","0.01","0.01","1.01","0.01","0.01","0.01","0.175","0.13774193548387098","0.7847826086956522","0.26169491525423727","0.6476271186440677","0.505"
"8","0.7398823529411765","0.02164705882352941","0.06823529411764706","0.8097647058823529","0.01","0.01","0.01","0.01","0.01","0.01","1.01","0.175","0.13774193548387098","0.7847826086956522","0.26169491525423727","0.6476271186440677","0.505"
"6","0.9029411764705882","1.0","0.9767058823529412","0.06435294117647058","1.01","0.01","0.01","0.01","0.01","0.01","0.01","0.175","0.13774193548387098","0.7847826086956522","0.26169491525423727","0.6476271186440677","0.505"
"1","0.09152941176470587","0.8835294117647059","0.15364705882352944","0.7903529411764706","0.01","0.01","0.01","0.01","0.01","1.01","0.01","0.175","0.13774193548387098","0.7847826086956522","0.26169491525423727","0.664406779661017","0.505"
"2","0.5263529411764706","0.3128235294117647","0.4914117647058823","0.8097647058823529","0.01","0.01","0.01","0.01","1.01","0.01","0.01","0.175","0.13774193548387098","0.7847826086956522","0.26169491525423727","0.664406779661017","0.505"
"7","0.3322352941176471","0.8214117647058823","0.464235294117647","0.4603529411764706","1.01","0.01","0.01","0.01","0.01","0.01","0.01","0.175","0.13774193548387098","0.7847826086956522","0.26169491525423727","0.664406779661017","0.505"
"1","0.7321176470588235","0.39435294117647063","0.918470588235294","0.44482352941176473","0.01","0.01","0.01","0.01","0.01","0.01","1.01","0.175","0.13774193548387098","0.7847826086956522","0.26169491525423727","0.664406779661017","0.505"
"4","0.22741176470588237","0.3516470588235294","0.076","0.860235294117647","0.01","0.01","0.01","1.01","0.01","0.01","0.01","0.175","0.13774193548387098","0.7847826086956522","0.26169491525423727","0.664406779661017","0.505"
"3","0.5651764705882353","0.2235294117647059","0.8058823529411765","0.5612941176470588","0.01","0.01","0.01","1.01","0.01","0.01","0.01","0.175","0.13774193548387098","0.7847826086956522","0.26169491525423727","0.664406779661017","0.505"
"5","0.2972941176470589","0.025529411764705884","0.48364705882352943","0.9107058823529411","0.01","0.01","0.01","0.01","0.01","0.01","1.01","0.175","0.13774193548387098","0.7847826086956522","0.26169491525423727","0.664406779661017","0.505"
"1","0.6389411764705882","0.8447058823529412","0.9107058823529411","0.8563529411764705","0.01","0.01","0.01","0.01","0.01","1.01","0.01","0.175","0.13774193548387098","0.7847826086956522","0.26169491525423727","0.664406779661017","0.505"
"5","0.3827058823529412","0.6234117647058823","0.6894117647058824","0.39435294117647063","0.01","0.01","1.01","0.01","0.01","0.01","0.01","0.175","0.13774193548387098","0.7847826086956522","0.26169491525423727","0.664406779661017","0.505"
"8","0.5651764705882353","0.6001176470588235","0.7825882352941177","0.0371764705882353","1.01","0.01","0.01","0.01","0.01","0.01","0.01","0.175","0.13774193548387098","0.7847826086956522","0.26169491525423727","0.664406779661017","0.505"
"9","0.406","0.6272941176470588","0.1847058823529412","0.274","0.01","0.01","0.01","0.01","0.01","1.01","0.01","0.175","0.13774193548387098","0.7847826086956522","0.26169491525423727","0.664406779661017","0.505"
"1","0.7010588235294117","0.16141176470588237","0.4254117647058824","0.4875294117647059","1.01","0.01","0.01","0.01","0.01","0.01","0.01","0.175","0.13774193548387098","0.7847826086956522","0.26169491525423727","0.6811864406779661","0.505"
"0","0.7204705882352941","1.0","0.3322352941176471","0.7825882352941177","0.01","0.01","0.01","1.01","0.01","0.01","0.01","0.175","0.13774193548387098","0.7847826086956522","0.26169491525423727","0.6811864406779661","0.505"
"7","0.9107058823529411","0.4331764705882353","0.2934117647058823","0.9068235294117647","0.01","0.01","0.01","0.01","1.01","0.01","0.01","0.175","0.13774193548387098","0.7847826086956522","0.26169491525423727","0.6811864406779661","0.505"
"7","0.7476470588235294","0.406","0.7010588235294117","0.860235294117647","0.01","1.01","0.01","0.01","0.01","0.01","0.01","0.175","0.13774193548387098","0.7847826086956522","0.26169491525423727","0.6811864406779661","0.505"
"6","0.6234117647058823","0.7670588235294117","0.6156470588235294","0.5147058823529411","0.01","0.01","1.01","0.01","0.01","0.01","0.01","0.175","0.13774193548387098","0.7847826086956522","0.26169491525423727","0.6811864406779661","0.505"
"1","0.6855294117647059","0.2856470588235294","0.6505882352941177","0.9495294117647058","0.01","0.01","0.01","0.01","0.01","0.01","1.01","0.175","0.13774193548387098","0.7847826086956522","0.26169491525423727","0.6811864406779661","0.505"
"4","0.4603529411764706","0.9844705882352941","0.09152941176470587","0.0371764705882353","0.01","0.01","0.01","0.01","0.01","0.01","1.01","0.175","0.13774193548387098","0.7847826086956522","0.26169491525423727","0.6811864406779661","0.505"
"1","0.406","0.8214117647058823","0.5729411764705882","0.28952941176470587","0.01","1.01","0.01","0.01","0.01","0.01","0.01","0.175","0.13774193548387098","0.7847826086956522","0.26169491525423727","0.6811864406779661","0.505"
"7","0.3710588235294118","0.6505882352941177","0.05658823529411765","0.8485882352941176","0.01","0.01","0.01","0.01","0.01","1.01","0.01","0.175","0.13774193548387098","0.7847826086956522","0.26169491525423727","0.6811864406779661","0.505"
"3","0.3827058823529412","0.49917647058823533","0.029411764705882353","0.8447058823529412","0.01","0.01","0.01","0.01","0.01","1.01","0.01","0.175","0.13774193548387098","0.7847826086956522","0.26169491525423727","0.6811864406779661","0.505"
"0","0.2972941176470589","0.4254117647058824","0.6894117647058824","0.7282352941176471","0.01","0.01","0.01","0.01","1.01","0.01","0.01","0.175","0.13774193548387098","0.7847826086956522","0.26169491525423727","0.6811864406779661","0.505"
"9","0.5224705882352941","0.7554117647058823","0.7670588235294117","0.6078823529411764","0.01","0.01","0.01","0.01","1.01","0.01","0.01","0.175","0.13774193548387098","0.7847826086956522","0.26169491525423727","0.6811864406779661","0.505"
"5","0.2856470588235294","0.6311764705882353","0.7127058823529412","0.17305882352941176","0.01","0.01","1.01","0.01","0.01","0.01","0.01","0.175","0.13774193548387098","0.7847826086956522","0.26169491525423727","0.6979661016949152","0.505"
"5","0.06435294117647058","0.3205882352941177","0.9145882352941176","0.49917647058823533","0.01","0.01","0.01","0.01","0.01","1.01","0.01","0.175","0.13774193548387098","0.7847826086956522","0.26169491525423727","0.6979661016949152","0.505"
"6","0.604","0.5690588235294117","0.7631764705882352","0.09541176470588235","0.01","0.01","0.01","0.01","1.01","0.01","0.01","0.175","0.13774193548387098","0.7847826086956522","0.26169491525423727","0.6979661016949152","0.505"
"4","0.3632941176470588","0.5224705882352941","0.7787058823529412","0.0371764705882353","0.01","0.01","0.01","1.01","0.01","0.01","0.01","0.175","0.13774193548387098","0.7847826086956522","0.26169491525423727","0.6979661016949152","0.505"
"3","0.6544705882352941","0.868","0.25458823529411767","0.7748235294117647","0.01","0.01","0.01","0.01","0.01","1.01","0.01","0.175","0.13774193548387098","0.7847826086956522","0.26169491525423727","0.6979661016949152","0.505"
"7","0.49917647058823533","0.3827058823529412","0.8874117647058823","0.8252941176470587","0.01","0.01","0.01","0.01","0.01","0.01","1.01","0.175","0.13774193548387098","0.7847826086956522","0.26169491525423727","0.6979661016949152","0.505"
"0","0.5768235294117646","0.7709411764705882","0.7554117647058823","0.44482352941176473","0.01","0.01","0.01","0.01","0.01","0.01","1.01","0.175","0.13774193548387098","0.7847826086956522","0.26169491525423727","0.6979661016949152","0.505"
"6","0.9922352941176471","0.6932941176470588","0.5224705882352941","0.6583529411764706","1.01","0.01","0.01","0.01","0.01","0.01","0.01","0.175","0.13774193548387098","0.7847826086956522","0.26169491525423727","0.6979661016949152","0.505"
"0","0.9961176470588236","0.6583529411764706","0.6894117647058824","0.7825882352941177","1.01","0.01","0.01","0.01","0.01","0.01","0.01","0.175","0.13774193548387098","0.7847826086956522","0.26169491525423727","0.6979661016949152","0.505"
"3","0.5729411764705882","1.0","0.20411764705882354","0.22741176470588237","0.01","0.01","0.01","0.01","0.01","1.01","0.01","0.175","0.13774193548387098","0.7847826086956522","0.26169491525423727","0.6979661016949152","0.505"
"1","0.8175294117647058","0.07211764705882352","0.31670588235294117","0.14200000000000002","0.01","0.01","1.01","0.01","0.01","0.01","0.01","0.175","0.13774193548387098","0.7847826086956522","0.26169491525423727","0.6979661016949152","0.505"
"1","0.3011764705882353","0.7592941176470588","0.6117647058823529","0.464235294117647","0.01","0.01","1.01","0.01","0.01","0.01","0.01","0.175","0.13774193548387098","0.7847826086956522","0.26169491525423727","0.7147457627118644","0.505"
"9","0.044941176470588234","0.8835294117647059","0.5574117647058824","0.21576470588235297","1.01","0.01","0.01","0.01","0.01","0.01","0.01","0.175","0.13774193548387098","0.7847826086956522","0.26169491525423727","0.7147457627118644","0.505"
"2","0.9883529411764707","0.3516470588235294","0.4525882352941177","0.36717647058823527","0.01","1.01","0.01","0.01","0.01","0.01","0.01","0.175","0.13774193548387098","0.7847826086956522","0.26169491525423727","0.7147457627118644","0.505"
"4","0.743764705882353","0.14976470588235294","0.36717647058823527","0.4758823529411765","1.01","0.01","0.01","0.01","0.01","0.01","0.01","0.175","0.13774193548387098","0.7847826086956522","0.26169491525423727","0.7147457627118644","0.505"
"8","0.6932941176470588","0.4137647058823529","0.9262352941176472","0.0371764705882353","0.01","0.01","0.01","0.01","0.01","0.01","1.01","0.175","0.13774193548387098","0.7847826086956522","0.26169491525423727","0.7147457627118644","0.505"
"1","0.8447058823529412","0.4409411764705882","0.6816470588235295","0.8951764705882354","0.01","0.01","0.01","1.01","0.01","0.01","0.01","0.175","0.13774193548387098","0.7847826086956522","0.26169491525423727","0.7147457627118644","0.505"
"7","0.24294117647058824","0.8563529411764705","0.20023529411764707","0.6583529411764706","1.01","0.01","0.01","0.01","0.01","0.01","0.01","0.175","0.13774193548387098","0.7847826086956522","0.26169491525423727","0.7147457627118644","0.505"
"8","0.7515294117647059","0.9844705882352941","0.7903529411764706","0.4914117647058823","0.01","1.01","0.01","0.01","0.01","0.01","0.01","0.175","0.13774193548387098","0.7847826086956522","0.26169491525423727","0.7147457627118644","0.505"
"5","0.3128235294117647","0.5845882352941177","0.8369411764705883","0.15364705882352944","0.01","0.01","0.01","0.01","0.01","0.01","1.01","0.175","0.13774193548387098","0.7847826086956522","0.26169491525423727","0.7147457627118644","0.505"
"5","0.9534117647058823","0.7515294117647059","0.868","0.3516470588235294","0.01","0.01","0.01","0.01","0.01","1.01","0.01","0.175","0.13774193548387098","0.7847826086956522","0.26169491525423727","0.7147457627118644","0.505"
"2","0.7631764705882352","0.8136470588235294","0.7476470588235294","0.041058823529411766","0.01","0.01","0.01","0.01","0.01","1.01","0.01","0.175","0.13774193548387098","0.7847826086956522","0.26169491525423727","0.7315254237288135","0.505"
"8","0.2235294117647059","0.13423529411764706","0.2856470588235294","0.6350588235294118","0.01","0.01","1.01","0.01","0.01","0.01","0.01","0.175","0.13774193548387098","0.7847826086956522","0.26169491525423727","0.7315254237288135","0.505"
"0","0.20411764705882354","0.5845882352941177","0.26623529411764707","0.8330588235294119","0.01","0.01","0.01","0.01","0.01","0.01","1.01","0.175","0.13774193548387098","0.7847826086956522","0.26169491525423727","0.7315254237288135","0.505"
"4","0.11094117647058822","0.604","0.16917647058823532","0.04882352941176471","0.01","0.01","0.01","0.01","0.01","1.01","0.01","0.175","0.13774193548387098","0.7847826086956522","0.26169491525423727","0.7315254237288135","0.505"
"5","0.9378823529411765","0.8990588235294118","0.4292941176470588","0.3982352941176471","0.01","0.01","1.01","0.01","0.01","0.01","0.01","0.175","0.13774193548387098","0.7847826086956522","0.26169491525423727","0.7315254237288135","0.505"
"3","0.076","0.7243529411764705","0.3244705882352941","0.464235294117647","0.01","0.01","1.01","0.01","0.01","0.01","0.01","0.175","0.13774193548387098","0.7847826086956522","0.26169491525423727","0.7315254237288135","0.505"
"1","0.060470588235294116","0.4098823529411765","0.33999999999999997","0.7088235294117647","1.01","0.01","0.01","0.01","0.01","0.01","0.01","0.175","0.13774193548387098","0.7847826086956522","0.26169491525423727","0.7315254237288135","0.505"
"4","0.04882352941176471","0.7165882352941176","0.044941176470588234","0.4914117647058823","0.01","0.01","1.01","0.01","0.01","0.01","0.01","0.175","0.13774193548387098","0.7847826086956522","0.26169491525423727","0.7315254237288135","0.505"
"7","0.35552941176470587","0.18082352941176472","0.041058823529411766","0.9728235294117646","0.01","0.01","0.01","0.01","1.01","0.01","0.01","0.175","0.13774193548387098","0.7847826086956522","0.26169491525423727","0.7315254237288135","0.505"
"7","0.21576470588235297","0.406","1.0","0.26235294117647057","0.01","0.01","0.01","1.01","0.01","0.01","0.01","0.175","0.13774193548387098","0.7847826086956522","0.26169491525423727","0.7315254237288135","0.505"
"0","0.3982352941176471","0.6894117647058824","0.47200000000000003","0.3865882352941176","0.01","0.01","0.01","1.01","0.01","0.01","0.01","0.175","0.13774193548387098","0.7847826086956522","0.26169491525423727","0.7315254237288135","0.505"
"9","0.347764705882353","0.6078823529411764","0.3516470588235294","0.09152941176470587","0.01","0.01","0.01","0.01","0.01","1.01","0.01","0.175","0.13774193548387098","0.7847826086956522","0.26169491525423727","0.7315254237288135","0.505"
"9","0.9883529411764707","0.19247058823529414","0.6389411764705882","0.22741176470588237","1.01","0.01","0.01","0.01","0.01","0.01","0.01","0.175","0.13774193548387098","0.7847826086956522","0.26169491525423727","0.7483050847457627","0.505"
"5","0.7825882352941177","0.7592941176470588","0.7088235294117647","0.2584705882352941","1.01","0.01","0.01","0.01","0.01","0.01","0.01","0.175","0.13774193548387098","0.7847826086956522","0.26169491525423727","0.7483050847457627","0.505"
"6","0.5341176470588236","0.347764705882353","0.35552941176470587","0.025529411764705884","1.01","0.01","0.01","0.01","0.01","0.01","0.01","0.175","0.13774193548387098","0.7847826086956522","0.26169491525423727","0.7483050847457627","0.505"
"2","0.9456470588235294","0.8951764705882354","0.5496470588235294","0.24682352941176472","0.01","0.01","0.01","0.01","0.01","0.01","1.01","0.175","0.13774193548387098","0.7847826086956522","0.26169491525423727","0.7483050847457627","0.505"
"5","0.060470588235294116","0.9534117647058823","0.03329411764705882","0.7010588235294117","0.01","0.01","0.01","0.01","0.01","0.01","1.01","0.175","0.13774193548387098","0.7847826086956522","0.26169491525423727","0.7483050847457627","0.505"
"7","0.4875294117647059","0.49529411764705883","0.9805882352941176","0.39435294117647063","0.01","1.01","0.01","0.01","0.01","0.01","0.01","0.175","0.13774193548387098","0.7847826086956522","0.26169491525423727","0.7483050847457627","0.505"
"3","0.9805882352941176","0.3594117647058824","0.7088235294117647","0.025529411764705884","0.01","0.01","0.01","0.01","0.01","0.01","1.01","0.175","0.13774193548387098","0.7847826086956522","0.26169491525423727","0.7483050847457627","0.505"
"5","0.3594117647058824","0.24294117647058824","0.9767058823529412","0.6738823529411764","0.01","0.01","1.01","0.01","0.01","0.01","0.01","0.175","0.13774193548387098","0.7847826086956522","0.26169491525423727","0.7483050847457627","0.505"
"8","0.1963529411764706","0.31670588235294117","0.6932941176470588","0.4875294117647059","0.01","0.01","0.01","0.01","1.01","0.01","0.01","0.175","0.13774193548387098","0.7847826086956522","0.26169491525423727","0.7483050847457627","0.505"
"2","0.3865882352941176","0.6738823529411764","0.5845882352941177","0.6156470588235294","0.01","1.01","0.01","0.01","0.01","0.01","0.01","0.175","0.13774193548387098","0.7847826086956522","0.26169491525423727","0.7483050847457627","0.505"
"6","0.9262352941176472","0.3710588235294118","0.11870588235294117","0.2856470588235294","0.01","0.01","0.01","0.01","0.01","0.01","1.01","0.175","0.13774193548387098","0.7847826086956522","0.26169491525423727","0.7483050847457627","0.505"
"4","0.3632941176470588","0.7282352941176471","0.9107058823529411","0.6389411764705882","0.01","1.01","0.01","0.01","0.01","0.01","0.01","0.175","0.13774193548387098","0.7847826086956522","0.26169491525423727","0.7483050847457627","0.505"
"1","0.03329411764705882","0.6738823529411764","0.3827058823529412","0.14976470588235294","0.01","0.01","0.01","0.01","1.01","0.01","0.01","0.175","0.13774193548387098","0.7847826086956522","0.26169491525423727","0.7650847457627118","0.505"
"4","0.35552941176470587","0.26623529411764707","0.025529411764705884","0.07988235294117646","0.01","1.01","0.01","0.01","0.01","0.01","0.01","0.175","0.13774193548387098","0.7847826086956522","0.26169491525423727","0.7650847457627118","0.505"
"2","0.918470588235294","0.02164705882352941","0.23129411764705884","0.5418823529411765","0.01","0.01","0.01","0.01","0.01","0.01","1.01","0.175","0.13774193548387098","0.7847826086956522","0.26169491525423727","0.7650847457627118","0.505"
"9","0.22741176470588237","0.1847058823529412","0.7787058823529412","0.1963529411764706","0.01","0.01","0.01","0.01","1.01","0.01","0.01","0.175","0.13774193548387098","0.7847826086956522","0.26169491525423727","0.7650847457627118","0.505"
"2","0.7476470588235294","0.347764705882353","0.7243529411764705","0.21576470588235297","0.01","0.01","0.01","0.01","1.01","0.01","0.01","0.175","0.13774193548387098","0.7847826086956522","0.26169491525423727","0.7650847457627118","0.505"
"6","0.8757647058823529","0.6428235294117647","0.9572941176470589","0.25070588235294117","0.01","0.01","0.01","0.01","0.01","1.01","0.01","0.175","0.13774193548387098","0.7847826086956522","0.26169491525423727","0.7650847457627118","0.505"
"1","0.662235294117647","0.4603529411764706","0.5185882352941176","0.1264705882352941","0.01","0.01","1.01","0.01","0.01","0.01","0.01","0.175","0.13774193548387098","0.7847826086956522","0.26169491525423727","0.7650847457627118","0.505"
"3","0.4797647058823529","0.7515294117647059","0.2934117647058823","0.21576470588235297","0.01","0.01","0.01","1.01","0.01","0.01","0.01","0.175","0.13774193548387098","0.7847826086956522","0.26169491525423727","0.7650847457627118","0.505"
"3","0.7398823529411765","0.3749411764705883","0.44482352941176473","0.3438823529411765","0.01","0.01","0.01","0.01","0.01","1.01","0.01","0.175","0.13774193548387098","0.7847826086956522","0.26169491525423727","0.7650847457627118","0.505"
"0","0.7010588235294117","0.9883529411764707","0.802","0.06435294117647058","1.01","0.01","0.01","0.01","0.01","0.01","0.01","0.175","0.13774193548387098","0.7847826086956522","0.26169491525423727","0.7650847457627118","0.505"
"9","0.5030588235294118","0.35552941176470587","0.9107058823529411","0.20800000000000002","1.01","0.01","0.01","0.01","0.01","0.01","0.01","0.175","0.13774193548387098","0.7847826086956522","0.26169491525423727","0.7650847457627118","0.505"
"4","0.8835294117647059","0.17694117647058824","0.406","0.05658823529411765","1.01","0.01","0.01","0.01","0.01","0.01","0.01","0.175","0.13774193548387098","0.7847826086956522","0.26169491525423727","0.7650847457627118","0.505"
"0","0.4137647058823529","0.10317647058823529","0.8563529411764705","0.743764705882353","0.01","0.01","1.01","0.01","0.01","0.01","0.01","0.175","0.13774193548387098","0.7847826086956522","0.26169491525423727","0.7818644067796611","0.505"
"7","0.7825882352941177","0.44482352941176473","0.4409411764705882","0.3594117647058824","0.01","0.01","0.01","0.01","0.01","1.01","0.01","0.175","0.13774193548387098","0.7847826086956522","0.26169491525423727","0.7818644067796611","0.505"
"7","0.2934117647058823","0.1458823529411765","0.6661176470588235","0.20411764705882354","0.01","1.01","0.01","0.01","0.01","0.01","0.01","0.175","0.13774193548387098","0.7847826086956522","0.26169491525423727","0.7818644067796611","0.505"
"4","1.0","0.6816470588235295","0.05658823529411765","0.794235294117647","0.01","1.01","0.01","0.01","0.01","0.01","0.01","0.175","0.13774193548387098","0.7847826086956522","0.26169491525423727","0.7818644067796611","0.505"
"0","0.743764705882353","0.347764705882353","0.3361176470588235","0.918470588235294","0.01","0.01","1.01","0.01","0.01","0.01","0.01","0.175","0.13774193548387098","0.7847826086956522","0.26169491525423727","0.7818644067796611","0.505"
"9","0.025529411764705884","0.7204705882352941","0.2701176470588236","0.10705882352941176","1.01","0.01","0.01","0.01","0.01","0.01","0.01","0.175","0.13774193548387098","0.7847826086956522","0.26169491525423727","0.7818644067796611","0.505"
"3","0.4603529411764706","0.14976470588235294","0.3710588235294118","0.860235294117647","1.01","0.01","0.01","0.01","0.01","0.01","0.01","0.175","0.13774193548387098","0.7847826086956522","0.26169491525423727","0.7818644067796611","0.505"
"6","0.15364705882352944","0.09929411764705881","0.4370588235294118","0.860235294117647","0.01","0.01","0.01","0.01","0.01","1.01","0.01","0.175","0.13774193548387098","0.7847826086956522","0.26169491525423727","0.7818644067796611","0.505"
"8","0.941764705882353","0.9456470588235294","0.7981176470588235","0.6932941176470588","0.01","0.01","0.01","0.01","0.01","0.01","1.01","0.175","0.13774193548387098","0.7847826086956522","0.26169491525423727","0.7818644067796611","0.505"
"3","0.5535294117647059","0.6894117647058824","0.9805882352941176","0.02164705882352941","0.01","0.01","0.01","0.01","0.01","0.01","1.01","0.175","0.13774193548387098","0.7847826086956522","0.26169491525423727","0.7818644067796611","0.505"
"4","0.604","0.406","0.6816470588235295","0.05658823529411765","1.01","0.01","0.01","0.01","0.01","0.01","0.01","0.175","0.13774193548387098","0.7847826086956522","0.26169491525423727","0.7818644067796611","0.505"
"8","0.6311764705882353","0.18082352941176472","0.6272941176470588","0.14976470588235294","0.01","0.01","0.01","0.01","1.01","0.01","0.01","0.175","0.13774193548387098","0.7847826086956522","0.26169491525423727","0.7986440677966101","0.505"
"4","0.5185882352941176","0.3904705882352941","0.7088235294117647","0.3788235294117647","0.01","0.01","0.01","0.01","0.01","0.01","1.01","0.175","0.13774193548387098","0.7847826086956522","0.26169491525423727","0.7986440677966101","0.505"
"3","0.3788235294117647","0.2584705882352941","0.025529411764705884","0.6544705882352941","0.01","0.01","0.01","0.01","0.01","1.01","0.01","0.175","0.13774193548387098","0.7847826086956522","0.26169491525423727","0.7986440677966101","0.505"
"7","0.4098823529411765","0.7204705882352941","0.8330588235294119","0.08764705882352941","0.01","0.01","1.01","0.01","0.01","0.01","0.01","0.175","0.13774193548387098","0.7847826086956522","0.26169491525423727","0.7986440677966101","0.505"
"7","0.35552941176470587","0.5729411764705882","0.3865882352941176","0.7787058823529412","0.01","0.01","0.01","1.01","0.01","0.01","0.01","0.175","0.13774193548387098","0.7847826086956522","0.26169491525423727","0.7986440677966101","0.505"
"5","0.24294117647058824","0.5108235294117647","0.10317647058823529","0.36717647058823527","0.01","0.01","0.01","0.01","0.01","1.01","0.01","0.175","0.13774193548387098","0.7847826086956522","0.26169491525423727","0.7986440677966101","0.505"
"4","0.3788235294117647","0.3594117647058824","0.029411764705882353","0.06823529411764706","0.01","0.01","0.01","1.01","0.01","0.01","0.01","0.175","0.13774193548387098","0.7847826086956522","0.26169491525423727","0.7986440677966101","0.505"
"8","0.8485882352941176","0.2856470588235294","0.9029411764705882","0.09929411764705881","0.01","0.01","1.01","0.01","0.01","0.01","0.01","0.175","0.13774193548387098","0.7847826086956522","0.26169491525423727","0.7986440677966101","0.505"
"5","0.09541176470588235","0.5729411764705882","0.5574117647058824","0.06435294117647058","0.01","1.01","0.01","0.01","0.01","0.01","0.01","0.175","0.13774193548387098","0.7847826086956522","0.26169491525423727","0.7986440677966101","0.505"
"7","0.044941176470588234","0.2235294117647059","0.9456470588235294","0.5418823529411765","0.01","0.01","0.01","0.01","0.01","0.01","1.01","0.175","0.13774193548387098","0.7847826086956522","0.26169491525423727","0.7986440677966101","0.505"
"8","0.2972941176470589","0.49529411764705883","0.5923529411764706","0.05658823529411765","1.01","0.01","0.01","0.01","0.01","0.01","0.01","0.175","0.13774193548387098","0.7847826086956522","0.26169491525423727","0.7986440677966101","0.505"
"6","0.44482352941176473","0.802","0.025529411764705884","0.3594117647058824","0.01","1.01","0.01","0.01","0.01","0.01","0.01","0.175","0.13774193548387098","0.7847826086956522","0.26169491525423727","0.8154237288135594","0.505"
"5","0.5224705882352941","0.01776470588235294","0.15364705882352944","0.9883529411764707","0.01","0.01","0.01","0.01","1.01","0.01","0.01","0.175","0.13774193548387098","0.7847826086956522","0.26169491525423727","0.8154237288135594","0.505"
"5","0.3516470588235294","0.9029411764705882","0.02164705882352941","0.4331764705882353","0.01","0.01","0.01","0.01","0.01","1.01","0.01","0.175","0.13774193548387098","0.7847826086956522","0.26169491525423727","0.8154237288135594","0.505"
"0","0.21188235294117647","0.18082352941176472","0.9805882352941176","0.33999999999999997","0.01","0.01","0.01","0.01","1.01","0.01","0.01","0.175","0.13774193548387098","0.7847826086956522","0.26169491525423727","0.8154237288135594","0.505"
"7","0.1303529411764706","0.7903529411764706","0.3361176470588235","0.2701176470588236","0.01","0.01","0.01","0.01","0.01","1.01","0.01","0.175","0.13774193548387098","0.7847826086956522","0.26169491525423727","0.8154237288135594","0.505"
"0","0.01388235294117647","0.4331764705882353","0.6583529411764706","0.41764705882352937","0.01","0.01","0.01","0.01","0.01","1.01","0.01","0.175","0.13774193548387098","0.7847826086956522","0.26169491525423727","0.8154237288135594","0.505"
"1","0.17694117647058824","0.9650588235294117","0.5884705882352942","0.6505882352941177","0.01","1.01","0.01","0.01","0.01","0.01","0.01","0.175","0.13774193548387098","0.7847826086956522","0.26169491525423727","0.8154237288135594","0.505"
"1","0.39435294117647063","0.3011764705882353","0.02164705882352941","0.3244705882352941","0.01","0.01","1.01","0.01","0.01","0.01","0.01","0.175","0.13774193548387098","0.7847826086956522","0.26169491525423727","0.8154237288135594","0.505"
"4","0.9611764705882353","0.5418823529411765","0.3283529411764706","0.6505882352941177","0.01","0.01","0.01","1.01","0.01","0.01","0.01","0.175","0.13774193548387098","0.7847826086956522","0.26169491525423727","0.8154237288135594","0.505"
"5","0.30505882352941177","0.5651764705882353","0.7282352941176471","0.6505882352941177","0.01","0.01","1.01","0.01","0.01","0.01","0.01","0.175","0.13774193548387098","0.7847826086956522","0.26169491525423727","0.8154237288135594","0.505"
"7","0.9378823529411765","0.09541176470588235","0.17305882352941176","0.7903529411764706","1.01","0.01","0.01","0.01","0.01","0.01","0.01","0.175","0.13774193548387098","0.7847826086956522","0.26169491525423727","0.8154237288135594","0.505"
"0","0.10317647058823529","0.9844705882352941","0.5729411764705882","0.6699999999999999","0.01","1.01","0.01","0.01","0.01","0.01","0.01","0.175","0.13774193548387098","0.7847826086956522","0.26169491525423727","0.8154237288135594","0.505"
"8","0.8330588235294119","0.9223529411764705","0.6389411764705882","0.8097647058823529","0.01","0.01","0.01","0.01","1.01","0.01","0.01","0.175","0.13774193548387098","0.7847826086956522","0.26169491525423727","0.8322033898305085","0.505"
"2","0.8757647058823529","0.6001176470588235","0.11094117647058822","0.7592941176470588","0.01","0.01","0.01","0.01","1.01","0.01","0.01","0.175","0.13774193548387098","0.7847826086956522","0.26169491525423727","0.8322033898305085","0.505"
"4","0.41764705882352937","0.6234117647058823","0.9922352941176471","0.2351764705882353","1.01","0.01","0.01","0.01","0.01","0.01","0.01","0.175","0.13774193548387098","0.7847826086956522","0.26169491525423727","0.8322033898305085","0.505"
"5","0.6971764705882353","0.9262352941176472","0.7243529411764705","0.5651764705882353","0.01","0.01","0.01","1.01","0.01","0.01","0.01","0.175","0.13774193548387098","0.7847826086956522","0.26169491525423727","0.8322033898305085","0.505"
"4","0.2972941176470589","0.274","0.8447058823529412","0.8058823529411765","1.01","0.01","0.01","0.01","0.01","0.01","0.01","0.175","0.13774193548387098","0.7847826086956522","0.26169491525423727","0.8322033898305085","0.505"
"3","0.42152941176470593","0.281764705882353","0.4875294117647059","0.05658823529411765","0.01","0.01","0.01","1.01","0.01","0.01","0.01","0.175","0.13774193548387098","0.7847826086956522","0.26169491525423727","0.8322033898305085","0.505"
"7","0.5224705882352941","0.3438823529411765","0.4292941176470588","0.36717647058823527","0.01","0.01","1.01","0.01","0.01","0.01","0.01","0.175","0.13774193548387098","0.7847826086956522","0.26169491525423727","0.8322033898305085","0.505"
"8","0.918470588235294","0.7670588235294117","0.076","0.5768235294117646","0.01","0.01","0.01","0.01","0.01","0.01","1.01","0.175","0.13774193548387098","0.7847826086956522","0.26169491525423727","0.8322033898305085","0.505"
"5","0.19247058823529414","0.3865882352941176","0.8136470588235294","0.5185882352941176","0.01","0.01","1.01","0.01","0.01","0.01","0.01","0.175","0.13774193548387098","0.7847826086956522","0.26169491525423727","0.8322033898305085","0.505"
"9","0.9650588235294117","0.025529411764705884","0.662235294117647","0.7631764705882352","0.01","0.01","0.01","0.01","0.01","1.01","0.01","0.175","0.13774193548387098","0.7847826086956522","0.26169491525423727","0.8322033898305085","0.505"
"1","0.274","0.4914117647058823","0.1847058823529412","0.10317647058823529","0.01","0.01","0.01","0.01","1.01","0.01","0.01","0.175","0.13774193548387098","0.7847826086956522","0.26169491525423727","0.8322033898305085","0.505"
"0","0.26623529411764707","0.8175294117647058","0.3904705882352941","0.8641176470588235","0.01","0.01","1.01","0.01","0.01","0.01","0.01","0.175","0.13774193548387098","0.7847826086956522","0.26169491525423727","0.8322033898305085","0.505"
"2","0.2584705882352941","0.5651764705882353","0.7554117647058823","0.7631764705882352","0.01","0.01","0.01","0.01","0.01","0.01","1.01","0.175","0.13774193548387098","0.7847826086956522","0.26169491525423727","0.8322033898305085","0.505"
"3","0.7398823529411765","0.9068235294117647","0.5302352941176471","0.42152941176470593","0.01","1.01","0.01","0.01","0.01","0.01","0.01","0.175","0.13774193548387098","0.7847826086956522","0.26169491525423727","0.8489830508474576","0.505"
"1","0.18858823529411764","0.1148235294117647","0.25458823529411767","0.2235294117647059","0.01","0.01","0.01","1.01","0.01","0.01","0.01","0.175","0.13774193548387098","0.7847826086956522","0.26169491525423727","0.8489830508474576","0.505"
"5","0.5807058823529412","0.08376470588235294","0.36717647058823527","0.5768235294117646","0.01","0.01","1.01","0.01","0.01","0.01","0.01","0.175","0.13774193548387098","0.7847826086956522","0.26169491525423727","0.8489830508474576","0.505"
"9","0.44482352941176473","0.26235294117647057","0.274","0.5807058823529412","0.01","0.01","0.01","1.01","0.01","0.01","0.01","0.175","0.13774193548387098","0.7847826086956522","0.26169491525423727","0.8489830508474576","0.505"
"1","0.45647058823529413","0.5496470588235294","0.8408235294117647","0.24682352941176472","0.01","0.01","0.01","0.01","1.01","0.01","0.01","0.175","0.13774193548387098","0.7847826086956522","0.26169491525423727","0.8489830508474576","0.505"
"4","0.47200000000000003","0.5030588235294118","0.16529411764705884","0.1575294117647059","0.01","0.01","0.01","1.01","0.01","0.01","0.01","0.175","0.13774193548387098","0.7847826086956522","0.26169491525423727","0.8489830508474576","0.505"
"0","0.4370588235294118","0.7165882352941176","0.30505882352941177","0.8524705882352941","0.01","0.01","0.01","1.01","0.01","0.01","0.01","0.175","0.13774193548387098","0.7847826086956522","0.26169491525423727","0.8489830508474576","0.505"
"9","0.4137647058823529","0.7282352941176471","0.4254117647058824","0.8835294117647059","1.01","0.01","0.01","0.01","0.01","0.01","0.01","0.175","0.13774193548387098","0.7847826086956522","0.26169491525423727","0.8489830508474576","0.505"
"1","0.2351764705882353","0.31670588235294117","0.4370588235294118","0.7398823529411765","0.01","0.01","0.01","0.01","0.01","0.01","1.01","0.175","0.13774193548387098","0.7847826086956522","0.26169491525423727","0.8489830508474576","0.505"
"1","0.16529411764705884","0.8990588235294118","0.1575294117647059","0.464235294117647","1.01","0.01","0.01","0.01","0.01","0.01","0.01","0.175","0.13774193548387098","0.7847826086956522","0.26169491525423727","0.8489830508474576","0.505"
"9","0.076","0.2856470588235294","0.23129411764705884","0.47200000000000003","0.01","1.01","0.01","0.01","0.01","0.01","0.01","0.175","0.13774193548387098","0.7847826086956522","0.26169491525423727","0.8489830508474576","0.505"
"8","0.17694117647058824","0.05658823529411765","0.8447058823529412","0.736","0.01","0.01","0.01","0.01","0.01","0.01","1.01","0.175","0.13774193548387098","0.7847826086956522","0.26169491525423727","0.8489830508474576","0.505"
"4","0.6234117647058823","0.7748235294117647","0.7476470588235294","0.6777647058823529","0.01","0.01","0.01","0.01","0.01","0.01","1.01","0.175","0.13774193548387098","0.7847826086956522","0.26169491525423727","0.8489830508474576","0.505"
"9","0.3788235294117647","0.7554117647058823","0.44482352941176473","0.18082352941176472","0.01","1.01","0.01","0.01","0.01","0.01","0.01","0.175","0.13774193548387098","0.7847826086956522","0.26169491525423727","0.8657627118644068","0.505"
"8","0.2972941176470589","0.9650588235294117","0.2351764705882353","0.7631764705882352","0.01","1.01","0.01","0.01","0.01","0.01","0.01","0.175","0.13774193548387098","0.7847826086956522","0.26169491525423727","0.8657627118644068","0.505"
"0","0.26235294117647057","0.5845882352941177","0.7787058823529412","0.8912941176470588","0.01","1.01","0.01","0.01","0.01","0.01","0.01","0.175","0.13774193548387098","0.7847826086956522","0.26169491525423727","0.8657627118644068","0.505"
"3","0.18858823529411764","0.6699999999999999","0.01388235294117647","0.9728235294117646","0.01","0.01","0.01","1.01","0.01","0.01","0.01","0.175","0.13774193548387098","0.7847826086956522","0.26169491525423727","0.8657627118644068","0.505"
"0","0.4331764705882353","0.48364705882352943","0.4758823529411765","0.07211764705882352","0.01","0.01","0.01","0.01","1.01","0.01","0.01","0.175","0.13774193548387098","0.7847826086956522","0.26169491525423727","0.8657627118644068","0.505"
"5","0.3827058823529412","0.041058823529411766","0.9068235294117647","0.7864705882352941","0.01","1.01","0.01","0.01","0.01","0.01","0.01","0.175","0.13774193548387098","0.7847826086956522","0.26169491525423727","0.8657627118644068","0.505"
"8","0.3827058823529412","0.6467058823529412","0.860235294117647","0.6932941176470588","0.01","0.01","0.01","0.01","0.01","0.01","1.01","0.175","0.13774193548387098","0.7847826086956522","0.26169491525423727","0.8657627118644068","0.505"
"1","0.22741176470588237","0.06823529411764706","0.4292941176470588","0.9223529411764705","0.01","0.01","1.01","0.01","0.01","0.01","0.01","0.175","0.13774193548387098","0.7847826086956522","0.26169491525423727","0.8657627118644068","0.505"
"6","0.2235294117647059","0.0371764705882353","0.6195294117647059","0.7787058823529412","0.01","0.01","1.01","0.01","0.01","0.01","0.01","0.175","0.13774193548387098","0.7847826086956522","0.26169491525423727","0.8657627118644068","0.505"
"8","0.5729411764705882","0.31670588235294117","0.076","0.11870588235294117","0.01","0.01","0.01","0.01","0.01","0.01","1.01","0.175","0.13774193548387098","0.7847826086956522","0.26169491525423727","0.8657627118644068","0.505"
"8","0.3011764705882353","0.1575294117647059","0.8563529411764705","0.662235294117647","0.01","1.01","0.01","0.01","0.01","0.01","0.01","0.175","0.13774193548387098","0.7847826086956522","0.26169491525423727","0.8657627118644068","0.505"
"6","0.4254117647058824","0.5185882352941176","0.41764705882352937","0.8447058823529412","0.01","1.01","0.01","0.01","0.01","0.01","0.01","0.175","0.13774193548387098","0.7847826086956522","0.26169491525423727","0.8657627118644068","0.505"
"0","0.604","0.22741176470588237","0.6078823529411764","0.9301176470588236","0.01","0.01","0.01","0.01","1.01","0.01","0.01","0.175","0.13774193548387098","0.7847826086956522","0.26169491525423727","0.882542372881356","0.505"
"8","0.18082352941176472","0.3322352941176471","0.23129411764705884","0.05658823529411765","0.01","1.01","0.01","0.01","0.01","0.01","0.01","0.175","0.13774193548387098","0.7847826086956522","0.26169491525423727","0.882542372881356","0.505"
"0","0.7631764705882352","0.21576470588235297","0.23129411764705884","0.1458823529411765","0.01","0.01","0.01","0.01","0.01","0.01","1.01","0.175","0.13774193548387098","0.7847826086956522","0.26169491525423727","0.882542372881356","0.505"
"5","0.3982352941176471","0.060470588235294116","0.3865882352941176","0.3244705882352941","0.01","0.01","0.01","0.01","0.01","0.01","1.01","0.175","0.13774193548387098","0.7847826086956522","0.26169491525423727","0.882542372881356","0.505"
"2","0.3244705882352941","0.8485882352941176","0.281764705882353","0.7476470588235294","1.01","0.01","0.01","0.01","0.01","0.01","0.01","0.175","0.13774193548387098","0.7847826086956522","0.26169491525423727","0.882542372881356","0.505"
"9","0.5690588235294117","0.4603529411764706","0.25070588235294117","0.9301176470588236","0.01","0.01","1.01","0.01","0.01","0.01","0.01","0.175","0.13774193548387098","0.7847826086956522","0.26169491525423727","0.882542372881356","0.505"
"8","0.736","0.1575294117647059","0.16529411764705884","0.06435294117647058","0.01","0.01","1.01","0.01","0.01","0.01","0.01","0.175","0.13774193548387098","0.7847826086956522","0.26169491525423727","0.882542372881356","0.505"
"0","0.041058823529411766","0.464235294117647","0.30505882352941177","0.8874117647058823","0.01","0.01","0.01","0.01","0.01","0.01","1.01","0.175","0.13774193548387098","0.7847826086956522","0.26169491525423727","0.882542372881356","0.505"
"1","0.7127058823529412","0.48364705882352943","0.4914117647058823","0.9961176470588236","0.01","0.01","0.01","0.01","1.01","0.01","0.01","0.175","0.13774193548387098","0.7847826086956522","0.26169491525423727","0.882542372881356","0.505"
"1","0.3283529411764706","0.6505882352941177","0.13811764705882354","0.538","0.01","0.01","0.01","0.01","0.01","1.01","0.01","0.175","0.13774193548387098","0.7847826086956522","0.26169491525423727","0.882542372881356","0.505"
"8","0.02164705882352941","0.281764705882353","0.7321176470588235","0.029411764705882353","0.01","0.01","0.01","0.01","1.01","0.01","0.01","0.175","0.13774193548387098","0.7847826086956522","0.26169491525423727","0.882542372881356","0.505"
"5","0.6195294117647059","0.20800000000000002","0.5263529411764706","0.47200000000000003","0.01","1.01","0.01","0.01","0.01","0.01","0.01","0.175","0.13774193548387098","0.7847826086956522","0.26169491525423727","0.882542372881356","0.505"
"2","0.7243529411764705","0.736","0.4525882352941177","0.8757647058823529","0.01","0.01","0.01","0.01","1.01","0.01","0.01","0.175","0.13774193548387098","0.7847826086956522","0.26169491525423727","0.882542372881356","0.505"
"3","0.029411764705882353","0.5341176470588236","0.5612941176470588","0.5574117647058824","1.01","0.01","0.01","0.01","0.01","0.01","0.01","0.175","0.13774193548387098","0.7847826086956522","0.26169491525423727","0.8993220338983051","0.505"
"9","0.7631764705882352","0.8097647058823529","0.14200000000000002","0.25458823529411767","0.01","0.01","0.01","1.01","0.01","0.01","0.01","0.175","0.13774193548387098","0.7847826086956522","0.26169491525423727","0.8993220338983051","0.505"
"6","0.19247058823529414","0.6971764705882353","0.7282352941176471","0.17694117647058824","0.01","0.01","0.01","0.01","0.01","0.01","1.01","0.175","0.13774193548387098","0.7847826086956522","0.26169491525423727","0.8993220338983051","0.505"
"5","0.5302352941176471","0.4525882352941177","0.06435294117647058","0.604","0.01","0.01","0.01","0.01","0.01","1.01","0.01","0.175","0.13774193548387098","0.7847826086956522","0.26169491525423727","0.8993220338983051","0.505"
"8","0.09152941176470587","0.274","0.3827058823529412","0.7709411764705882","0.01","0.01","0.01","1.01","0.01","0.01","0.01","0.175","0.13774193548387098","0.7847826086956522","0.26169491525423727","0.8993220338983051","0.505"
"6","0.16141176470588237","0.9728235294117646","0.7709411764705882","0.26623529411764707","0.01","1.01","0.01","0.01","0.01","0.01","0.01","0.175","0.13774193548387098","0.7847826086956522","0.26169491525423727","0.8993220338983051","0.505"
"8","0.8369411764705883","0.9534117647058823","0.01388235294117647","0.6855294117647059","0.01","0.01","1.01","0.01","0.01","0.01","0.01","0.175","0.13774193548387098","0.7847826086956522","0.26169491525423727","0.8993220338983051","0.505"
"4","0.20023529411764707","0.6078823529411764","0.16529411764705884","0.9689411764705882","0.01","0.01","1.01","0.01","0.01","0.01","0.01","0.175","0.13774193548387098","0.7847826086956522","0.26169491525423727","0.8993220338983051","0.505"
"6","0.2351764705882353","0.7282352941176471","0.19247058823529414","0.9844705882352941","0.01","0.01","0.01","0.01","0.01","1.01","0.01","0.175","0.13774193548387098","0.7847826086956522","0.26169491525423727","0.8993220338983051","0.505"
"7","0.6117647058823529","0.2972941176470589","0.4797647058823529","0.4914117647058823","0.01","0.01","0.01","0.01","0.01","0.01","1.01","0.175","0.13774193548387098","0.7847826086956522","0.26169491525423727","0.8993220338983051","0.505"
"1","0.14976470588235294","0.7864705882352941","0.9611764705882353","0.5341176470588236","0.01","1.01","0.01","0.01","0.01","0.01","0.01","0.175","0.13774193548387098","0.7847826086956522","0.26169491525423727","0.8993220338983051","0.505"
"6","0.13811764705882354","0.9223529411764705","0.2235294117647059","0.01388235294117647","0.01","0.01","0.01","0.01","0.01","0.01","1.01","0.175","0.13774193548387098","0.7847826086956522","0.26169491525423727","0.8993220338983051","0.505"
"8","0.3322352941176471","0.7709411764705882","0.5651764705882353","0.8214117647058823","1.01","0.01","0.01","0.01","0.01","0.01","0.01","0.175","0.13774193548387098","0.7847826086956522","0.26169491525423727","0.9161016949152543","0.505"
"7","0.5845882352941177","0.5690588235294117","0.14976470588235294","0.5923529411764706","0.01","0.01","0.01","0.01","0.01","1.01","0.01","0.175","0.13774193548387098","0.7847826086956522","0.26169491525423727","0.9161016949152543","0.505"
"7","0.5418823529411765","0.6234117647058823","0.1148235294117647","0.18082352941176472","0.01","0.01","0.01","1.01","0.01","0.01","0.01","0.175","0.13774193548387098","0.7847826086956522","0.26169491525423727","0.9161016949152543","0.505"
"9","0.08764705882352941","0.7321176470588235","0.4525882352941177","0.918470588235294","0.01","0.01","0.01","0.01","0.01","1.01","0.01","0.175","0.13774193548387098","0.7847826086956522","0.26169491525423727","0.9161016949152543","0.505"
"9","0.7903529411764706","0.9689411764705882","0.2972941176470589","0.21576470588235297","0.01","0.01","0.01","1.01","0.01","0.01","0.01","0.175","0.13774193548387098","0.7847826086956522","0.26169491525423727","0.9161016949152543","0.505"
"9","0.05270588235294118","0.3128235294117647","0.8757647058823529","0.7243529411764705","0.01","1.01","0.01","0.01","0.01","0.01","0.01","0.175","0.13774193548387098","0.7847826086956522","0.26169491525423727","0.9161016949152543","0.505"
"9","0.7864705882352941","0.9922352941176471","0.9767058823529412","0.48364705882352943","0.01","0.01","0.01","0.01","0.01","0.01","1.01","0.175","0.13774193548387098","0.7847826086956522","0.26169491525423727","0.9161016949152543","0.505"
"3","0.044941176470588234","0.1303529411764706","0.9689411764705882","0.041058823529411766","0.01","1.01","0.01","0.01","0.01","0.01","0.01","0.175","0.13774193548387098","0.7847826086956522","0.26169491525423727","0.9161016949152543","0.505"
"5","0.3749411764705883","0.8796470588235294","0.3865882352941176","0.20800000000000002","0.01","0.01","0.01","0.01","1.01","0.01","0.01","0.175","0.13774193548387098","0.7847826086956522","0.26169491525423727","0.9161016949152543","0.505"
"7","0.5768235294117646","0.1458823529411765","0.464235294117647","0.6816470588235295","0.01","0.01","1.01","0.01","0.01","0.01","0.01","0.175","0.13774193548387098","0.7847826086956522","0.26169491525423727","0.9161016949152543","0.505"
"6","0.860235294117647","0.7592941176470588","0.6932941176470588","0.7243529411764705","0.01","0.01","1.01","0.01","0.01","0.01","0.01","0.175","0.13774193548387098","0.7847826086956522","0.26169491525423727","0.9161016949152543","0.505"
"0","0.8214117647058823","0.9223529411764705","0.743764705882353","0.16529411764705884","0.01","1.01","0.01","0.01","0.01","0.01","0.01","0.175","0.13774193548387098","0.7847826086956522","0.26169491525423727","0.9161016949152543","0.505"
"6","0.274","0.1963529411764706","0.4254117647058824","0.5574117647058824","0.01","0.01","0.01","1.01","0.01","0.01","0.01","0.175","0.13774193548387098","0.7847826086956522","0.26169491525423727","0.9161016949152543","0.505"
"8","0.5651764705882353","0.9029411764705882","0.47200000000000003","0.9611764705882353","0.01","0.01","0.01","0.01","0.01","1.01","0.01","0.175","0.13774193548387098","0.7847826086956522","0.26169491525423727","0.9328813559322033","0.505"
"6","0.029411764705882353","0.934","0.8175294117647058","0.41764705882352937","0.01","0.01","0.01","0.01","1.01","0.01","0.01","0.175","0.13774193548387098","0.7847826086956522","0.26169491525423727","0.9328813559322033","0.505"
"0","0.39435294117647063","0.6894117647058824","0.6855294117647059","0.7903529411764706","0.01","0.01","0.01","0.01","0.01","1.01","0.01","0.175","0.13774193548387098","0.7847826086956522","0.26169491525423727","0.9328813559322033","0.505"
"3","0.5069411764705882","0.4797647058823529","0.6117647058823529","0.12258823529411764","0.01","0.01","0.01","0.01","0.01","1.01","0.01","0.175","0.13774193548387098","0.7847826086956522","0.26169491525423727","0.9328813559322033","0.505"
"6","0.01776470588235294","0.2390588235294118","0.6971764705882353","0.09929411764705881","0.01","0.01","1.01","0.01","0.01","0.01","0.01","0.175","0.13774193548387098","0.7847826086956522","0.26169491525423727","0.9328813559322033","0.505"
"2","0.1458823529411765","0.17305882352941176","0.941764705882353","0.2390588235294118","0.01","0.01","0.01","0.01","1.01","0.01","0.01","0.175","0.13774193548387098","0.7847826086956522","0.26169491525423727","0.9328813559322033","0.505"
"0","0.2390588235294118","0.802","0.3322352941176471","0.01776470588235294","0.01","0.01","0.01","0.01","0.01","1.01","0.01","0.175","0.13774193548387098","0.7847826086956522","0.26169491525423727","0.9328813559322033","0.505"
"3","0.9301176470588236","0.4137647058823529","0.21964705882352942","0.8874117647058823","0.01","0.01","0.01","0.01","1.01","0.01","0.01","0.175","0.13774193548387098","0.7847826086956522","0.26169491525423727","0.9328813559322033","0.505"
"1","0.6195294117647059","0.9805882352941176","0.6428235294117647","0.1148235294117647","0.01","0.01","1.01","0.01","0.01","0.01","0.01","0.175","0.13774193548387098","0.7847826086956522","0.26169491525423727","0.9328813559322033","0.505"
"9","0.6894117647058824","0.1264705882352941","0.6583529411764706","0.7631764705882352","0.01","0.01","0.01","0.01","0.01","0.01","1.01","0.175","0.13774193548387098","0.7847826086956522","0.26169491525423727","0.9328813559322033","0.505"
"0","0.8990588235294118","0.6272941176470588","0.21576470588235297","0.5496470588235294","1.01","0.01","0.01","0.01","0.01","0.01","0.01","0.175","0.13774193548387098","0.7847826086956522","0.26169491525423727","0.9328813559322033","0.505"
"9","0.23129411764705884","0.49917647058823533","0.025529411764705884","0.794235294117647","0.01","0.01","0.01","1.01","0.01","0.01","0.01","0.175","0.13774193548387098","0.7847826086956522","0.26169491525423727","0.9328813559322033","0.505"
"3","0.2856470588235294","0.8058823529411765","0.347764705882353","0.743764705882353","0.01","0.01","0.01","1.01","0.01","0.01","0.01","0.175","0.13774193548387098","0.7847826086956522","0.26169491525423727","0.9496610169491526","0.505"
"2","0.8951764705882354","0.6699999999999999","0.3361176470588235","0.7592941176470588","0.01","0.01","0.01","0.01","1.01","0.01","0.01","0.175","0.13774193548387098","0.7847826086956522","0.26169491525423727","0.9496610169491526","0.505"
"8","0.6738823529411764","0.14976470588235294","0.3089411764705882","0.21576470588235297","0.01","0.01","0.01","0.01","0.01","1.01","0.01","0.175","0.13774193548387098","0.7847826086956522","0.26169491525423727","0.9496610169491526","0.505"
"7","0.044941176470588234","0.5341176470588236","0.18082352941176472","0.16917647058823532","0.01","0.01","0.01","1.01","0.01","0.01","0.01","0.175","0.13774193548387098","0.7847826086956522","0.26169491525423727","0.9496610169491526","0.505"
"2","0.5923529411764706","0.7709411764705882","0.1575294117647059","0.6738823529411764","0.01","0.01","1.01","0.01","0.01","0.01","0.01","0.175","0.13774193548387098","0.7847826086956522","0.26169491525423727","0.9496610169491526","0.505"
"4","0.4254117647058824","0.5302352941176471","0.6078823529411764","0.06435294117647058","1.01","0.01","0.01","0.01","0.01","0.01","0.01","0.175","0.13774193548387098","0.7847826086956522","0.26169491525423727","0.9496610169491526","0.505"
"5","0.45647058823529413","0.5768235294117646","0.01388235294117647","0.802","0.01","0.01","0.01","1.01","0.01","0.01","0.01","0.175","0.13774193548387098","0.7847826086956522","0.26169491525423727","0.9496610169491526","0.505"
"7","0.08376470588235294","0.5729411764705882","0.3011764705882353","0.8447058823529412","0.01","0.01","0.01","0.01","1.01","0.01","0.01","0.175","0.13774193548387098","0.7847826086956522","0.26169491525423727","0.9496610169491526","0.505"
"8","0.4525882352941177","0.1148235294117647","0.281764705882353","0.9223529411764705","0.01","0.01","0.01","1.01","0.01","0.01","0.01","0.175","0.13774193548387098","0.7847826086956522","0.26169491525423727","0.9496610169491526","0.505"
"8","0.5612941176470588","0.9689411764705882","0.7049411764705882","0.7748235294117647","0.01","0.01","0.01","0.01","0.01","0.01","1.01","0.175","0.13774193548387098","0.7847826086956522","0.26169491525423727","0.9496610169491526","0.505"
"0","0.1847058823529412","0.3710588235294118","0.4797647058823529","0.6816470588235295","0.01","0.01","0.01","0.01","0.01","1.01","0.01","0.175","0.13774193548387098","0.7847826086956522","0.26169491525423727","0.9496610169491526","0.505"
"4","0.743764705882353","0.14200000000000002","0.3283529411764706","0.9728235294117646","0.01","0.01","1.01","0.01","0.01","0.01","0.01","0.175","0.13774193548387098","0.7847826086956522","0.26169491525423727","0.9496610169491526","0.505"
"6","0.17694117647058824","0.5845882352941177","0.7903529411764706","0.6661176470588235","0.01","1.01","0.01","0.01","0.01","0.01","0.01","0.175","0.13774193548387098","0.7847826086956522","0.26169491525423727","0.9664406779661017","0.505"
"2","0.5341176470588236","0.5729411764705882","0.4525882352941177","0.6932941176470588","0.01","0.01","0.01","0.01","1.01","0.01","0.01","0.175","0.13774193548387098","0.7847826086956522","0.26169491525423727","0.9664406779661017","0.505"
"0","0.15364705882352944","0.743764705882353","0.918470588235294","0.16529411764705884","0.01","1.01","0.01","0.01","0.01","0.01","0.01","0.175","0.13774193548387098","0.7847826086956522","0.26169491525423727","0.9664406779661017","0.505"
"8","0.14200000000000002","0.6389411764705882","0.4370588235294118","0.33999999999999997","0.01","0.01","0.01","0.01","1.01","0.01","0.01","0.175","0.13774193548387098","0.7847826086956522","0.26169491525423727","0.9664406779661017","0.505"
"7","0.9767058823529412","0.6117647058823529","0.08376470588235294","0.2972941176470589","0.01","0.01","0.01","0.01","1.01","0.01","0.01","0.175","0.13774193548387098","0.7847826086956522","0.26169491525423727","0.9664406779661017","0.505"
"8","0.4758823529411765","0.7088235294117647","0.934","0.21576470588235297","0.01","0.01","0.01","0.01","0.01","0.01","1.01","0.175","0.13774193548387098","0.7847826086956522","0.26169491525423727","0.9664406779661017","0.505"
"8","0.42152941176470593","0.05270588235294118","0.49529411764705883","0.6001176470588235","1.01","0.01","0.01","0.01","0.01","0.01","0.01","0.175","0.13774193548387098","0.7847826086956522","0.26169491525423727","0.9664406779661017","0.505"
"8","0.6583529411764706","0.9728235294117646","0.11870588235294117","0.5612941176470588","0.01","0.01","0.01","0.01","1.01","0.01","0.01","0.175","0.13774193548387098","0.7847826086956522","0.26169491525423727","0.9664406779661017","0.505"
"7","0.604","1.0","0.49529411764705883","0.5263529411764706","0.01","1.01","0.01","0.01","0.01","0.01","0.01","0.175","0.13774193548387098","0.7847826086956522","0.26169491525423727","0.9664406779661017","0.505"
"1","0.5768235294117646","0.27788235294117647","0.347764705882353","0.6583529411764706","0.01","0.01","0.01","0.01","0.01","0.01","1.01","0.175","0.13774193548387098","0.7847826086956522","0.26169491525423727","0.9664406779661017","0.505"
"1","0.5884705882352942","0.7476470588235294","0.3632941176470588","0.6078823529411764","0.01","0.01","0.01","0.01","0.01","0.01","1.01","0.175","0.13774193548387098","0.7847826086956522","0.26169491525423727","0.9664406779661017","0.505"
"9","0.8408235294117647","0.49917647058823533","0.20411764705882354","0.49529411764705883","0.01","0.01","0.01","1.01","0.01","0.01","0.01","0.175","0.13774193548387098","0.7847826086956522","0.26169491525423727","0.983220338983051","0.505"
"1","0.6272941176470588","0.538","0.1458823529411765","0.6816470588235295","0.01","0.01","0.01","1.01","0.01","0.01","0.01","0.175","0.13774193548387098","0.7847826086956522","0.26169491525423727","0.983220338983051","0.505"
"1","0.6001176470588235","0.1264705882352941","0.7282352941176471","0.8563529411764705","0.01","0.01","0.01","1.01","0.01","0.01","0.01","0.175","0.13774193548387098","0.7847826086956522","0.26169491525423727","0.983220338983051","0.505"
"1","0.14200000000000002","0.6544705882352941","0.11870588235294117","0.6001176470588235","0.01","1.01","0.01","0.01","0.01","0.01","0.01","0.175","0.13774193548387098","0.7847826086956522","0.26169491525423727","0.983220338983051","0.505"
"3","0.2235294117647059","0.3710588235294118","0.8058823529411765","0.14976470588235294","0.01","1.01","0.01","0.01","0.01","0.01","0.01","0.175","0.13774193548387098","0.7847826086956522","0.26169491525423727","0.983220338983051","0.505"
"7","0.2351764705882353","0.42152941176470593","0.802","0.4331764705882353","1.01","0.01","0.01","0.01","0.01","0.01","0.01","0.175","0.13774193548387098","0.7847826086956522","0.26169491525423727","0.983220338983051","0.505"
"6","0.25070588235294117","0.9805882352941176","0.5263529411764706","0.5185882352941176","0.01","1.01","0.01","0.01","0.01","0.01","0.01","0.175","0.13774193548387098","0.7847826086956522","0.26169491525423727","0.983220338983051","0.505"
"2","0.9767058823529412","0.3749411764705883","0.21576470588235297","0.9650588235294117","0.01","0.01","1.01","0.01","0.01","0.01","0.01","0.175","0.13774193548387098","0.7847826086956522","0.26169491525423727","0.983220338983051","0.505"
"8","0.9068235294117647","0.6738823529411764","0.5496470588235294","0.6272941176470588","0.01","0.01","1.01","0.01","0.01","0.01","0.01","0.175","0.13774193548387098","0.7847826086956522","0.26169491525423727","0.983220338983051","0.505"
"3","0.7398823529411765","0.7981176470588235","0.9689411764705882","0.9883529411764707","1.01","0.01","0.01","0.01","0.01","0.01","0.01","0.175","0.13774193548387098","0.7847826086956522","0.26169491525423727","0.983220338983051","0.505"
"2","0.9961176470588236","0.31670588235294117","0.2351764705882353","0.5185882352941176","0.01","1.01","0.01","0.01","0.01","0.01","0.01","0.175","0.13774193548387098","0.7847826086956522","0.26169491525423727","0.983220338983051","0.505"
"8","0.5612941176470588","0.7670588235294117","0.8175294117647058","0.7709411764705882","0.01","0.01","0.01","1.01","0.01","0.01","0.01","0.175","0.13774193548387098","0.7847826086956522","0.26169491525423727","1.0","0.505"
"5","0.8835294117647059","0.49917647058823533","0.7825882352941177","0.5962352941176471","0.01","0.01","0.01","0.01","0.01","1.01","0.01","0.175","0.13774193548387098","0.7847826086956522","0.26169491525423727","1.0","0.505"
"0","0.13811764705882354","0.3788235294117647","0.9145882352941176","0.868","0.01","0.01","1.01","0.01","0.01","0.01","0.01","0.175","0.13774193548387098","0.7847826086956522","0.26169491525423727","1.0","0.505"
"6","0.6738823529411764","0.2235294117647059","0.22741176470588237","0.9262352941176472","0.01","1.01","0.01","0.01","0.01","0.01","0.01","0.175","0.13774193548387098","0.7847826086956522","0.26169491525423727","1.0","0.505"
"9","0.7787058823529412","0.6971764705882353","0.029411764705882353","0.802","0.01","0.01","0.01","0.01","0.01","0.01","1.01","0.175","0.13774193548387098","0.7847826086956522","0.26169491525423727","1.0","0.505"
"5","0.1458823529411765","0.7864705882352941","0.3632941176470588","0.6932941176470588","0.01","0.01","0.01","0.01","0.01","1.01","0.01","0.175","0.13774193548387098","0.7847826086956522","0.26169491525423727","1.0","0.505"
"1","0.5612941176470588","0.9650588235294117","0.7592941176470588","0.07988235294117646","0.01","0.01","0.01","0.01","0.01","1.01","0.01","0.175","0.13774193548387098","0.7847826086956522","0.26169491525423727","1.0","0.505"
"8","0.9378823529411765","0.8835294117647059","0.08764705882352941","0.9145882352941176","0.01","0.01","0.01","1.01","0.01","0.01","0.01","0.175","0.13774193548387098","0.7847826086956522","0.26169491525423727","1.0","0.505"
"2","0.7981176470588235","0.9378823529411765","0.3244705882352941","0.41764705882352937","0.01","0.01","0.01","0.01","0.01","0.01","1.01","0.175","0.13774193548387098","0.7847826086956522","0.26169491525423727","1.0","0.505"
"0","0.4525882352941177","0.21188235294117647","0.538","0.8447058823529412","1.01","0.01","0.01","0.01","0.01","0.01","0.01","0.175","0.13774193548387098","0.7847826086956522","0.26169491525423727","1.0","0.505"
"2","0.2584705882352941","0.2701176470588236","0.7515294117647059","0.3827058823529412","0.01","0.01","0.01","1.01","0.01","0.01","0.01","0.175","0.13774193548387098","0.7847826086956522","0.27847457627118644","0.01","0.505"
"5","0.7321176470588235","0.860235294117647","0.860235294117647","0.8447058823529412","0.01","0.01","0.01","0.01","0.01","1.01","0.01","0.175","0.13774193548387098","0.7847826086956522","0.27847457627118644","0.01","0.505"
"0","0.16917647058823532","0.03329411764705882","0.8252941176470587","0.6816470588235295","0.01","0.01","0.01","1.01","0.01","0.01","0.01","0.175","0.13774193548387098","0.7847826086956522","0.27847457627118644","0.01","0.505"
"7","0.3361176470588235","0.6389411764705882","0.3982352941176471","0.9844705882352941","0.01","0.01","0.01","0.01","0.01","0.01","1.01","0.175","0.13774193548387098","0.7847826086956522","0.27847457627118644","0.01","0.505"
"3","0.6350588235294118","0.3322352941176471","0.6001176470588235","0.076","0.01","0.01","0.01","0.01","0.01","0.01","1.01","0.175","0.13774193548387098","0.7847826086956522","0.27847457627118644","0.01","0.505"
"2","0.5418823529411765","0.7631764705882352","0.9145882352941176","0.2235294117647059","1.01","0.01","0.01","0.01","0.01","0.01","0.01","0.175","0.13774193548387098","0.7847826086956522","0.27847457627118644","0.01","0.505"
"2","0.8175294117647058","0.25070588235294117","0.6699999999999999","0.7825882352941177","0.01","1.01","0.01","0.01","0.01","0.01","0.01","0.175","0.13774193548387098","0.7847826086956522","0.27847457627118644","0.01","0.505"
"4","0.01776470588235294","0.9301176470588236","0.6195294117647059","0.6467058823529412","0.01","1.01","0.01","0.01","0.01","0.01","0.01","0.175","0.13774193548387098","0.7847826086956522","0.27847457627118644","0.01","0.505"
"2","0.47200000000000003","0.8369411764705883","0.6932941176470588","0.025529411764705884","1.01","0.01","0.01","0.01","0.01","0.01","0.01","0.175","0.13774193548387098","0.7847826086956522","0.27847457627118644","0.01","0.505"
"0","0.3982352941176471","0.1303529411764706","0.4409411764705882","0.11094117647058822","0.01","1.01","0.01","0.01","0.01","0.01","0.01","0.175","0.13774193548387098","0.7847826086956522","0.27847457627118644","0.01","0.505"
"0","0.3283529411764706","0.4331764705882353","0.9495294117647058","0.6195294117647059","0.01","0.01","0.01","1.01","0.01","0.01","0.01","0.175","0.13774193548387098","0.7847826086956522","0.27847457627118644","0.01","0.505"
"8","0.941764705882353","0.3749411764705883","0.9378823529411765","0.6195294117647059","0.01","0.01","0.01","1.01","0.01","0.01","0.01","0.175","0.13774193548387098","0.7847826086956522","0.27847457627118644","0.026779661016949154","0.505"
"6","0.8485882352941176","0.41764705882352937","0.5496470588235294","0.274","0.01","0.01","0.01","0.01","0.01","0.01","1.01","0.175","0.13774193548387098","0.7847826086956522","0.27847457627118644","0.026779661016949154","0.505"
"6","0.45647058823529413","0.4525882352941177","0.31670588235294117","0.347764705882353","0.01","0.01","0.01","0.01","0.01","0.01","1.01","0.175","0.13774193548387098","0.7847826086956522","0.27847457627118644","0.026779661016949154","0.505"
"1","0.49917647058823533","0.9262352941176472","0.5845882352941177","0.3710588235294118","0.01","0.01","0.01","0.01","0.01","0.01","1.01","0.175","0.13774193548387098","0.7847826086956522","0.27847457627118644","0.026779661016949154","0.505"
"6","0.7088235294117647","0.6661176470588235","0.3865882352941176","0.4098823529411765","1.01","0.01","0.01","0.01","0.01","0.01","0.01","0.175","0.13774193548387098","0.7847826086956522","0.27847457627118644","0.026779661016949154","0.505"
"7","0.029411764705882353","0.5651764705882353","0.3632941176470588","0.6156470588235294","0.01","0.01","0.01","0.01","1.01","0.01","0.01","0.175","0.13774193548387098","0.7847826086956522","0.27847457627118644","0.026779661016949154","0.505"
"9","0.044941176470588234","0.8718823529411764","0.02164705882352941","0.8097647058823529","0.01","0.01","0.01","0.01","0.01","0.01","1.01","0.175","0.13774193548387098","0.7847826086956522","0.27847457627118644","0.026779661016949154","0.505"
"7","0.1264705882352941","0.21964705882352942","0.7127058823529412","0.6777647058823529","1.01","0.01","0.01","0.01","0.01","0.01","0.01","0.175","0.13774193548387098","0.7847826086956522","0.27847457627118644","0.026779661016949154","0.505"
"0","0.26623529411764707","0.09929411764705881","0.5923529411764706","0.7088235294117647","0.01","0.01","0.01","0.01","0.01","0.01","1.01","0.175","0.13774193548387098","0.7847826086956522","0.27847457627118644","0.026779661016949154","0.505"
"9","0.941764705882353","0.9145882352941176","0.9689411764705882","0.3244705882352941","0.01","0.01","0.01","1.01","0.01","0.01","0.01","0.175","0.13774193548387098","0.7847826086956522","0.27847457627118644","0.026779661016949154","0.505"
"9","0.05658823529411765","0.5496470588235294","0.48364705882352943","0.5845882352941177","0.01","0.01","0.01","0.01","0.01","0.01","1.01","0.175","0.13774193548387098","0.7847826086956522","0.27847457627118644","0.026779661016949154","0.505"
"5","0.5457647058823529","0.934","0.860235294117647","0.7748235294117647","0.01","0.01","0.01","0.01","0.01","0.01","1.01","0.175","0.13774193548387098","0.7847826086956522","0.27847457627118644","0.043559322033898305","0.505"
"3","0.7670588235294117","0.7398823529411765","0.13423529411764706","0.6777647058823529","0.01","0.01","0.01","0.01","0.01","0.01","1.01","0.175","0.13774193548387098","0.7847826086956522","0.27847457627118644","0.043559322033898305","0.505"
"5","0.7515294117647059","0.2584705882352941","0.1458823529411765","0.7981176470588235","0.01","0.01","0.01","0.01","1.01","0.01","0.01","0.175","0.13774193548387098","0.7847826086956522","0.27847457627118644","0.043559322033898305","0.505"
"7","0.3322352941176471","0.2972941176470589","0.5263529411764706","0.5768235294117646","1.01","0.01","0.01","0.01","0.01","0.01","0.01","0.175","0.13774193548387098","0.7847826086956522","0.27847457627118644","0.043559322033898305","0.505"
"7","0.029411764705882353","0.11094117647058822","0.7282352941176471","0.05270588235294118","0.01","1.01","0.01","0.01","0.01","0.01","0.01","0.175","0.13774193548387098","0.7847826086956522","0.27847457627118644","0.043559322033898305","0.505"
"0","0.01776470588235294","0.3089411764705882","0.2701176470588236","0.5923529411764706","0.01","0.01","0.01","1.01","0.01","0.01","0.01","0.175","0.13774193548387098","0.7847826086956522","0.27847457627118644","0.043559322033898305","0.505"
"7","0.868","0.8058823529411765","0.7476470588235294","0.2934117647058823","0.01","0.01","0.01","0.01","1.01","0.01","0.01","0.175","0.13774193548387098","0.7847826086956522","0.27847457627118644","0.043559322033898305","0.505"
"6","0.5418823529411765","0.662235294117647","0.743764705882353","0.1458823529411765","0.01","0.01","0.01","1.01","0.01","0.01","0.01","0.175","0.13774193548387098","0.7847826086956522","0.27847457627118644","0.043559322033898305","0.505"
"7","0.2856470588235294","0.5108235294117647","0.5418823529411765","0.3632941176470588","0.01","0.01","0.01","0.01","0.01","0.01","1.01","0.175","0.13774193548387098","0.7847826086956522","0.27847457627118644","0.043559322033898305","0.505"
"0","0.3827058823529412","0.7321176470588235","0.24682352941176472","0.19247058823529414","0.01","0.01","0.01","0.01","0.01","1.01","0.01","0.175","0.13774193548387098","0.7847826086956522","0.27847457627118644","0.043559322033898305","0.505"
"3","0.26623529411764707","0.7049411764705882","0.3982352941176471","0.04882352941176471","0.01","0.01","0.01","0.01","0.01","0.01","1.01","0.175","0.13774193548387098","0.7847826086956522","0.27847457627118644","0.060338983050847464","0.505"
"7","0.25070588235294117","0.17694117647058824","0.5651764705882353","0.2351764705882353","0.01","0.01","0.01","1.01","0.01","0.01","0.01","0.175","0.13774193548387098","0.7847826086956522","0.27847457627118644","0.060338983050847464","0.505"
"3","0.6389411764705882","0.4254117647058824","0.9844705882352941","0.2235294117647059","0.01","0.01","0.01","1.01","0.01","0.01","0.01","0.175","0.13774193548387098","0.7847826086956522","0.27847457627118644","0.060338983050847464","0.505"
"1","0.6195294117647059","0.6428235294117647","0.6350588235294118","0.47200000000000003","0.01","0.01","0.01","0.01","0.01","1.01","0.01","0.175","0.13774193548387098","0.7847826086956522","0.27847457627118644","0.060338983050847464","0.505"
"3","0.10317647058823529","0.5302352941176471","0.4525882352941177","0.7748235294117647","0.01","0.01","0.01","0.01","0.01","1.01","0.01","0.175","0.13774193548387098","0.7847826086956522","0.27847457627118644","0.060338983050847464","0.505"
"5","0.5845882352941177","0.8874117647058823","0.3788235294117647","0.5263529411764706","0.01","0.01","0.01","0.01","0.01","1.01","0.01","0.175","0.13774193548387098","0.7847826086956522","0.27847457627118644","0.060338983050847464","0.505"
"9","0.7398823529411765","0.3904705882352941","0.13811764705882354","0.6816470588235295","0.01","0.01","1.01","0.01","0.01","0.01","0.01","0.175","0.13774193548387098","0.7847826086956522","0.27847457627118644","0.060338983050847464","0.505"
"7","0.5923529411764706","0.8718823529411764","0.20800000000000002","0.464235294117647","0.01","0.01","0.01","1.01","0.01","0.01","0.01","0.175","0.13774193548387098","0.7847826086956522","0.27847457627118644","0.060338983050847464","0.505"
"8","1.0","0.5768235294117646","0.8136470588235294","0.7670588235294117","0.01","0.01","0.01","0.01","0.01","1.01","0.01","0.175","0.13774193548387098","0.7847826086956522","0.27847457627118644","0.060338983050847464","0.505"
"4","0.076","0.6583529411764706","0.1458823529411765","0.6467058823529412","0.01","0.01","0.01","0.01","0.01","0.01","1.01","0.175","0.13774193548387098","0.7847826086956522","0.27847457627118644","0.060338983050847464","0.505"
"4","0.45647058823529413","0.5845882352941177","0.23129411764705884","0.8951764705882354","0.01","0.01","1.01","0.01","0.01","0.01","0.01","0.175","0.13774193548387098","0.7847826086956522","0.27847457627118644","0.0771186440677966","0.505"
"1","0.5224705882352941","0.3283529411764706","0.4098823529411765","0.1458823529411765","0.01","0.01","0.01","1.01","0.01","0.01","0.01","0.175","0.13774193548387098","0.7847826086956522","0.27847457627118644","0.0771186440677966","0.505"
"8","0.6117647058823529","0.060470588235294116","0.3128235294117647","0.5962352941176471","0.01","0.01","0.01","0.01","0.01","0.01","1.01","0.175","0.13774193548387098","0.7847826086956522","0.27847457627118644","0.0771186440677966","0.505"
"4","0.5690588235294117","0.9456470588235294","0.4914117647058823","0.4292941176470588","0.01","0.01","1.01","0.01","0.01","0.01","0.01","0.175","0.13774193548387098","0.7847826086956522","0.27847457627118644","0.0771186440677966","0.505"
"9","0.6738823529411764","0.8485882352941176","0.7981176470588235","0.6855294117647059","0.01","0.01","1.01","0.01","0.01","0.01","0.01","0.175","0.13774193548387098","0.7847826086956522","0.27847457627118644","0.0771186440677966","0.505"
"7","0.0371764705882353","0.4797647058823529","0.794235294117647","0.31670588235294117","0.01","0.01","0.01","0.01","0.01","0.01","1.01","0.175","0.13774193548387098","0.7847826086956522","0.27847457627118644","0.0771186440677966","0.505"
"8","0.860235294117647","0.9029411764705882","0.7204705882352941","0.49917647058823533","0.01","0.01","1.01","0.01","0.01","0.01","0.01","0.175","0.13774193548387098","0.7847826086956522","0.27847457627118644","0.0771186440677966","0.505"
"6","0.6738823529411764","0.9689411764705882","0.802","0.6428235294117647","0.01","1.01","0.01","0.01","0.01","0.01","0.01","0.175","0.13774193548387098","0.7847826086956522","0.27847457627118644","0.0771186440677966","0.505"
"3","0.5496470588235294","0.3438823529411765","0.8835294117647059","0.3516470588235294","0.01","1.01","0.01","0.01","0.01","0.01","0.01","0.175","0.13774193548387098","0.7847826086956522","0.27847457627118644","0.0771186440677966","0.505"
"7","0.01776470588235294","0.743764705882353","0.8485882352941176","0.6932941176470588","1.01","0.01","0.01","0.01","0.01","0.01","0.01","0.175","0.13774193548387098","0.7847826086956522","0.27847457627118644","0.0771186440677966","0.505"
"0","0.9301176470588236","0.8330588235294119","0.3632941176470588","0.3516470588235294","0.01","0.01","0.01","0.01","0.01","1.01","0.01","0.175","0.13774193548387098","0.7847826086956522","0.27847457627118644","0.09389830508474575","0.505"
"1","0.26623529411764707","0.7864705882352941","0.8796470588235294","0.9805882352941176","1.01","0.01","0.01","0.01","0.01","0.01","0.01","0.175","0.13774193548387098","0.7847826086956522","0.27847457627118644","0.09389830508474575","0.505"
"4","0.4758823529411765","0.7165882352941176","0.736","0.13811764705882354","0.01","0.01","0.01","1.01","0.01","0.01","0.01","0.175","0.13774193548387098","0.7847826086956522","0.27847457627118644","0.09389830508474575","0.505"
"3","0.20023529411764707","0.41764705882352937","0.9223529411764705","0.13423529411764706","0.01","0.01","0.01","0.01","0.01","1.01","0.01","0.175","0.13774193548387098","0.7847826086956522","0.27847457627118644","0.09389830508474575","0.505"
"9","0.5612941176470588","0.6855294117647059","0.025529411764705884","0.5845882352941177","0.01","0.01","0.01","0.01","1.01","0.01","0.01","0.175","0.13774193548387098","0.7847826086956522","0.27847457627118644","0.09389830508474575","0.505"
"8","0.5302352941176471","0.9029411764705882","0.3904705882352941","0.4370588235294118","0.01","0.01","0.01","0.01","1.01","0.01","0.01","0.175","0.13774193548387098","0.7847826086956522","0.27847457627118644","0.09389830508474575","0.505"
"6","0.8757647058823529","0.4875294117647059","0.9068235294117647","0.538","0.01","0.01","0.01","0.01","0.01","0.01","1.01","0.175","0.13774193548387098","0.7847826086956522","0.27847457627118644","0.09389830508474575","0.505"
"5","0.5457647058823529","0.934","0.03329411764705882","0.4758823529411765","0.01","0.01","0.01","0.01","0.01","1.01","0.01","0.175","0.13774193548387098","0.7847826086956522","0.27847457627118644","0.09389830508474575","0.505"
"2","0.6855294117647059","0.21576470588235297","0.6272941176470588","0.9301176470588236","0.01","0.01","1.01","0.01","0.01","0.01","0.01","0.175","0.13774193548387098","0.7847826086956522","0.27847457627118644","0.09389830508474575","0.505"
"9","0.8757647058823529","0.35552941176470587","0.49529411764705883","0.7476470588235294","0.01","0.01","0.01","0.01","0.01","1.01","0.01","0.175","0.13774193548387098","0.7847826086956522","0.27847457627118644","0.09389830508474575","0.505"
"6","0.5185882352941176","0.3128235294117647","0.3516470588235294","0.9844705882352941","1.01","0.01","0.01","0.01","0.01","0.01","0.01","0.175","0.13774193548387098","0.7847826086956522","0.27847457627118644","0.09389830508474575","0.505"
"1","0.8718823529411764","0.31670588235294117","0.9728235294117646","0.09541176470588235","0.01","0.01","0.01","0.01","1.01","0.01","0.01","0.175","0.13774193548387098","0.7847826086956522","0.27847457627118644","0.09389830508474575","0.505"
"2","0.05658823529411765","0.7631764705882352","0.08376470588235294","0.6272941176470588","0.01","0.01","1.01","0.01","0.01","0.01","0.01","0.175","0.13774193548387098","0.7847826086956522","0.27847457627118644","0.11067796610169492","0.505"
"9","0.4487058823529412","0.13811764705882354","0.8718823529411764","0.11870588235294117","1.01","0.01","0.01","0.01","0.01","0.01","0.01","0.175","0.13774193548387098","0.7847826086956522","0.27847457627118644","0.11067796610169492","0.505"
"0","0.8796470588235294","0.5962352941176471","0.1148235294117647","0.5884705882352942","0.01","0.01","0.01","0.01","0.01","1.01","0.01","0.175","0.13774193548387098","0.7847826086956522","0.27847457627118644","0.11067796610169492","0.505"
"1","0.941764705882353","0.9029411764705882","0.3128235294117647","0.4525882352941177","0.01","1.01","0.01","0.01","0.01","0.01","0.01","0.175","0.13774193548387098","0.7847826086956522","0.27847457627118644","0.11067796610169492","0.505"
"5","0.06823529411764706","0.4021176470588235","0.2390588235294118","0.9145882352941176","0.01","0.01","0.01","1.01","0.01","0.01","0.01","0.175","0.13774193548387098","0.7847826086956522","0.27847457627118644","0.11067796610169492","0.505"
"4","0.6428235294117647","0.3244705882352941","0.9456470588235294","0.538","0.01","0.01","0.01","1.01","0.01","0.01","0.01","0.175","0.13774193548387098","0.7847826086956522","0.27847457627118644","0.11067796610169492","0.505"
"7","0.347764705882353","0.08764705882352941","0.05270588235294118","0.20800000000000002","0.01","0.01","0.01","0.01","0.01","1.01","0.01","0.175","0.13774193548387098","0.7847826086956522","0.27847457627118644","0.11067796610169492","0.505"
"4","0.21964705882352942","0.3632941176470588","0.6971764705882353","0.5923529411764706","0.01","0.01","1.01","0.01","0.01","0.01","0.01","0.175","0.13774193548387098","0.7847826086956522","0.27847457627118644","0.11067796610169492","0.505"
"8","0.7748235294117647","0.33999999999999997","0.9107058823529411","0.6544705882352941","1.01","0.01","0.01","0.01","0.01","0.01","0.01","0.175","0.13774193548387098","0.7847826086956522","0.27847457627118644","0.11067796610169492","0.505"
"7","0.48364705882352943","0.2972941176470589","0.406","0.7515294117647059","1.01","0.01","0.01","0.01","0.01","0.01","0.01","0.175","0.13774193548387098","0.7847826086956522","0.27847457627118644","0.11067796610169492","0.505"
"3","0.5030588235294118","0.3361176470588235","0.7592941176470588","0.7554117647058823","0.01","0.01","0.01","1.01","0.01","0.01","0.01","0.175","0.13774193548387098","0.7847826086956522","0.27847457627118644","0.11067796610169492","0.505"
"0","0.7903529411764706","0.8136470588235294","0.7204705882352941","0.17694117647058824","0.01","0.01","0.01","0.01","1.01","0.01","0.01","0.175","0.13774193548387098","0.7847826086956522","0.27847457627118644","0.11067796610169492","0.505"
"3","0.7670588235294117","0.12258823529411764","0.743764705882353","0.1575294117647059","0.01","0.01","1.01","0.01","0.01","0.01","0.01","0.175","0.13774193548387098","0.7847826086956522","0.27847457627118644","0.11067796610169492","0.505"
"5","0.02164705882352941","0.7981176470588235","0.8058823529411765","0.18082352941176472","0.01","0.01","0.01","1.01","0.01","0.01","0.01","0.175","0.13774193548387098","0.7847826086956522","0.27847457627118644","0.12745762711864408","0.505"
"9","0.6738823529411764","0.4409411764705882","0.6428235294117647","0.3904705882352941","0.01","0.01","0.01","0.01","1.01","0.01","0.01","0.175","0.13774193548387098","0.7847826086956522","0.27847457627118644","0.12745762711864408","0.505"
"8","0.8835294117647059","0.9534117647058823","0.5030588235294118","0.22741176470588237","0.01","0.01","1.01","0.01","0.01","0.01","0.01","0.175","0.13774193548387098","0.7847826086956522","0.27847457627118644","0.12745762711864408","0.505"
"2","0.49917647058823533","0.7398823529411765","0.6894117647058824","0.4292941176470588","1.01","0.01","0.01","0.01","0.01","0.01","0.01","0.175","0.13774193548387098","0.7847826086956522","0.27847457627118644","0.12745762711864408","0.505"
"9","0.1264705882352941","0.06435294117647058","0.39435294117647063","0.11094117647058822","0.01","0.01","0.01","0.01","1.01","0.01","0.01","0.175","0.13774193548387098","0.7847826086956522","0.27847457627118644","0.12745762711864408","0.505"
"4","0.36717647058823527","0.6428235294117647","0.4797647058823529","0.05658823529411765","0.01","0.01","0.01","1.01","0.01","0.01","0.01","0.175","0.13774193548387098","0.7847826086956522","0.27847457627118644","0.12745762711864408","0.505"
"3","0.9611764705882353","0.918470588235294","0.5341176470588236","0.604","0.01","0.01","0.01","0.01","0.01","1.01","0.01","0.175","0.13774193548387098","0.7847826086956522","0.27847457627118644","0.12745762711864408","0.505"
"5","0.1575294117647059","0.9029411764705882","0.01776470588235294","0.6699999999999999","0.01","0.01","0.01","0.01","0.01","1.01","0.01","0.175","0.13774193548387098","0.7847826086956522","0.27847457627118644","0.12745762711864408","0.505"
"9","0.8524705882352941","0.8330588235294119","0.3788235294117647","0.7243529411764705","0.01","0.01","0.01","0.01","0.01","1.01","0.01","0.175","0.13774193548387098","0.7847826086956522","0.27847457627118644","0.12745762711864408","0.505"
"8","0.24294117647058824","0.5030588235294118","0.5574117647058824","0.35552941176470587","0.01","0.01","0.01","1.01","0.01","0.01","0.01","0.175","0.13774193548387098","0.7847826086956522","0.27847457627118644","0.12745762711864408","0.505"
"5","0.17305882352941176","0.9572941176470589","0.5535294117647059","0.7748235294117647","0.01","0.01","1.01","0.01","0.01","0.01","0.01","0.175","0.13774193548387098","0.7847826086956522","0.27847457627118644","0.12745762711864408","0.505"
"1","0.16141176470588237","0.736","0.3011764705882353","0.736","0.01","0.01","0.01","0.01","0.01","0.01","1.01","0.175","0.13774193548387098","0.7847826086956522","0.27847457627118644","0.14423728813559322","0.505"
"3","0.743764705882353","0.6544705882352941","0.9611764705882353","0.6583529411764706","0.01","0.01","0.01","1.01","0.01","0.01","0.01","0.175","0.13774193548387098","0.7847826086956522","0.27847457627118644","0.14423728813559322","0.505"
"6","0.7321176470588235","0.9145882352941176","0.918470588235294","0.1458823529411765","0.01","1.01","0.01","0.01","0.01","0.01","0.01","0.175","0.13774193548387098","0.7847826086956522","0.27847457627118644","0.14423728813559322","0.505"
"7","0.802","0.11870588235294117","0.14200000000000002","0.7321176470588235","0.01","0.01","0.01","0.01","0.01","1.01","0.01","0.175","0.13774193548387098","0.7847826086956522","0.27847457627118644","0.14423728813559322","0.505"
"3","0.44482352941176473","0.5690588235294117","0.4292941176470588","0.9223529411764705","0.01","0.01","1.01","0.01","0.01","0.01","0.01","0.175","0.13774193548387098","0.7847826086956522","0.27847457627118644","0.1610169491525424","0.505"
"0","0.47200000000000003","0.8641176470588235","0.6699999999999999","0.5147058823529411","1.01","0.01","0.01","0.01","0.01","0.01","0.01","0.175","0.13774193548387098","0.7847826086956522","0.27847457627118644","0.1610169491525424","0.505"
"2","0.538","0.9495294117647058","0.28952941176470587","0.4487058823529412","0.01","0.01","0.01","0.01","0.01","1.01","0.01","0.175","0.13774193548387098","0.7847826086956522","0.27847457627118644","0.1610169491525424","0.505"
"2","0.26623529411764707","0.20411764705882354","0.941764705882353","0.3438823529411765","1.01","0.01","0.01","0.01","0.01","0.01","0.01","0.175","0.13774193548387098","0.7847826086956522","0.27847457627118644","0.1610169491525424","0.505"
"3","0.794235294117647","0.08764705882352941","0.6583529411764706","0.4875294117647059","0.01","1.01","0.01","0.01","0.01","0.01","0.01","0.175","0.13774193548387098","0.7847826086956522","0.27847457627118644","0.1610169491525424","0.505"
"1","0.9456470588235294","0.28952941176470587","0.941764705882353","0.934","0.01","0.01","0.01","0.01","0.01","1.01","0.01","0.175","0.13774193548387098","0.7847826086956522","0.27847457627118644","0.1610169491525424","0.505"
"5","0.3632941176470588","0.6078823529411764","0.48364705882352943","0.6855294117647059","1.01","0.01","0.01","0.01","0.01","0.01","0.01","0.175","0.13774193548387098","0.7847826086956522","0.27847457627118644","0.17779661016949153","0.505"
"8","0.5108235294117647","0.5612941176470588","0.7321176470588235","0.25458823529411767","0.01","0.01","1.01","0.01","0.01","0.01","0.01","0.175","0.13774193548387098","0.7847826086956522","0.27847457627118644","0.17779661016949153","0.505"
"3","0.8097647058823529","0.5962352941176471","0.9456470588235294","0.4098823529411765","0.01","0.01","0.01","0.01","0.01","1.01","0.01","0.175","0.13774193548387098","0.7847826086956522","0.27847457627118644","0.17779661016949153","0.505"
"3","0.9145882352941176","0.9689411764705882","0.39435294117647063","0.3904705882352941","0.01","0.01","0.01","1.01","0.01","0.01","0.01","0.175","0.13774193548387098","0.7847826086956522","0.27847457627118644","0.17779661016949153","0.505"
"8","0.15364705882352944","0.5535294117647059","0.5768235294117646","0.18858823529411764","0.01","0.01","0.01","0.01","0.01","1.01","0.01","0.175","0.13774193548387098","0.7847826086956522","0.27847457627118644","0.17779661016949153","0.505"
"3","0.09929411764705881","0.41764705882352937","0.1458823529411765","0.08764705882352941","0.01","0.01","0.01","0.01","0.01","0.01","1.01","0.175","0.13774193548387098","0.7847826086956522","0.27847457627118644","0.17779661016949153","0.505"
"2","0.7670588235294117","0.18082352941176472","0.4797647058823529","0.5147058823529411","0.01","0.01","0.01","0.01","1.01","0.01","0.01","0.175","0.13774193548387098","0.7847826086956522","0.27847457627118644","0.1945762711864407","0.505"
"4","0.18858823529411764","0.5807058823529412","0.7554117647058823","0.6272941176470588","0.01","0.01","1.01","0.01","0.01","0.01","0.01","0.175","0.13774193548387098","0.7847826086956522","0.27847457627118644","0.1945762711864407","0.505"
"6","0.5574117647058824","0.9805882352941176","0.4525882352941177","0.7243529411764705","0.01","0.01","0.01","1.01","0.01","0.01","0.01","0.175","0.13774193548387098","0.7847826086956522","0.27847457627118644","0.1945762711864407","0.505"
"3","0.9107058823529411","0.1963529411764706","0.11870588235294117","0.9262352941176472","0.01","0.01","0.01","0.01","1.01","0.01","0.01","0.175","0.13774193548387098","0.7847826086956522","0.27847457627118644","0.1945762711864407","0.505"
"9","0.274","0.8175294117647058","0.7709411764705882","0.8563529411764705","0.01","0.01","1.01","0.01","0.01","0.01","0.01","0.175","0.13774193548387098","0.7847826086956522","0.27847457627118644","0.1945762711864407","0.505"
"9","0.604","0.18082352941176472","0.17305882352941176","0.1148235294117647","0.01","0.01","0.01","0.01","0.01","1.01","0.01","0.175","0.13774193548387098","0.7847826086956522","0.27847457627118644","0.1945762711864407","0.505"
"4","0.13811764705882354","0.7787058823529412","0.5224705882352941","0.6311764705882353","1.01","0.01","0.01","0.01","0.01","0.01","0.01","0.175","0.13774193548387098","0.7847826086956522","0.27847457627118644","0.1945762711864407","0.505"
"1","0.8641176470588235","0.6855294117647059","0.20023529411764707","0.868","1.01","0.01","0.01","0.01","0.01","0.01","0.01","0.175","0.13774193548387098","0.7847826086956522","0.27847457627118644","0.1945762711864407","0.505"
"4","0.7981176470588235","1.0","0.9456470588235294","0.11870588235294117","0.01","0.01","1.01","0.01","0.01","0.01","0.01","0.175","0.13774193548387098","0.7847826086956522","0.27847457627118644","0.21135593220338986","0.505"
"8","0.21188235294117647","0.3283529411764706","0.30505882352941177","0.6389411764705882","1.01","0.01","0.01","0.01","0.01","0.01","0.01","0.175","0.13774193548387098","0.7847826086956522","0.27847457627118644","0.21135593220338986","0.505"
"5","0.21964705882352942","0.8718823529411764","0.9107058823529411","0.7670588235294117","0.01","0.01","0.01","0.01","0.01","1.01","0.01","0.175","0.13774193548387098","0.7847826086956522","0.27847457627118644","0.21135593220338986","0.505"
"3","0.5224705882352941","0.2972941176470589","0.4797647058823529","0.4797647058823529","0.01","0.01","0.01","0.01","0.01","1.01","0.01","0.175","0.13774193548387098","0.7847826086956522","0.27847457627118644","0.21135593220338986","0.505"
"4","0.6894117647058824","0.06435294117647058","0.7709411764705882","0.09929411764705881","0.01","0.01","0.01","0.01","0.01","0.01","1.01","0.175","0.13774193548387098","0.7847826086956522","0.27847457627118644","0.21135593220338986","0.505"
"7","0.3283529411764706","0.3205882352941177","0.464235294117647","0.07988235294117646","0.01","0.01","0.01","0.01","1.01","0.01","0.01","0.175","0.13774193548387098","0.7847826086956522","0.27847457627118644","0.21135593220338986","0.505"
"6","0.060470588235294116","0.3089411764705882","0.5496470588235294","0.5768235294117646","0.01","0.01","0.01","0.01","0.01","1.01","0.01","0.175","0.13774193548387098","0.7847826086956522","0.27847457627118644","0.21135593220338986","0.505"
"0","0.12258823529411764","0.5224705882352941","0.802","0.4681176470588236","0.01","0.01","0.01","0.01","1.01","0.01","0.01","0.175","0.13774193548387098","0.7847826086956522","0.27847457627118644","0.21135593220338986","0.505"
"2","0.7825882352941177","0.9534117647058823","0.604","0.604","0.01","0.01","1.01","0.01","0.01","0.01","0.01","0.175","0.13774193548387098","0.7847826086956522","0.27847457627118644","0.228135593220339","0.505"
"8","0.8408235294117647","0.19247058823529414","0.9961176470588236","0.7670588235294117","0.01","0.01","0.01","0.01","0.01","0.01","1.01","0.175","0.13774193548387098","0.7847826086956522","0.27847457627118644","0.228135593220339","0.505"
"8","0.7981176470588235","0.14200000000000002","0.9844705882352941","0.9922352941176471","0.01","0.01","1.01","0.01","0.01","0.01","0.01","0.175","0.13774193548387098","0.7847826086956522","0.27847457627118644","0.228135593220339","0.505"
"5","0.7127058823529412","0.21964705882352942","0.9650588235294117","0.3594117647058824","1.01","0.01","0.01","0.01","0.01","0.01","0.01","0.175","0.13774193548387098","0.7847826086956522","0.27847457627118644","0.228135593220339","0.505"
"3","0.3865882352941176","0.7825882352941177","0.3788235294117647","0.464235294117647","0.01","0.01","1.01","0.01","0.01","0.01","0.01","0.175","0.13774193548387098","0.7847826086956522","0.27847457627118644","0.24491525423728816","0.505"
"1","0.3244705882352941","0.11870588235294117","0.076","0.4292941176470588","1.01","0.01","0.01","0.01","0.01","0.01","0.01","0.175","0.13774193548387098","0.7847826086956522","0.27847457627118644","0.24491525423728816","0.505"
"8","0.9107058823529411","0.347764705882353","0.4758823529411765","0.3011764705882353","0.01","0.01","1.01","0.01","0.01","0.01","0.01","0.175","0.13774193548387098","0.7847826086956522","0.27847457627118644","0.24491525423728816","0.505"
"8","0.6505882352941177","0.02164705882352941","0.4525882352941177","0.464235294117647","0.01","0.01","0.01","0.01","0.01","0.01","1.01","0.175","0.13774193548387098","0.7847826086956522","0.27847457627118644","0.24491525423728816","0.505"
"2","0.9029411764705882","0.02164705882352941","0.5651764705882353","0.076","0.01","0.01","1.01","0.01","0.01","0.01","0.01","0.175","0.13774193548387098","0.7847826086956522","0.27847457627118644","0.24491525423728816","0.505"
"4","0.9611764705882353","0.5923529411764706","0.05658823529411765","0.4021176470588235","1.01","0.01","0.01","0.01","0.01","0.01","0.01","0.175","0.13774193548387098","0.7847826086956522","0.27847457627118644","0.24491525423728816","0.505"
"9","0.3632941176470588","0.22741176470588237","0.941764705882353","0.28952941176470587","0.01","0.01","1.01","0.01","0.01","0.01","0.01","0.175","0.13774193548387098","0.7847826086956522","0.27847457627118644","0.24491525423728816","0.505"
"7","0.6428235294117647","0.06435294117647058","0.9107058823529411","0.13423529411764706","0.01","0.01","0.01","1.01","0.01","0.01","0.01","0.175","0.13774193548387098","0.7847826086956522","0.27847457627118644","0.24491525423728816","0.505"
"2","0.14200000000000002","0.3865882352941176","0.743764705882353","0.3438823529411765","0.01","0.01","0.01","0.01","0.01","1.01","0.01","0.175","0.13774193548387098","0.7847826086956522","0.27847457627118644","0.26169491525423727","0.505"
"9","0.11870588235294117","0.347764705882353","0.14200000000000002","0.7515294117647059","0.01","0.01","0.01","0.01","0.01","0.01","1.01","0.175","0.13774193548387098","0.7847826086956522","0.27847457627118644","0.26169491525423727","0.505"
"1","0.6544705882352941","0.918470588235294","0.6777647058823529","0.7864705882352941","1.01","0.01","0.01","0.01","0.01","0.01","0.01","0.175","0.13774193548387098","0.7847826086956522","0.27847457627118644","0.26169491525423727","0.505"
"0","0.8408235294117647","0.07988235294117646","0.7825882352941177","0.8524705882352941","0.01","0.01","0.01","0.01","1.01","0.01","0.01","0.175","0.13774193548387098","0.7847826086956522","0.27847457627118644","0.26169491525423727","0.505"
"6","0.5496470588235294","0.9378823529411765","0.8058823529411765","0.16917647058823532","0.01","0.01","0.01","0.01","1.01","0.01","0.01","0.175","0.13774193548387098","0.7847826086956522","0.27847457627118644","0.26169491525423727","0.505"
"3","0.7282352941176471","0.15364705882352944","0.538","0.3128235294117647","0.01","0.01","0.01","1.01","0.01","0.01","0.01","0.175","0.13774193548387098","0.7847826086956522","0.27847457627118644","0.26169491525423727","0.505"
"2","0.35552941176470587","0.45647058823529413","0.9301176470588236","0.49917647058823533","0.01","0.01","0.01","0.01","1.01","0.01","0.01","0.175","0.13774193548387098","0.7847826086956522","0.27847457627118644","0.26169491525423727","0.505"
"0","0.47200000000000003","0.4914117647058823","0.7748235294117647","0.8718823529411764","1.01","0.01","0.01","0.01","0.01","0.01","0.01","0.175","0.13774193548387098","0.7847826086956522","0.27847457627118644","0.26169491525423727","0.505"
"6","0.6195294117647059","0.31670588235294117","0.5185882352941176","0.8175294117647058","1.01","0.01","0.01","0.01","0.01","0.01","0.01","0.175","0.13774193548387098","0.7847826086956522","0.27847457627118644","0.26169491525423727","0.505"
"9","0.3982352941176471","0.31670588235294117","0.6001176470588235","0.03329411764705882","0.01","0.01","0.01","0.01","1.01","0.01","0.01","0.175","0.13774193548387098","0.7847826086956522","0.27847457627118644","0.26169491525423727","0.505"
"3","0.20800000000000002","0.281764705882353","0.7670588235294117","0.5690588235294117","0.01","0.01","0.01","0.01","1.01","0.01","0.01","0.175","0.13774193548387098","0.7847826086956522","0.27847457627118644","0.26169491525423727","0.505"
"5","0.13811764705882354","0.42152941176470593","0.802","0.1847058823529412","0.01","1.01","0.01","0.01","0.01","0.01","0.01","0.175","0.13774193548387098","0.7847826086956522","0.27847457627118644","0.26169491525423727","0.505"
"3","0.18082352941176472","0.1264705882352941","0.08764705882352941","0.7592941176470588","0.01","1.01","0.01","0.01","0.01","0.01","0.01","0.175","0.13774193548387098","0.7847826086956522","0.27847457627118644","0.27847457627118644","0.505"
"4","0.9068235294117647","0.6583529411764706","0.662235294117647","0.7864705882352941","0.01","0.01","0.01","0.01","1.01","0.01","0.01","0.175","0.13774193548387098","0.7847826086956522","0.27847457627118644","0.27847457627118644","0.505"
"5","0.31670588235294117","0.7592941176470588","0.22741176470588237","0.5069411764705882","1.01","0.01","0.01","0.01","0.01","0.01","0.01","0.175","0.13774193548387098","0.7847826086956522","0.27847457627118644","0.27847457627118644","0.505"
"8","0.44482352941176473","0.029411764705882353","0.5535294117647059","0.3904705882352941","0.01","0.01","1.01","0.01","0.01","0.01","0.01","0.175","0.13774193548387098","0.7847826086956522","0.27847457627118644","0.27847457627118644","0.505"
"8","0.6234117647058823","0.3244705882352941","0.5807058823529412","0.6505882352941177","0.01","0.01","0.01","0.01","0.01","0.01","1.01","0.175","0.13774193548387098","0.7847826086956522","0.27847457627118644","0.27847457627118644","0.505"
"7","0.14976470588235294","0.5535294117647059","0.1148235294117647","0.9068235294117647","0.01","0.01","0.01","0.01","1.01","0.01","0.01","0.175","0.13774193548387098","0.7847826086956522","0.27847457627118644","0.27847457627118644","0.505"
"0","0.47200000000000003","0.5690588235294117","0.604","0.05270588235294118","0.01","0.01","1.01","0.01","0.01","0.01","0.01","0.175","0.13774193548387098","0.7847826086956522","0.27847457627118644","0.27847457627118644","0.505"
"7","0.868","0.31670588235294117","0.4137647058823529","0.42152941176470593","0.01","1.01","0.01","0.01","0.01","0.01","0.01","0.175","0.13774193548387098","0.7847826086956522","0.27847457627118644","0.27847457627118644","0.505"
"9","0.13811764705882354","0.5807058823529412","0.5030588235294118","0.8990588235294118","1.01","0.01","0.01","0.01","0.01","0.01","0.01","0.175","0.13774193548387098","0.7847826086956522","0.27847457627118644","0.27847457627118644","0.505"
"4","0.2584705882352941","0.5185882352941176","0.04882352941176471","0.7903529411764706","0.01","0.01","0.01","1.01","0.01","0.01","0.01","0.175","0.13774193548387098","0.7847826086956522","0.27847457627118644","0.27847457627118644","0.505"
"2","0.7748235294117647","0.7787058823529412","0.17305882352941176","0.5884705882352942","0.01","0.01","0.01","0.01","1.01","0.01","0.01","0.175","0.13774193548387098","0.7847826086956522","0.27847457627118644","0.27847457627118644","0.505"
"1","0.5030588235294118","0.464235294117647","0.8796470588235294","0.6971764705882353","0.01","0.01","0.01","0.01","1.01","0.01","0.01","0.175","0.13774193548387098","0.7847826086956522","0.27847457627118644","0.27847457627118644","0.505"
"3","0.4487058823529412","0.2856470588235294","0.1303529411764706","0.19247058823529414","0.01","0.01","1.01","0.01","0.01","0.01","0.01","0.175","0.13774193548387098","0.7847826086956522","0.27847457627118644","0.2952542372881356","0.505"
"2","0.25070588235294117","0.7398823529411765","0.17694117647058824","0.868","0.01","0.01","1.01","0.01","0.01","0.01","0.01","0.175","0.13774193548387098","0.7847826086956522","0.27847457627118644","0.2952542372881356","0.505"
"2","0.23129411764705884","0.7243529411764705","0.802","0.6816470588235295","0.01","0.01","1.01","0.01","0.01","0.01","0.01","0.175","0.13774193548387098","0.7847826086956522","0.27847457627118644","0.2952542372881356","0.505"
"9","0.9068235294117647","0.6389411764705882","0.6777647058823529","0.6661176470588235","0.01","0.01","0.01","0.01","0.01","0.01","1.01","0.175","0.13774193548387098","0.7847826086956522","0.27847457627118644","0.2952542372881356","0.505"
"3","0.029411764705882353","0.7709411764705882","0.041058823529411766","0.7592941176470588","0.01","0.01","0.01","0.01","1.01","0.01","0.01","0.175","0.13774193548387098","0.7847826086956522","0.27847457627118644","0.2952542372881356","0.505"
"5","0.4914117647058823","0.3865882352941176","0.9961176470588236","0.1148235294117647","1.01","0.01","0.01","0.01","0.01","0.01","0.01","0.175","0.13774193548387098","0.7847826086956522","0.27847457627118644","0.2952542372881356","0.505"
"9","0.1148235294117647","0.2584705882352941","0.9534117647058823","0.28952941176470587","0.01","0.01","0.01","0.01","0.01","1.01","0.01","0.175","0.13774193548387098","0.7847826086956522","0.27847457627118644","0.2952542372881356","0.505"
"2","1.0","0.6117647058823529","0.07988235294117646","0.7165882352941176","0.01","0.01","1.01","0.01","0.01","0.01","0.01","0.175","0.13774193548387098","0.7847826086956522","0.27847457627118644","0.2952542372881356","0.505"
"7","0.05270588235294118","0.662235294117647","0.8641176470588235","0.3710588235294118","0.01","1.01","0.01","0.01","0.01","0.01","0.01","0.175","0.13774193548387098","0.7847826086956522","0.27847457627118644","0.2952542372881356","0.505"
"7","0.5341176470588236","0.9767058823529412","0.6428235294117647","0.7981176470588235","0.01","0.01","1.01","0.01","0.01","0.01","0.01","0.175","0.13774193548387098","0.7847826086956522","0.27847457627118644","0.2952542372881356","0.505"
"5","0.23129411764705884","0.7243529411764705","0.5341176470588236","0.8058823529411765","0.01","1.01","0.01","0.01","0.01","0.01","0.01","0.175","0.13774193548387098","0.7847826086956522","0.27847457627118644","0.2952542372881356","0.505"
"9","0.20023529411764707","0.7476470588235294","0.6816470588235295","0.7787058823529412","0.01","0.01","0.01","0.01","0.01","0.01","1.01","0.175","0.13774193548387098","0.7847826086956522","0.27847457627118644","0.31203389830508477","0.505"
"2","0.18858823529411764","0.20023529411764707","0.538","0.6001176470588235","0.01","0.01","1.01","0.01","0.01","0.01","0.01","0.175","0.13774193548387098","0.7847826086956522","0.27847457627118644","0.31203389830508477","0.505"
"2","0.5224705882352941","0.3982352941176471","0.5923529411764706","0.3827058823529412","1.01","0.01","0.01","0.01","0.01","0.01","0.01","0.175","0.13774193548387098","0.7847826086956522","0.27847457627118644","0.31203389830508477","0.505"
"2","0.12258823529411764","0.27788235294117647","0.25070588235294117","0.21188235294117647","0.01","1.01","0.01","0.01","0.01","0.01","0.01","0.175","0.13774193548387098","0.7847826086956522","0.27847457627118644","0.31203389830508477","0.505"
"2","0.20411764705882354","0.4487058823529412","0.4681176470588236","0.8835294117647059","0.01","1.01","0.01","0.01","0.01","0.01","0.01","0.175","0.13774193548387098","0.7847826086956522","0.27847457627118644","0.31203389830508477","0.505"
"1","0.33999999999999997","0.6505882352941177","0.49917647058823533","0.49917647058823533","0.01","0.01","0.01","0.01","0.01","0.01","1.01","0.175","0.13774193548387098","0.7847826086956522","0.27847457627118644","0.31203389830508477","0.505"
"0","0.6272941176470588","0.4254117647058824","0.464235294117647","0.7981176470588235","0.01","0.01","0.01","0.01","0.01","0.01","1.01","0.175","0.13774193548387098","0.7847826086956522","0.27847457627118644","0.31203389830508477","0.505"
"3","0.5612941176470588","0.21576470588235297","0.6234117647058823","0.7554117647058823","0.01","0.01","0.01","0.01","0.01","0.01","1.01","0.175","0.13774193548387098","0.7847826086956522","0.27847457627118644","0.31203389830508477","0.505"
"5","0.7204705882352941","0.9844705882352941","0.49529411764705883","0.7321176470588235","0.01","0.01","1.01","0.01","0.01","0.01","0.01","0.175","0.13774193548387098","0.7847826086956522","0.27847457627118644","0.31203389830508477","0.505"
"4","0.6738823529411764","0.8369411764705883","0.464235294117647","0.28952941176470587","0.01","1.01","0.01","0.01","0.01","0.01","0.01","0.175","0.13774193548387098","0.7847826086956522","0.27847457627118644","0.31203389830508477","0.505"
"8","0.5418823529411765","0.464235294117647","0.5729411764705882","0.3361176470588235","0.01","0.01","1.01","0.01","0.01","0.01","0.01","0.175","0.13774193548387098","0.7847826086956522","0.27847457627118644","0.3288135593220339","0.505"
"6","0.8408235294117647","0.9495294117647058","0.15364705882352944","0.6467058823529412","0.01","0.01","0.01","1.01","0.01","0.01","0.01","0.175","0.13774193548387098","0.7847826086956522","0.27847457627118644","0.3288135593220339","0.505"
"4","0.5185882352941176","0.6661176470588235","0.4797647058823529","0.6816470588235295","1.01","0.01","0.01","0.01","0.01","0.01","0.01","0.175","0.13774193548387098","0.7847826086956522","0.27847457627118644","0.3288135593220339","0.505"
"7","0.9378823529411765","0.01776470588235294","0.7204705882352941","0.8369411764705883","0.01","0.01","0.01","0.01","0.01","1.01","0.01","0.175","0.13774193548387098","0.7847826086956522","0.27847457627118644","0.3288135593220339","0.505"
"2","0.044941176470588234","0.06435294117647058","0.9650588235294117","0.4914117647058823","0.01","0.01","0.01","0.01","1.01","0.01","0.01","0.175","0.13774193548387098","0.7847826086956522","0.27847457627118644","0.3288135593220339","0.505"
"7","0.9689411764705882","0.14200000000000002","0.3128235294117647","0.6311764705882353","0.01","0.01","1.01","0.01","0.01","0.01","0.01","0.175","0.13774193548387098","0.7847826086956522","0.27847457627118644","0.3288135593220339","0.505"
"9","0.6078823529411764","0.7088235294117647","0.2390588235294118","0.1264705882352941","0.01","0.01","0.01","1.01","0.01","0.01","0.01","0.175","0.13774193548387098","0.7847826086956522","0.27847457627118644","0.3288135593220339","0.505"
"8","0.5263529411764706","0.16141176470588237","0.6971764705882353","0.7554117647058823","0.01","0.01","1.01","0.01","0.01","0.01","0.01","0.175","0.13774193548387098","0.7847826086956522","0.27847457627118644","0.3288135593220339","0.505"
"4","0.0371764705882353","0.3749411764705883","0.7243529411764705","0.41764705882352937","0.01","0.01","1.01","0.01","0.01","0.01","0.01","0.175","0.13774193548387098","0.7847826086956522","0.27847457627118644","0.3288135593220339","0.505"
"1","0.28952941176470587","0.8291764705882353","0.16529411764705884","0.6738823529411764","0.01","0.01","0.01","1.01","0.01","0.01","0.01","0.175","0.13774193548387098","0.7847826086956522","0.27847457627118644","0.3288135593220339","0.505"
"7","0.060470588235294116","0.060470588235294116","0.13811764705882354","0.7903529411764706","0.01","0.01","0.01","0.01","0.01","1.01","0.01","0.175","0.13774193548387098","0.7847826086956522","0.27847457627118644","0.34559322033898304","0.505"
"5","0.6738823529411764","0.13423529411764706","0.7476470588235294","0.7592941176470588","1.01","0.01","0.01","0.01","0.01","0.01","0.01","0.175","0.13774193548387098","0.7847826086956522","0.27847457627118644","0.34559322033898304","0.505"
"6","0.9145882352941176","0.8912941176470588","0.33999999999999997","0.8408235294117647","0.01","0.01","1.01","0.01","0.01","0.01","0.01","0.175","0.13774193548387098","0.7847826086956522","0.27847457627118644","0.34559322033898304","0.505"
"3","0.8835294117647059","0.6855294117647059","0.281764705882353","0.6505882352941177","0.01","0.01","0.01","0.01","0.01","1.01","0.01","0.175","0.13774193548387098","0.7847826086956522","0.27847457627118644","0.34559322033898304","0.505"
"6","0.6777647058823529","0.8641176470588235","0.918470588235294","0.7864705882352941","1.01","0.01","0.01","0.01","0.01","0.01","0.01","0.175","0.13774193548387098","0.7847826086956522","0.27847457627118644","0.34559322033898304","0.505"
"1","0.918470588235294","0.9883529411764707","0.36717647058823527","0.44482352941176473","0.01","1.01","0.01","0.01","0.01","0.01","0.01","0.175","0.13774193548387098","0.7847826086956522","0.27847457627118644","0.34559322033898304","0.505"
"8","0.6505882352941177","0.7088235294117647","0.044941176470588234","0.09929411764705881","0.01","0.01","0.01","0.01","0.01","1.01","0.01","0.175","0.13774193548387098","0.7847826086956522","0.27847457627118644","0.34559322033898304","0.505"
"2","0.6078823529411764","0.076","0.8990588235294118","0.01","0.01","0.01","0.01","0.01","1.01","0.01","0.01","0.175","0.13774193548387098","0.7847826086956522","0.27847457627118644","0.34559322033898304","0.505"
"2","0.6350588235294118","0.6078823529411764","0.4370588235294118","0.2390588235294118","0.01","0.01","1.01","0.01","0.01","0.01","0.01","0.175","0.13774193548387098","0.7847826086956522","0.27847457627118644","0.34559322033898304","0.505"
"4","0.5302352941176471","0.8485882352941176","0.01","0.8718823529411764","0.01","0.01","0.01","1.01","0.01","0.01","0.01","0.175","0.13774193548387098","0.7847826086956522","0.27847457627118644","0.34559322033898304","0.505"
"0","0.347764705882353","0.5651764705882353","0.5845882352941177","0.5884705882352942","0.01","0.01","0.01","0.01","0.01","1.01","0.01","0.175","0.13774193548387098","0.7847826086956522","0.27847457627118644","0.34559322033898304","0.505"
"4","0.8835294117647059","0.7476470588235294","0.7748235294117647","0.06435294117647058","0.01","0.01","0.01","0.01","1.01","0.01","0.01","0.175","0.13774193548387098","0.7847826086956522","0.27847457627118644","0.34559322033898304","0.505"
"9","0.9378823529411765","0.6777647058823529","0.060470588235294116","0.4525882352941177","0.01","0.01","0.01","0.01","1.01","0.01","0.01","0.175","0.13774193548387098","0.7847826086956522","0.27847457627118644","0.3623728813559322","0.505"
"1","0.7981176470588235","0.3516470588235294","0.7010588235294117","0.14200000000000002","0.01","0.01","1.01","0.01","0.01","0.01","0.01","0.175","0.13774193548387098","0.7847826086956522","0.27847457627118644","0.3623728813559322","0.505"
"4","0.1963529411764706","0.8796470588235294","0.4525882352941177","0.23129411764705884","0.01","0.01","0.01","1.01","0.01","0.01","0.01","0.175","0.13774193548387098","0.7847826086956522","0.27847457627118644","0.3623728813559322","0.505"
"2","0.9223529411764705","0.4487058823529412","0.4098823529411765","0.20023529411764707","0.01","0.01","1.01","0.01","0.01","0.01","0.01","0.175","0.13774193548387098","0.7847826086956522","0.27847457627118644","0.3623728813559322","0.505"
"9","0.14200000000000002","0.7864705882352941","0.16917647058823532","0.3361176470588235","0.01","0.01","1.01","0.01","0.01","0.01","0.01","0.175","0.13774193548387098","0.7847826086956522","0.27847457627118644","0.3623728813559322","0.505"
"0","0.941764705882353","0.9883529411764707","0.30505882352941177","0.5030588235294118","0.01","0.01","0.01","1.01","0.01","0.01","0.01","0.175","0.13774193548387098","0.7847826086956522","0.27847457627118644","0.3623728813559322","0.505"
"5","0.9650588235294117","0.7243529411764705","0.22741176470588237","0.31670588235294117","0.01","0.01","1.01","0.01","0.01","0.01","0.01","0.175","0.13774193548387098","0.7847826086956522","0.27847457627118644","0.3623728813559322","0.505"
"1","0.41764705882352937","0.11094117647058822","0.1458823529411765","0.2856470588235294","0.01","1.01","0.01","0.01","0.01","0.01","0.01","0.175","0.13774193548387098","0.7847826086956522","0.27847457627118644","0.3623728813559322","0.505"
"5","0.5884705882352942","0.5108235294117647","0.49529411764705883","0.4914117647058823","0.01","1.01","0.01","0.01","0.01","0.01","0.01","0.175","0.13774193548387098","0.7847826086956522","0.27847457627118644","0.3623728813559322","0.505"
"1","0.9650588235294117","0.6932941176470588","0.6738823529411764","0.9029411764705882","0.01","0.01","0.01","0.01","0.01","0.01","1.01","0.175","0.13774193548387098","0.7847826086956522","0.27847457627118644","0.3623728813559322","0.505"
"7","0.6001176470588235","0.1458823529411765","0.21576470588235297","0.5263529411764706","0.01","0.01","1.01","0.01","0.01","0.01","0.01","0.175","0.13774193548387098","0.7847826086956522","0.27847457627118644","0.3623728813559322","0.505"
"2","0.3865882352941176","0.044941176470588234","0.736","0.3089411764705882","0.01","0.01","0.01","0.01","0.01","0.01","1.01","0.175","0.13774193548387098","0.7847826086956522","0.27847457627118644","0.3623728813559322","0.505"
"6","0.6855294117647059","0.7088235294117647","0.5147058823529411","0.2934117647058823","0.01","0.01","0.01","0.01","0.01","1.01","0.01","0.175","0.13774193548387098","0.7847826086956522","0.27847457627118644","0.3623728813559322","0.505"
"1","0.17694117647058824","0.7592941176470588","0.4137647058823529","0.5418823529411765","0.01","0.01","0.01","0.01","0.01","1.01","0.01","0.175","0.13774193548387098","0.7847826086956522","0.27847457627118644","0.3623728813559322","0.505"
"8","0.4292941176470588","1.0","0.662235294117647","0.5807058823529412","0.01","0.01","1.01","0.01","0.01","0.01","0.01","0.175","0.13774193548387098","0.7847826086956522","0.27847457627118644","0.3791525423728814","0.505"
"4","0.2934117647058823","0.1148235294117647","0.20023529411764707","0.21576470588235297","0.01","0.01","1.01","0.01","0.01","0.01","0.01","0.175","0.13774193548387098","0.7847826086956522","0.27847457627118644","0.3791525423728814","0.505"
"8","0.6389411764705882","0.8874117647058823","0.02164705882352941","0.5263529411764706","0.01","0.01","0.01","1.01","0.01","0.01","0.01","0.175","0.13774193548387098","0.7847826086956522","0.27847457627118644","0.3791525423728814","0.505"
"5","0.01776470588235294","0.05658823529411765","0.538","0.9145882352941176","1.01","0.01","0.01","0.01","0.01","0.01","0.01","0.175","0.13774193548387098","0.7847826086956522","0.27847457627118644","0.3791525423728814","0.505"
"0","0.8912941176470588","0.3982352941176471","0.4137647058823529","0.6971764705882353","0.01","0.01","0.01","0.01","1.01","0.01","0.01","0.175","0.13774193548387098","0.7847826086956522","0.27847457627118644","0.3791525423728814","0.505"
"5","0.08764705882352941","0.19247058823529414","0.1303529411764706","0.5030588235294118","0.01","0.01","1.01","0.01","0.01","0.01","0.01","0.175","0.13774193548387098","0.7847826086956522","0.27847457627118644","0.3791525423728814","0.505"
"3","0.7282352941176471","0.16917647058823532","0.9650588235294117","0.30505882352941177","0.01","0.01","0.01","0.01","0.01","1.01","0.01","0.175","0.13774193548387098","0.7847826086956522","0.27847457627118644","0.3791525423728814","0.505"
"2","0.4797647058823529","0.6117647058823529","0.4797647058823529","0.3244705882352941","0.01","1.01","0.01","0.01","0.01","0.01","0.01","0.175","0.13774193548387098","0.7847826086956522","0.27847457627118644","0.3791525423728814","0.505"
"2","0.7165882352941176","0.6467058823529412","0.044941176470588234","0.4331764705882353","0.01","0.01","0.01","0.01","0.01","0.01","1.01","0.175","0.13774193548387098","0.7847826086956522","0.27847457627118644","0.3791525423728814","0.505"
"3","0.2584705882352941","0.538","0.8757647058823529","0.9922352941176471","0.01","0.01","0.01","0.01","0.01","1.01","0.01","0.175","0.13774193548387098","0.7847826086956522","0.27847457627118644","0.3791525423728814","0.505"
"3","0.3283529411764706","0.8757647058823529","0.4525882352941177","0.076","0.01","0.01","0.01","0.01","1.01","0.01","0.01","0.175","0.13774193548387098","0.7847826086956522","0.27847457627118644","0.3791525423728814","0.505"
"0","0.8097647058823529","0.45647058823529413","0.4370588235294118","0.6505882352941177","0.01","0.01","1.01","0.01","0.01","0.01","0.01","0.175","0.13774193548387098","0.7847826086956522","0.27847457627118644","0.3791525423728814","0.505"
"3","0.1847058823529412","0.8912941176470588","0.9844705882352941","0.7010588235294117","0.01","0.01","0.01","1.01","0.01","0.01","0.01","0.175","0.13774193548387098","0.7847826086956522","0.27847457627118644","0.39593220338983054","0.505"
"8","0.4331764705882353","0.3827058823529412","0.3788235294117647","0.01776470588235294","0.01","0.01","0.01","0.01","0.01","1.01","0.01","0.175","0.13774193548387098","0.7847826086956522","0.27847457627118644","0.39593220338983054","0.505"
"4","0.08764705882352941","0.10317647058823529","0.19247058823529414","0.464235294117647","1.01","0.01","0.01","0.01","0.01","0.01","0.01","0.175","0.13774193548387098","0.7847826086956522","0.27847457627118644","0.39593220338983054","0.505"
"9","0.36717647058823527","0.7903529411764706","0.347764705882353","0.6195294117647059","0.01","1.01","0.01","0.01","0.01","0.01","0.01","0.175","0.13774193548387098","0.7847826086956522","0.27847457627118644","0.39593220338983054","0.505"
"4","0.5185882352941176","0.7748235294117647","0.02164705882352941","0.09541176470588235","0.01","0.01","0.01","1.01","0.01","0.01","0.01","0.175","0.13774193548387098","0.7847826086956522","0.27847457627118644","0.39593220338983054","0.505"
"1","0.6117647058823529","0.7088235294117647","0.6699999999999999","0.7165882352941176","0.01","0.01","0.01","1.01","0.01","0.01","0.01","0.175","0.13774193548387098","0.7847826086956522","0.27847457627118644","0.39593220338983054","0.505"
"4","0.9456470588235294","0.6855294117647059","0.7825882352941177","0.2351764705882353","0.01","0.01","0.01","0.01","0.01","1.01","0.01","0.175","0.13774193548387098","0.7847826086956522","0.27847457627118644","0.39593220338983054","0.505"
"4","0.9534117647058823","0.5729411764705882","0.5341176470588236","0.794235294117647","0.01","0.01","0.01","0.01","1.01","0.01","0.01","0.175","0.13774193548387098","0.7847826086956522","0.27847457627118644","0.39593220338983054","0.505"
"1","0.6738823529411764","0.8835294117647059","0.4758823529411765","0.9728235294117646","0.01","0.01","0.01","0.01","0.01","1.01","0.01","0.175","0.13774193548387098","0.7847826086956522","0.27847457627118644","0.39593220338983054","0.505"
"6","0.6428235294117647","0.11870588235294117","0.6234117647058823","0.5768235294117646","0.01","1.01","0.01","0.01","0.01","0.01","0.01","0.175","0.13774193548387098","0.7847826086956522","0.27847457627118644","0.39593220338983054","0.505"
"7","0.8252941176470587","0.8136470588235294","0.7592941176470588","0.5302352941176471","0.01","0.01","0.01","1.01","0.01","0.01","0.01","0.175","0.13774193548387098","0.7847826086956522","0.27847457627118644","0.39593220338983054","0.505"
"7","0.7748235294117647","0.4487058823529412","0.7321176470588235","0.3011764705882353","0.01","0.01","0.01","1.01","0.01","0.01","0.01","0.175","0.13774193548387098","0.7847826086956522","0.27847457627118644","0.39593220338983054","0.505"
"5","0.8447058823529412","0.025529411764705884","0.4292941176470588","0.6699999999999999","0.01","1.01","0.01","0.01","0.01","0.01","0.01","0.175","0.13774193548387098","0.7847826086956522","0.27847457627118644","0.4127118644067797","0.505"
"2","0.7709411764705882","0.3205882352941177","0.8175294117647058","0.4875294117647059","1.01","0.01","0.01","0.01","0.01","0.01","0.01","0.175","0.13774193548387098","0.7847826086956522","0.27847457627118644","0.4127118644067797","0.505"
"8","0.8874117647058823","0.868","0.3244705882352941","0.8990588235294118","0.01","0.01","0.01","0.01","1.01","0.01","0.01","0.175","0.13774193548387098","0.7847826086956522","0.27847457627118644","0.4127118644067797","0.505"
"6","0.39435294117647063","0.07211764705882352","0.31670588235294117","0.4681176470588236","0.01","0.01","0.01","0.01","0.01","0.01","1.01","0.175","0.13774193548387098","0.7847826086956522","0.27847457627118644","0.4127118644067797","0.505"
"7","0.6505882352941177","0.9145882352941176","0.10705882352941176","0.8485882352941176","1.01","0.01","0.01","0.01","0.01","0.01","0.01","0.175","0.13774193548387098","0.7847826086956522","0.27847457627118644","0.4127118644067797","0.505"
"3","0.8175294117647058","0.1963529411764706","0.21188235294117647","0.07211764705882352","0.01","1.01","0.01","0.01","0.01","0.01","0.01","0.175","0.13774193548387098","0.7847826086956522","0.27847457627118644","0.4127118644067797","0.505"
"6","0.9107058823529411","0.8718823529411764","0.5651764705882353","0.3632941176470588","0.01","0.01","0.01","0.01","0.01","1.01","0.01","0.175","0.13774193548387098","0.7847826086956522","0.27847457627118644","0.4127118644067797","0.505"
"6","0.4914117647058823","0.3827058823529412","0.05270588235294118","0.30505882352941177","0.01","0.01","0.01","1.01","0.01","0.01","0.01","0.175","0.13774193548387098","0.7847826086956522","0.27847457627118644","0.4127118644067797","0.505"
"7","0.7903529411764706","0.8408235294117647","0.025529411764705884","0.1303529411764706","0.01","1.01","0.01","0.01","0.01","0.01","0.01","0.175","0.13774193548387098","0.7847826086956522","0.27847457627118644","0.4127118644067797","0.505"
"6","0.8136470588235294","0.3244705882352941","0.9495294117647058","0.743764705882353","0.01","1.01","0.01","0.01","0.01","0.01","0.01","0.175","0.13774193548387098","0.7847826086956522","0.27847457627118644","0.4127118644067797","0.505"
"8","0.20023529411764707","0.406","0.5302352941176471","0.9495294117647058","0.01","0.01","1.01","0.01","0.01","0.01","0.01","0.175","0.13774193548387098","0.7847826086956522","0.27847457627118644","0.4127118644067797","0.505"
"4","0.860235294117647","0.25070588235294117","0.49917647058823533","0.7243529411764705","0.01","1.01","0.01","0.01","0.01","0.01","0.01","0.175","0.13774193548387098","0.7847826086956522","0.27847457627118644","0.4127118644067797","0.505"
"1","0.3865882352941176","0.4254117647058824","0.8990588235294118","0.7709411764705882","1.01","0.01","0.01","0.01","0.01","0.01","0.01","0.175","0.13774193548387098","0.7847826086956522","0.27847457627118644","0.4127118644067797","0.505"
"1","0.13811764705882354","0.5807058823529412","0.868","0.3865882352941176","0.01","1.01","0.01","0.01","0.01","0.01","0.01","0.175","0.13774193548387098","0.7847826086956522","0.27847457627118644","0.4294915254237288","0.505"
"7","0.6855294117647059","0.04882352941176471","0.22741176470588237","0.5418823529411765","0.01","0.01","1.01","0.01","0.01","0.01","0.01","0.175","0.13774193548387098","0.7847826086956522","0.27847457627118644","0.4294915254237288","0.505"
"4","0.9572941176470589","0.3089411764705882","0.7748235294117647","0.33999999999999997","0.01","0.01","0.01","0.01","0.01","0.01","1.01","0.175","0.13774193548387098","0.7847826086956522","0.27847457627118644","0.4294915254237288","0.505"
"3","0.0371764705882353","0.7165882352941176","0.4098823529411765","0.6350588235294118","0.01","0.01","1.01","0.01","0.01","0.01","0.01","0.175","0.13774193548387098","0.7847826086956522","0.27847457627118644","0.4294915254237288","0.505"
"4","0.5574117647058824","0.5574117647058824","0.8912941176470588","0.3205882352941177","1.01","0.01","0.01","0.01","0.01","0.01","0.01","0.175","0.13774193548387098","0.7847826086956522","0.27847457627118644","0.4294915254237288","0.505"
"4","0.8252941176470587","0.5457647058823529","0.21188235294117647","0.6428235294117647","0.01","0.01","0.01","0.01","0.01","0.01","1.01","0.175","0.13774193548387098","0.7847826086956522","0.27847457627118644","0.4294915254237288","0.505"
"3","0.26235294117647057","0.7049411764705882","0.8330588235294119","0.08764705882352941","0.01","0.01","0.01","0.01","1.01","0.01","0.01","0.175","0.13774193548387098","0.7847826086956522","0.27847457627118644","0.4294915254237288","0.505"
"1","0.4254117647058824","0.05270588235294118","0.4797647058823529","0.13423529411764706","1.01","0.01","0.01","0.01","0.01","0.01","0.01","0.175","0.13774193548387098","0.7847826086956522","0.27847457627118644","0.4294915254237288","0.505"
"7","0.2351764705882353","0.7282352941176471","0.860235294117647","0.2351764705882353","0.01","0.01","1.01","0.01","0.01","0.01","0.01","0.175","0.13774193548387098","0.7847826086956522","0.27847457627118644","0.4294915254237288","0.505"
"2","0.18858823529411764","0.6195294117647059","0.6078823529411764","0.9767058823529412","0.01","0.01","0.01","0.01","1.01","0.01","0.01","0.175","0.13774193548387098","0.7847826086956522","0.27847457627118644","0.4294915254237288","0.505"
"8","0.7282352941176471","0.33999999999999997","0.26235294117647057","0.1148235294117647","0.01","1.01","0.01","0.01","0.01","0.01","0.01","0.175","0.13774193548387098","0.7847826086956522","0.27847457627118644","0.4294915254237288","0.505"
"9","0.3594117647058824","1.0","0.15364705882352944","0.11870588235294117","0.01","0.01","0.01","1.01","0.01","0.01","0.01","0.175","0.13774193548387098","0.7847826086956522","0.27847457627118644","0.4294915254237288","0.505"
"9","0.3904705882352941","0.5845882352941177","0.21576470588235297","0.7127058823529412","0.01","0.01","0.01","1.01","0.01","0.01","0.01","0.175","0.13774193548387098","0.7847826086956522","0.27847457627118644","0.4294915254237288","0.505"
"0","0.8757647058823529","0.39435294117647063","0.09152941176470587","0.07211764705882352","0.01","0.01","0.01","1.01","0.01","0.01","0.01","0.175","0.13774193548387098","0.7847826086956522","0.27847457627118644","0.446271186440678","0.505"
"2","0.8097647058823529","0.6583529411764706","0.13811764705882354","0.4137647058823529","0.01","0.01","0.01","1.01","0.01","0.01","0.01","0.175","0.13774193548387098","0.7847826086956522","0.27847457627118644","0.446271186440678","0.505"
"0","0.2390588235294118","0.24294117647058824","0.5962352941176471","0.6699999999999999","0.01","1.01","0.01","0.01","0.01","0.01","0.01","0.175","0.13774193548387098","0.7847826086956522","0.27847457627118644","0.446271186440678","0.505"
"8","0.42152941176470593","0.9572941176470589","0.6777647058823529","0.01","0.01","0.01","0.01","0.01","0.01","1.01","0.01","0.175","0.13774193548387098","0.7847826086956522","0.27847457627118644","0.446271186440678","0.505"
"6","0.2972941176470589","0.8136470588235294","0.9844705882352941","0.8990588235294118","0.01","0.01","1.01","0.01","0.01","0.01","0.01","0.175","0.13774193548387098","0.7847826086956522","0.27847457627118644","0.446271186440678","0.505"
"5","0.3594117647058824","0.6156470588235294","0.4254117647058824","0.7476470588235294","0.01","1.01","0.01","0.01","0.01","0.01","0.01","0.175","0.13774193548387098","0.7847826086956522","0.27847457627118644","0.446271186440678","0.505"
"2","0.3322352941176471","0.28952941176470587","0.6001176470588235","0.7088235294117647","0.01","0.01","0.01","0.01","0.01","0.01","1.01","0.175","0.13774193548387098","0.7847826086956522","0.27847457627118644","0.446271186440678","0.505"
"4","0.26623529411764707","0.6777647058823529","0.07988235294117646","0.7398823529411765","0.01","0.01","0.01","1.01","0.01","0.01","0.01","0.175","0.13774193548387098","0.7847826086956522","0.27847457627118644","0.446271186440678","0.505"
"4","0.6661176470588235","0.041058823529411766","0.05658823529411765","0.6001176470588235","0.01","0.01","0.01","0.01","0.01","0.01","1.01","0.175","0.13774193548387098","0.7847826086956522","0.27847457627118644","0.446271186440678","0.505"
"9","0.4292941176470588","0.21576470588235297","0.3827058823529412","0.8485882352941176","1.01","0.01","0.01","0.01","0.01","0.01","0.01","0.175","0.13774193548387098","0.7847826086956522","0.27847457627118644","0.446271186440678","0.505"
"6","0.9650588235294117","0.3788235294117647","0.8524705882352941","0.6078823529411764","0.01","0.01","0.01","0.01","1.01","0.01","0.01","0.175","0.13774193548387098","0.7847826086956522","0.27847457627118644","0.446271186440678","0.505"
"9","0.4409411764705882","0.736","0.44482352941176473","0.7165882352941176","0.01","0.01","0.01","0.01","1.01","0.01","0.01","0.175","0.13774193548387098","0.7847826086956522","0.27847457627118644","0.446271186440678","0.505"
"2","0.274","0.8641176470588235","0.7282352941176471","0.3089411764705882","0.01","0.01","0.01","0.01","1.01","0.01","0.01","0.175","0.13774193548387098","0.7847826086956522","0.27847457627118644","0.446271186440678","0.505"
"2","0.5418823529411765","0.7476470588235294","0.9611764705882353","0.9068235294117647","1.01","0.01","0.01","0.01","0.01","0.01","0.01","0.175","0.13774193548387098","0.7847826086956522","0.27847457627118644","0.46305084745762715","0.505"
"2","0.4758823529411765","0.6078823529411764","0.6855294117647059","0.09152941176470587","0.01","0.01","1.01","0.01","0.01","0.01","0.01","0.175","0.13774193548387098","0.7847826086956522","0.27847457627118644","0.46305084745762715","0.505"
"5","0.7825882352941177","0.8757647058823529","0.6117647058823529","0.09929411764705881","0.01","1.01","0.01","0.01","0.01","0.01","0.01","0.175","0.13774193548387098","0.7847826086956522","0.27847457627118644","0.46305084745762715","0.505"
"7","0.14976470588235294","0.05658823529411765","0.1847058823529412","0.7165882352941176","0.01","0.01","0.01","0.01","1.01","0.01","0.01","0.175","0.13774193548387098","0.7847826086956522","0.27847457627118644","0.4798305084745763","0.505"
"1","0.6389411764705882","0.041058823529411766","0.6156470588235294","0.4409411764705882","0.01","0.01","0.01","0.01","0.01","0.01","1.01","0.175","0.13774193548387098","0.7847826086956522","0.27847457627118644","0.4798305084745763","0.505"
"6","0.5418823529411765","0.7670588235294117","0.5729411764705882","0.3089411764705882","0.01","1.01","0.01","0.01","0.01","0.01","0.01","0.175","0.13774193548387098","0.7847826086956522","0.27847457627118644","0.4798305084745763","0.505"
"0","0.6272941176470588","0.1303529411764706","0.08764705882352941","0.6971764705882353","0.01","0.01","0.01","0.01","0.01","1.01","0.01","0.175","0.13774193548387098","0.7847826086956522","0.27847457627118644","0.4798305084745763","0.505"
"8","0.11094117647058822","0.7748235294117647","0.8524705882352941","0.14976470588235294","0.01","1.01","0.01","0.01","0.01","0.01","0.01","0.175","0.13774193548387098","0.7847826086956522","0.27847457627118644","0.4798305084745763","0.505"
"0","0.6117647058823529","0.9572941176470589","0.6389411764705882","0.274","0.01","0.01","1.01","0.01","0.01","0.01","0.01","0.175","0.13774193548387098","0.7847826086956522","0.27847457627118644","0.4798305084745763","0.505"
"1","0.3827058823529412","0.2972941176470589","0.9456470588235294","0.20411764705882354","1.01","0.01","0.01","0.01","0.01","0.01","0.01","0.175","0.13774193548387098","0.7847826086956522","0.27847457627118644","0.4798305084745763","0.505"
"2","0.25458823529411767","0.029411764705882353","0.5069411764705882","0.26235294117647057","0.01","0.01","1.01","0.01","0.01","0.01","0.01","0.175","0.13774193548387098","0.7847826086956522","0.27847457627118644","0.4798305084745763","0.505"
"0","0.26623529411764707","0.6117647058823529","0.1264705882352941","0.8447058823529412","1.01","0.01","0.01","0.01","0.01","0.01","0.01","0.175","0.13774193548387098","0.7847826086956522","0.27847457627118644","0.4798305084745763","0.505"
"9","0.3710588235294118","0.8718823529411764","0.3516470588235294","0.464235294117647","0.01","1.01","0.01","0.01","0.01","0.01","0.01","0.175","0.13774193548387098","0.7847826086956522","0.27847457627118644","0.4798305084745763","0.505"
"5","0.3749411764705883","0.4331764705882353","0.20411764705882354","0.406","0.01","0.01","0.01","1.01","0.01","0.01","0.01","0.175","0.13774193548387098","0.7847826086956522","0.27847457627118644","0.4966101694915255","0.505"
"6","0.860235294117647","0.2235294117647059","0.7748235294117647","0.7592941176470588","0.01","1.01","0.01","0.01","0.01","0.01","0.01","0.175","0.13774193548387098","0.7847826086956522","0.27847457627118644","0.4966101694915255","0.505"
"4","0.16917647058823532","0.7787058823529412","0.9456470588235294","0.16529411764705884","0.01","0.01","1.01","0.01","0.01","0.01","0.01","0.175","0.13774193548387098","0.7847826086956522","0.27847457627118644","0.4966101694915255","0.505"
"9","0.09152941176470587","0.2701176470588236","0.7709411764705882","0.7476470588235294","0.01","1.01","0.01","0.01","0.01","0.01","0.01","0.175","0.13774193548387098","0.7847826086956522","0.27847457627118644","0.4966101694915255","0.505"
"4","0.7592941176470588","0.3089411764705882","0.5612941176470588","0.05270588235294118","0.01","0.01","0.01","1.01","0.01","0.01","0.01","0.175","0.13774193548387098","0.7847826086956522","0.27847457627118644","0.4966101694915255","0.505"
"1","0.7787058823529412","0.6272941176470588","0.6661176470588235","0.347764705882353","0.01","0.01","0.01","1.01","0.01","0.01","0.01","0.175","0.13774193548387098","0.7847826086956522","0.27847457627118644","0.4966101694915255","0.505"
"1","0.2701176470588236","0.10317647058823529","0.8912941176470588","0.2235294117647059","0.01","0.01","0.01","0.01","1.01","0.01","0.01","0.175","0.13774193548387098","0.7847826086956522","0.27847457627118644","0.4966101694915255","0.505"
"0","0.6971764705882353","0.25070588235294117","0.3128235294117647","0.1458823529411765","0.01","1.01","0.01","0.01","0.01","0.01","0.01","0.175","0.13774193548387098","0.7847826086956522","0.27847457627118644","0.4966101694915255","0.505"
"2","0.13423529411764706","0.17305882352941176","0.7592941176470588","0.8097647058823529","0.01","0.01","0.01","1.01","0.01","0.01","0.01","0.175","0.13774193548387098","0.7847826086956522","0.27847457627118644","0.5133898305084745","0.505"
"1","0.6350588235294118","0.941764705882353","0.06435294117647058","0.9961176470588236","0.01","0.01","0.01","0.01","1.01","0.01","0.01","0.175","0.13774193548387098","0.7847826086956522","0.27847457627118644","0.5133898305084745","0.505"
"7","0.6971764705882353","0.8951764705882354","0.5535294117647059","0.6311764705882353","0.01","0.01","0.01","0.01","0.01","1.01","0.01","0.175","0.13774193548387098","0.7847826086956522","0.27847457627118644","0.5133898305084745","0.505"
"5","0.7127058823529412","0.12258823529411764","0.3322352941176471","0.11094117647058822","0.01","0.01","0.01","0.01","0.01","0.01","1.01","0.175","0.13774193548387098","0.7847826086956522","0.27847457627118644","0.5133898305084745","0.505"
"2","0.8796470588235294","0.3749411764705883","0.28952941176470587","0.2972941176470589","0.01","0.01","1.01","0.01","0.01","0.01","0.01","0.175","0.13774193548387098","0.7847826086956522","0.27847457627118644","0.5133898305084745","0.505"
"9","0.6505882352941177","0.860235294117647","0.0371764705882353","0.5535294117647059","0.01","0.01","1.01","0.01","0.01","0.01","0.01","0.175","0.13774193548387098","0.7847826086956522","0.27847457627118644","0.5133898305084745","0.505"
"3","0.8912941176470588","0.7981176470588235","0.6117647058823529","0.4292941176470588","0.01","0.01","0.01","1.01","0.01","0.01","0.01","0.175","0.13774193548387098","0.7847826086956522","0.27847457627118644","0.5133898305084745","0.505"
"4","0.9456470588235294","0.9534117647058823","0.8058823529411765","0.09152941176470587","1.01","0.01","0.01","0.01","0.01","0.01","0.01","0.175","0.13774193548387098","0.7847826086956522","0.27847457627118644","0.5133898305084745","0.505"
"5","0.24294117647058824","0.05270588235294118","0.347764705882353","0.35552941176470587","0.01","0.01","1.01","0.01","0.01","0.01","0.01","0.175","0.13774193548387098","0.7847826086956522","0.27847457627118644","0.5133898305084745","0.505"
"1","0.8524705882352941","0.8252941176470587","0.13811764705882354","0.044941176470588234","0.01","0.01","0.01","0.01","0.01","0.01","1.01","0.175","0.13774193548387098","0.7847826086956522","0.27847457627118644","0.5133898305084745","0.505"
"0","0.7010588235294117","0.5923529411764706","0.6894117647058824","0.5302352941176471","0.01","0.01","0.01","0.01","0.01","1.01","0.01","0.175","0.13774193548387098","0.7847826086956522","0.27847457627118644","0.5301694915254238","0.505"
"0","0.5302352941176471","0.8408235294117647","0.08764705882352941","0.10317647058823529","0.01","1.01","0.01","0.01","0.01","0.01","0.01","0.175","0.13774193548387098","0.7847826086956522","0.27847457627118644","0.5301694915254238","0.505"
"5","0.743764705882353","0.3283529411764706","0.9107058823529411","0.20800000000000002","1.01","0.01","0.01","0.01","0.01","0.01","0.01","0.175","0.13774193548387098","0.7847826086956522","0.27847457627118644","0.5301694915254238","0.505"
"9","0.44482352941176473","0.3749411764705883","0.10705882352941176","0.01","0.01","0.01","0.01","1.01","0.01","0.01","0.01","0.175","0.13774193548387098","0.7847826086956522","0.27847457627118644","0.5301694915254238","0.505"
"9","0.14976470588235294","0.02164705882352941","0.11870588235294117","0.49529411764705883","0.01","1.01","0.01","0.01","0.01","0.01","0.01","0.175","0.13774193548387098","0.7847826086956522","0.27847457627118644","0.5301694915254238","0.505"
"4","0.24294117647058824","0.7088235294117647","0.3438823529411765","0.48364705882352943","1.01","0.01","0.01","0.01","0.01","0.01","0.01","0.175","0.13774193548387098","0.7847826086956522","0.27847457627118644","0.5301694915254238","0.505"
"9","0.2701176470588236","0.9650588235294117","0.5845882352941177","0.21188235294117647","0.01","0.01","1.01","0.01","0.01","0.01","0.01","0.175","0.13774193548387098","0.7847826086956522","0.27847457627118644","0.5301694915254238","0.505"
"9","0.26623529411764707","0.4254117647058824","0.7049411764705882","0.6932941176470588","1.01","0.01","0.01","0.01","0.01","0.01","0.01","0.175","0.13774193548387098","0.7847826086956522","0.27847457627118644","0.5301694915254238","0.505"
"2","0.7748235294117647","0.5884705882352942","0.3710588235294118","0.6777647058823529","0.01","0.01","0.01","0.01","0.01","1.01","0.01","0.175","0.13774193548387098","0.7847826086956522","0.27847457627118644","0.5301694915254238","0.505"
"6","0.4914117647058823","0.5263529411764706","0.42152941176470593","0.8796470588235294","0.01","0.01","1.01","0.01","0.01","0.01","0.01","0.175","0.13774193548387098","0.7847826086956522","0.27847457627118644","0.5301694915254238","0.505"
"1","0.8058823529411765","0.934","0.3283529411764706","0.10317647058823529","0.01","1.01","0.01","0.01","0.01","0.01","0.01","0.175","0.13774193548387098","0.7847826086956522","0.27847457627118644","0.5469491525423729","0.505"
"6","0.2701176470588236","0.16917647058823532","0.14976470588235294","0.8291764705882353","0.01","0.01","0.01","0.01","0.01","0.01","1.01","0.175","0.13774193548387098","0.7847826086956522","0.27847457627118644","0.5469491525423729","0.505"
"7","0.5496470588235294","0.8485882352941176","0.3128235294117647","0.274","0.01","0.01","0.01","1.01","0.01","0.01","0.01","0.175","0.13774193548387098","0.7847826086956522","0.27847457627118644","0.563728813559322","0.505"
"8","0.5263529411764706","0.21188235294117647","0.13423529411764706","0.08764705882352941","0.01","0.01","0.01","1.01","0.01","0.01","0.01","0.175","0.13774193548387098","0.7847826086956522","0.27847457627118644","0.563728813559322","0.505"
"9","0.39435294117647063","0.26235294117647057","0.8097647058823529","0.5807058823529412","0.01","0.01","1.01","0.01","0.01","0.01","0.01","0.175","0.13774193548387098","0.7847826086956522","0.27847457627118644","0.563728813559322","0.505"
"9","0.9029411764705882","0.3089411764705882","0.25458823529411767","0.4525882352941177","0.01","0.01","1.01","0.01","0.01","0.01","0.01","0.175","0.13774193548387098","0.7847826086956522","0.27847457627118644","0.563728813559322","0.505"
"3","0.5768235294117646","0.30505882352941177","0.934","0.5574117647058824","0.01","1.01","0.01","0.01","0.01","0.01","0.01","0.175","0.13774193548387098","0.7847826086956522","0.27847457627118644","0.563728813559322","0.505"
"1","0.4292941176470588","0.6583529411764706","0.3827058823529412","0.22741176470588237","0.01","0.01","0.01","0.01","0.01","1.01","0.01","0.175","0.13774193548387098","0.7847826086956522","0.27847457627118644","0.563728813559322","0.505"
"4","0.7554117647058823","0.8175294117647058","0.20411764705882354","0.3128235294117647","0.01","0.01","0.01","0.01","0.01","1.01","0.01","0.175","0.13774193548387098","0.7847826086956522","0.27847457627118644","0.5805084745762712","0.505"
"1","0.28952941176470587","0.14976470588235294","0.08764705882352941","1.0","0.01","0.01","0.01","0.01","0.01","0.01","1.01","0.175","0.13774193548387098","0.7847826086956522","0.27847457627118644","0.5805084745762712","0.505"
"1","0.6078823529411764","0.6156470588235294","0.7515294117647059","0.9728235294117646","0.01","0.01","1.01","0.01","0.01","0.01","0.01","0.175","0.13774193548387098","0.7847826086956522","0.27847457627118644","0.5805084745762712","0.505"
"4","0.2351764705882353","0.7398823529411765","0.1963529411764706","0.5263529411764706","1.01","0.01","0.01","0.01","0.01","0.01","0.01","0.175","0.13774193548387098","0.7847826086956522","0.27847457627118644","0.5805084745762712","0.505"
"3","0.1963529411764706","0.8408235294117647","0.868","0.060470588235294116","1.01","0.01","0.01","0.01","0.01","0.01","0.01","0.175","0.13774193548387098","0.7847826086956522","0.27847457627118644","0.5805084745762712","0.505"
"2","0.4254117647058824","0.2856470588235294","0.47200000000000003","0.934","1.01","0.01","0.01","0.01","0.01","0.01","0.01","0.175","0.13774193548387098","0.7847826086956522","0.27847457627118644","0.5805084745762712","0.505"
"9","0.9223529411764705","0.5651764705882353","0.25458823529411767","0.3322352941176471","1.01","0.01","0.01","0.01","0.01","0.01","0.01","0.175","0.13774193548387098","0.7847826086956522","0.27847457627118644","0.5805084745762712","0.505"
"4","0.5845882352941177","0.6932941176470588","0.2934117647058823","0.5845882352941177","1.01","0.01","0.01","0.01","0.01","0.01","0.01","0.175","0.13774193548387098","0.7847826086956522","0.27847457627118644","0.5972881355932204","0.505"
"2","0.868","0.9961176470588236","0.9262352941176472","0.05270588235294118","1.01","0.01","0.01","0.01","0.01","0.01","0.01","0.175","0.13774193548387098","0.7847826086956522","0.27847457627118644","0.5972881355932204","0.505"
"3","0.3361176470588235","0.4292941176470588","0.13811764705882354","0.794235294117647","0.01","0.01","0.01","0.01","0.01","1.01","0.01","0.175","0.13774193548387098","0.7847826086956522","0.27847457627118644","0.5972881355932204","0.505"
"0","0.23129411764705884","1.0","0.5651764705882353","0.18082352941176472","0.01","0.01","1.01","0.01","0.01","0.01","0.01","0.175","0.13774193548387098","0.7847826086956522","0.27847457627118644","0.5972881355932204","0.505"
"5","0.1303529411764706","0.4137647058823529","0.7864705882352941","0.9611764705882353","0.01","0.01","0.01","0.01","0.01","0.01","1.01","0.175","0.13774193548387098","0.7847826086956522","0.27847457627118644","0.5972881355932204","0.505"
"4","0.060470588235294116","0.5574117647058824","0.6001176470588235","0.10317647058823529","0.01","0.01","1.01","0.01","0.01","0.01","0.01","0.175","0.13774193548387098","0.7847826086956522","0.27847457627118644","0.5972881355932204","0.505"
"1","0.7864705882352941","0.4098823529411765","0.8252941176470587","0.8330588235294119","0.01","0.01","0.01","1.01","0.01","0.01","0.01","0.175","0.13774193548387098","0.7847826086956522","0.27847457627118644","0.5972881355932204","0.505"
"6","0.918470588235294","0.09152941176470587","0.3128235294117647","0.8330588235294119","0.01","0.01","0.01","0.01","1.01","0.01","0.01","0.175","0.13774193548387098","0.7847826086956522","0.27847457627118644","0.5972881355932204","0.505"
"4","0.2972941176470589","0.2972941176470589","0.26623529411764707","0.1575294117647059","0.01","0.01","0.01","1.01","0.01","0.01","0.01","0.175","0.13774193548387098","0.7847826086956522","0.27847457627118644","0.6140677966101695","0.505"
"2","0.8951764705882354","0.7282352941176471","0.9378823529411765","0.8990588235294118","0.01","1.01","0.01","0.01","0.01","0.01","0.01","0.175","0.13774193548387098","0.7847826086956522","0.27847457627118644","0.6140677966101695","0.505"
"4","0.5185882352941176","0.13423529411764706","0.13811764705882354","0.8524705882352941","0.01","0.01","0.01","0.01","0.01","0.01","1.01","0.175","0.13774193548387098","0.7847826086956522","0.27847457627118644","0.6308474576271187","0.505"
"4","0.8796470588235294","0.20800000000000002","0.2856470588235294","0.22741176470588237","1.01","0.01","0.01","0.01","0.01","0.01","0.01","0.175","0.13774193548387098","0.7847826086956522","0.27847457627118644","0.6308474576271187","0.505"
"8","0.9689411764705882","0.1303529411764706","0.934","0.794235294117647","0.01","0.01","0.01","1.01","0.01","0.01","0.01","0.175","0.13774193548387098","0.7847826086956522","0.27847457627118644","0.6308474576271187","0.505"
"5","0.3283529411764706","0.05270588235294118","0.23129411764705884","0.3516470588235294","0.01","0.01","0.01","0.01","0.01","1.01","0.01","0.175","0.13774193548387098","0.7847826086956522","0.27847457627118644","0.6308474576271187","0.505"
"7","0.6583529411764706","0.8835294117647059","0.23129411764705884","0.10705882352941176","0.01","0.01","0.01","0.01","1.01","0.01","0.01","0.175","0.13774193548387098","0.7847826086956522","0.27847457627118644","0.6308474576271187","0.505"
"0","0.44482352941176473","0.5651764705882353","0.3361176470588235","0.2934117647058823","0.01","0.01","0.01","1.01","0.01","0.01","0.01","0.175","0.13774193548387098","0.7847826086956522","0.27847457627118644","0.6308474576271187","0.505"
"7","0.18082352941176472","0.6467058823529412","0.6816470588235295","0.8369411764705883","0.01","0.01","0.01","0.01","1.01","0.01","0.01","0.175","0.13774193548387098","0.7847826086956522","0.27847457627118644","0.6476271186440677","0.505"
"9","0.5574117647058824","0.802","0.6428235294117647","0.5341176470588236","0.01","0.01","0.01","0.01","1.01","0.01","0.01","0.175","0.13774193548387098","0.7847826086956522","0.27847457627118644","0.6476271186440677","0.505"
"1","0.5884705882352942","0.5496470588235294","0.7398823529411765","0.941764705882353","0.01","1.01","0.01","0.01","0.01","0.01","0.01","0.175","0.13774193548387098","0.7847826086956522","0.27847457627118644","0.6476271186440677","0.505"
"9","0.5185882352941176","0.6699999999999999","0.3128235294117647","0.918470588235294","0.01","1.01","0.01","0.01","0.01","0.01","0.01","0.175","0.13774193548387098","0.7847826086956522","0.27847457627118644","0.6476271186440677","0.505"
"8","0.7282352941176471","0.6816470588235295","0.274","0.18858823529411764","0.01","0.01","0.01","1.01","0.01","0.01","0.01","0.175","0.13774193548387098","0.7847826086956522","0.27847457627118644","0.6476271186440677","0.505"
"1","0.8369411764705883","0.9650588235294117","0.3865882352941176","0.5651764705882353","0.01","0.01","0.01","1.01","0.01","0.01","0.01","0.175","0.13774193548387098","0.7847826086956522","0.27847457627118644","0.6476271186440677","0.505"
"4","0.743764705882353","0.794235294117647","0.9534117647058823","0.26623529411764707","0.01","0.01","0.01","1.01","0.01","0.01","0.01","0.175","0.13774193548387098","0.7847826086956522","0.27847457627118644","0.6476271186440677","0.505"
"5","0.18858823529411764","0.041058823529411766","0.7825882352941177","0.5729411764705882","0.01","0.01","0.01","0.01","1.01","0.01","0.01","0.175","0.13774193548387098","0.7847826086956522","0.27847457627118644","0.6476271186440677","0.505"
"3","0.8874117647058823","0.7049411764705882","0.28952941176470587","0.9572941176470589","0.01","0.01","0.01","0.01","0.01","1.01","0.01","0.175","0.13774193548387098","0.7847826086956522","0.27847457627118644","0.6476271186440677","0.505"
"2","0.5341176470588236","0.08764705882352941","0.5069411764705882","0.9883529411764707","0.01","0.01","0.01","1.01","0.01","0.01","0.01","0.175","0.13774193548387098","0.7847826086956522","0.27847457627118644","0.6476271186440677","0.505"
"4","0.7748235294117647","0.3632941176470588","0.20411764705882354","0.7631764705882352","0.01","0.01","0.01","0.01","0.01","0.01","1.01","0.175","0.13774193548387098","0.7847826086956522","0.27847457627118644","0.6476271186440677","0.505"
"4","0.5768235294117646","0.464235294117647","0.08376470588235294","0.7554117647058823","0.01","0.01","0.01","0.01","1.01","0.01","0.01","0.175","0.13774193548387098","0.7847826086956522","0.27847457627118644","0.6476271186440677","0.505"
"0","0.6467058823529412","0.5457647058823529","0.26623529411764707","0.27788235294117647","0.01","0.01","0.01","0.01","0.01","0.01","1.01","0.175","0.13774193548387098","0.7847826086956522","0.27847457627118644","0.664406779661017","0.505"
"7","0.49529411764705883","0.4681176470588236","0.8252941176470587","0.16917647058823532","1.01","0.01","0.01","0.01","0.01","0.01","0.01","0.175","0.13774193548387098","0.7847826086956522","0.27847457627118644","0.664406779661017","0.505"
"6","0.6661176470588235","0.11094117647058822","0.6505882352941177","0.7476470588235294","0.01","0.01","0.01","1.01","0.01","0.01","0.01","0.175","0.13774193548387098","0.7847826086956522","0.27847457627118644","0.664406779661017","0.505"
"5","0.21576470588235297","0.9922352941176471","0.9456470588235294","0.8408235294117647","1.01","0.01","0.01","0.01","0.01","0.01","0.01","0.175","0.13774193548387098","0.7847826086956522","0.27847457627118644","0.664406779661017","0.505"
"6","0.20411764705882354","0.18858823529411764","0.406","0.01","0.01","1.01","0.01","0.01","0.01","0.01","0.01","0.175","0.13774193548387098","0.7847826086956522","0.27847457627118644","0.664406779661017","0.505"
"3","0.5069411764705882","0.6234117647058823","0.6932941176470588","0.18082352941176472","0.01","0.01","0.01","0.01","0.01","1.01","0.01","0.175","0.13774193548387098","0.7847826086956522","0.27847457627118644","0.664406779661017","0.505"
"1","0.6932941176470588","0.4021176470588235","0.6001176470588235","0.5224705882352941","0.01","0.01","0.01","0.01","0.01","0.01","1.01","0.175","0.13774193548387098","0.7847826086956522","0.27847457627118644","0.664406779661017","0.505"
"6","0.23129411764705884","0.9378823529411765","0.2972941176470589","0.3128235294117647","1.01","0.01","0.01","0.01","0.01","0.01","0.01","0.175","0.13774193548387098","0.7847826086956522","0.27847457627118644","0.664406779661017","0.505"
"4","0.794235294117647","0.9495294117647058","0.9068235294117647","0.6350588235294118","1.01","0.01","0.01","0.01","0.01","0.01","0.01","0.175","0.13774193548387098","0.7847826086956522","0.27847457627118644","0.664406779661017","0.505"
"8","0.4370588235294118","0.3322352941176471","0.6272941176470588","0.08764705882352941","0.01","0.01","0.01","1.01","0.01","0.01","0.01","0.175","0.13774193548387098","0.7847826086956522","0.27847457627118644","0.664406779661017","0.505"
"4","0.07988235294117646","0.7787058823529412","0.1264705882352941","0.11870588235294117","0.01","0.01","0.01","0.01","1.01","0.01","0.01","0.175","0.13774193548387098","0.7847826086956522","0.27847457627118644","0.664406779661017","0.505"
"9","0.743764705882353","0.0371764705882353","0.538","0.1963529411764706","0.01","0.01","0.01","0.01","0.01","0.01","1.01","0.175","0.13774193548387098","0.7847826086956522","0.27847457627118644","0.664406779661017","0.505"
"7","0.39435294117647063","0.8447058823529412","0.7204705882352941","0.2934117647058823","0.01","0.01","1.01","0.01","0.01","0.01","0.01","0.175","0.13774193548387098","0.7847826086956522","0.27847457627118644","0.664406779661017","0.505"
"1","0.4487058823529412","0.1458823529411765","0.5690588235294117","0.5535294117647059","0.01","0.01","0.01","1.01","0.01","0.01","0.01","0.175","0.13774193548387098","0.7847826086956522","0.27847457627118644","0.6811864406779661","0.505"
"6","0.3438823529411765","0.7088235294117647","0.9495294117647058","0.7709411764705882","0.01","0.01","0.01","0.01","0.01","1.01","0.01","0.175","0.13774193548387098","0.7847826086956522","0.27847457627118644","0.6811864406779661","0.505"
"0","0.09152941176470587","0.25070588235294117","0.16917647058823532","0.6777647058823529","0.01","0.01","0.01","1.01","0.01","0.01","0.01","0.175","0.13774193548387098","0.7847826086956522","0.27847457627118644","0.6811864406779661","0.505"
"0","0.8912941176470588","0.7903529411764706","0.6428235294117647","0.5030588235294118","0.01","0.01","0.01","0.01","1.01","0.01","0.01","0.175","0.13774193548387098","0.7847826086956522","0.27847457627118644","0.6811864406779661","0.505"
"1","0.10317647058823529","0.736","0.03329411764705882","0.45647058823529413","0.01","0.01","0.01","0.01","1.01","0.01","0.01","0.175","0.13774193548387098","0.7847826086956522","0.27847457627118644","0.6811864406779661","0.505"
"3","0.9495294117647058","0.8058823529411765","0.3982352941176471","0.041058823529411766","0.01","0.01","0.01","1.01","0.01","0.01","0.01","0.175","0.13774193548387098","0.7847826086956522","0.27847457627118644","0.6811864406779661","0.505"
"1","0.6389411764705882","0.8408235294117647","0.8175294117647058","0.3749411764705883","0.01","0.01","1.01","0.01","0.01","0.01","0.01","0.175","0.13774193548387098","0.7847826086956522","0.27847457627118644","0.6811864406779661","0.505"
"1","0.4758823529411765","0.5418823529411765","0.464235294117647","0.041058823529411766","0.01","0.01","0.01","1.01","0.01","0.01","0.01","0.175","0.13774193548387098","0.7847826086956522","0.27847457627118644","0.6811864406779661","0.505"
"8","0.7165882352941176","0.9378823529411765","0.5030588235294118","0.4021176470588235","0.01","0.01","0.01","0.01","1.01","0.01","0.01","0.175","0.13774193548387098","0.7847826086956522","0.27847457627118644","0.6811864406779661","0.505"
"1","0.4914117647058823","0.3594117647058824","0.3594117647058824","0.5923529411764706","0.01","0.01","0.01","1.01","0.01","0.01","0.01","0.175","0.13774193548387098","0.7847826086956522","0.27847457627118644","0.6811864406779661","0.505"
"0","0.4603529411764706","0.736","0.33999999999999997","0.5224705882352941","0.01","0.01","1.01","0.01","0.01","0.01","0.01","0.175","0.13774193548387098","0.7847826086956522","0.27847457627118644","0.6811864406779661","0.505"
"0","0.6467058823529412","0.14976470588235294","0.3788235294117647","0.5651764705882353","0.01","0.01","0.01","0.01","1.01","0.01","0.01","0.175","0.13774193548387098","0.7847826086956522","0.27847457627118644","0.6811864406779661","0.505"
"2","0.8175294117647058","0.09152941176470587","0.5807058823529412","0.9805882352941176","0.01","0.01","0.01","0.01","1.01","0.01","0.01","0.175","0.13774193548387098","0.7847826086956522","0.27847457627118644","0.6811864406779661","0.505"
"5","0.8408235294117647","0.4603529411764706","0.2856470588235294","0.3205882352941177","0.01","0.01","0.01","0.01","0.01","1.01","0.01","0.175","0.13774193548387098","0.7847826086956522","0.27847457627118644","0.6979661016949152","0.505"
"7","0.9767058823529412","0.8175294117647058","0.7088235294117647","0.9223529411764705","0.01","0.01","0.01","0.01","0.01","0.01","1.01","0.175","0.13774193548387098","0.7847826086956522","0.27847457627118644","0.6979661016949152","0.505"
"9","0.5612941176470588","0.4525882352941177","0.5224705882352941","0.39435294117647063","1.01","0.01","0.01","0.01","0.01","0.01","0.01","0.175","0.13774193548387098","0.7847826086956522","0.27847457627118644","0.6979661016949152","0.505"
"8","0.743764705882353","0.6001176470588235","0.029411764705882353","0.49529411764705883","0.01","0.01","0.01","0.01","0.01","1.01","0.01","0.175","0.13774193548387098","0.7847826086956522","0.27847457627118644","0.6979661016949152","0.505"
"4","0.6117647058823529","0.3982352941176471","0.3361176470588235","0.7127058823529412","0.01","0.01","0.01","0.01","1.01","0.01","0.01","0.175","0.13774193548387098","0.7847826086956522","0.27847457627118644","0.6979661016949152","0.505"
"1","0.10705882352941176","0.8369411764705883","0.10705882352941176","0.3982352941176471","0.01","1.01","0.01","0.01","0.01","0.01","0.01","0.175","0.13774193548387098","0.7847826086956522","0.27847457627118644","0.6979661016949152","0.505"
"9","0.3438823529411765","0.1458823529411765","0.6001176470588235","0.5729411764705882","0.01","1.01","0.01","0.01","0.01","0.01","0.01","0.175","0.13774193548387098","0.7847826086956522","0.27847457627118644","0.6979661016949152","0.505"
"0","0.7670588235294117","0.1303529411764706","0.025529411764705884","0.3788235294117647","0.01","0.01","0.01","1.01","0.01","0.01","0.01","0.175","0.13774193548387098","0.7847826086956522","0.27847457627118644","0.6979661016949152","0.505"
"9","0.2972941176470589","0.12258823529411764","0.9611764705882353","0.6932941176470588","0.01","0.01","0.01","0.01","0.01","0.01","1.01","0.175","0.13774193548387098","0.7847826086956522","0.27847457627118644","0.6979661016949152","0.505"
"7","0.8912941176470588","0.17694117647058824","0.9223529411764705","0.7554117647058823","0.01","0.01","1.01","0.01","0.01","0.01","0.01","0.175","0.13774193548387098","0.7847826086956522","0.27847457627118644","0.6979661016949152","0.505"
"2","0.16917647058823532","0.604","0.4875294117647059","0.025529411764705884","0.01","0.01","0.01","0.01","1.01","0.01","0.01","0.175","0.13774193548387098","0.7847826086956522","0.27847457627118644","0.6979661016949152","0.505"
"2","0.3632941176470588","0.4331764705882353","0.10705882352941176","0.6932941176470588","0.01","1.01","0.01","0.01","0.01","0.01","0.01","0.175","0.13774193548387098","0.7847826086956522","0.27847457627118644","0.6979661016949152","0.505"
"2","0.30505882352941177","0.3128235294117647","0.9301176470588236","0.7282352941176471","0.01","0.01","0.01","1.01","0.01","0.01","0.01","0.175","0.13774193548387098","0.7847826086956522","0.27847457627118644","0.7147457627118644","0.505"
"2","0.5069411764705882","0.04882352941176471","0.3982352941176471","0.6932941176470588","0.01","0.01","0.01","0.01","1.01","0.01","0.01","0.175","0.13774193548387098","0.7847826086956522","0.27847457627118644","0.7147457627118644","0.505"
"4","0.4409411764705882","0.538","0.8563529411764705","0.5535294117647059","0.01","0.01","0.01","0.01","0.01","0.01","1.01","0.175","0.13774193548387098","0.7847826086956522","0.27847457627118644","0.7147457627118644","0.505"
"8","0.05658823529411765","0.4370588235294118","0.5768235294117646","0.13811764705882354","0.01","0.01","0.01","1.01","0.01","0.01","0.01","0.175","0.13774193548387098","0.7847826086956522","0.27847457627118644","0.7147457627118644","0.505"
"1","0.9728235294117646","0.01776470588235294","0.8408235294117647","0.6156470588235294","0.01","1.01","0.01","0.01","0.01","0.01","0.01","0.175","0.13774193548387098","0.7847826086956522","0.27847457627118644","0.7147457627118644","0.505"
"3","0.3594117647058824","0.9767058823529412","0.4681176470588236","0.9068235294117647","0.01","0.01","1.01","0.01","0.01","0.01","0.01","0.175","0.13774193548387098","0.7847826086956522","0.27847457627118644","0.7147457627118644","0.505"
"6","0.4875294117647059","0.4254117647058824","0.07988235294117646","0.3244705882352941","1.01","0.01","0.01","0.01","0.01","0.01","0.01","0.175","0.13774193548387098","0.7847826086956522","0.27847457627118644","0.7147457627118644","0.505"
"0","0.7321176470588235","0.4098823529411765","0.3283529411764706","0.604","1.01","0.01","0.01","0.01","0.01","0.01","0.01","0.175","0.13774193548387098","0.7847826086956522","0.27847457627118644","0.7147457627118644","0.505"
"8","0.6428235294117647","0.8447058823529412","0.3089411764705882","0.17694117647058824","0.01","0.01","0.01","0.01","0.01","0.01","1.01","0.175","0.13774193548387098","0.7847826086956522","0.27847457627118644","0.7147457627118644","0.505"
"3","0.4875294117647059","0.02164705882352941","0.7670588235294117","0.7398823529411765","0.01","0.01","0.01","0.01","0.01","0.01","1.01","0.175","0.13774193548387098","0.7847826086956522","0.27847457627118644","0.7147457627118644","0.505"
"6","0.10317647058823529","0.2701176470588236","0.7825882352941177","0.1303529411764706","0.01","0.01","1.01","0.01","0.01","0.01","0.01","0.175","0.13774193548387098","0.7847826086956522","0.27847457627118644","0.7147457627118644","0.505"
"1","0.3710588235294118","0.9029411764705882","0.6971764705882353","0.3361176470588235","0.01","0.01","1.01","0.01","0.01","0.01","0.01","0.175","0.13774193548387098","0.7847826086956522","0.27847457627118644","0.7147457627118644","0.505"
"5","0.2235294117647059","0.25070588235294117","0.21188235294117647","0.281764705882353","0.01","0.01","0.01","0.01","1.01","0.01","0.01","0.175","0.13774193548387098","0.7847826086956522","0.27847457627118644","0.7315254237288135","0.505"
"0","0.17694117647058824","0.5108235294117647","0.21964705882352942","0.9689411764705882","0.01","0.01","1.01","0.01","0.01","0.01","0.01","0.175","0.13774193548387098","0.7847826086956522","0.27847457627118644","0.7315254237288135","0.505"
"3","0.7010588235294117","0.8485882352941176","0.743764705882353","0.8835294117647059","1.01","0.01","0.01","0.01","0.01","0.01","0.01","0.175","0.13774193548387098","0.7847826086956522","0.27847457627118644","0.7315254237288135","0.505"
"6","0.30505882352941177","0.2701176470588236","0.7088235294117647","0.662235294117647","0.01","0.01","1.01","0.01","0.01","0.01","0.01","0.175","0.13774193548387098","0.7847826086956522","0.27847457627118644","0.7315254237288135","0.505"
"4","0.8912941176470588","0.464235294117647","0.14200000000000002","0.14200000000000002","0.01","0.01","0.01","0.01","1.01","0.01","0.01","0.175","0.13774193548387098","0.7847826086956522","0.27847457627118644","0.7315254237288135","0.505"
"8","0.9378823529411765","0.28952941176470587","0.5147058823529411","0.23129411764705884","0.01","1.01","0.01","0.01","0.01","0.01","0.01","0.175","0.13774193548387098","0.7847826086956522","0.27847457627118644","0.7315254237288135","0.505"
"2","0.8291764705882353","0.9611764705882353","0.20800000000000002","0.21964705882352942","0.01","0.01","0.01","0.01","0.01","1.01","0.01","0.175","0.13774193548387098","0.7847826086956522","0.27847457627118644","0.7315254237288135","0.505"
"5","0.35552941176470587","0.01776470588235294","0.8330588235294119","0.7864705882352941","0.01","0.01","0.01","0.01","1.01","0.01","0.01","0.175","0.13774193548387098","0.7847826086956522","0.27847457627118644","0.7315254237288135","0.505"
"5","0.30505882352941177","0.10705882352941176","0.6583529411764706","0.9961176470588236","1.01","0.01","0.01","0.01","0.01","0.01","0.01","0.175","0.13774193548387098","0.7847826086956522","0.27847457627118644","0.7315254237288135","0.505"
"5","0.868","0.6234117647058823","0.01388235294117647","0.7709411764705882","0.01","0.01","1.01","0.01","0.01","0.01","0.01","0.175","0.13774193548387098","0.7847826086956522","0.27847457627118644","0.7315254237288135","0.505"
"1","0.9301176470588236","0.2235294117647059","0.5224705882352941","0.860235294117647","0.01","0.01","0.01","0.01","0.01","1.01","0.01","0.175","0.13774193548387098","0.7847826086956522","0.27847457627118644","0.7315254237288135","0.505"
"2","0.4914117647058823","0.25070588235294117","0.7243529411764705","0.44482352941176473","0.01","0.01","0.01","0.01","1.01","0.01","0.01","0.175","0.13774193548387098","0.7847826086956522","0.27847457627118644","0.7315254237288135","0.505"
"2","0.1847058823529412","1.0","0.6272941176470588","0.8990588235294118","0.01","0.01","0.01","0.01","1.01","0.01","0.01","0.175","0.13774193548387098","0.7847826086956522","0.27847457627118644","0.7315254237288135","0.505"
"0","0.6117647058823529","0.9650588235294117","0.45647058823529413","0.25458823529411767","0.01","0.01","0.01","0.01","0.01","1.01","0.01","0.175","0.13774193548387098","0.7847826086956522","0.27847457627118644","0.7483050847457627","0.505"
"4","0.3516470588235294","0.8835294117647059","0.06823529411764706","0.08764705882352941","0.01","0.01","0.01","0.01","0.01","0.01","1.01","0.175","0.13774193548387098","0.7847826086956522","0.27847457627118644","0.7483050847457627","0.505"
"2","0.9145882352941176","0.5923529411764706","0.08376470588235294","0.2235294117647059","0.01","1.01","0.01","0.01","0.01","0.01","0.01","0.175","0.13774193548387098","0.7847826086956522","0.27847457627118644","0.7483050847457627","0.505"
"3","0.6894117647058824","0.918470588235294","0.3128235294117647","0.49917647058823533","0.01","0.01","0.01","0.01","0.01","0.01","1.01","0.175","0.13774193548387098","0.7847826086956522","0.27847457627118644","0.7483050847457627","0.505"
"7","0.5729411764705882","0.2390588235294118","0.5302352941176471","0.44482352941176473","0.01","0.01","1.01","0.01","0.01","0.01","0.01","0.175","0.13774193548387098","0.7847826086956522","0.27847457627118644","0.7483050847457627","0.505"
"4","0.27788235294117647","0.06435294117647058","0.47200000000000003","0.5690588235294117","0.01","0.01","0.01","0.01","0.01","1.01","0.01","0.175","0.13774193548387098","0.7847826086956522","0.27847457627118644","0.7483050847457627","0.505"
"9","0.1458823529411765","0.2934117647058823","0.041058823529411766","0.3710588235294118","0.01","0.01","0.01","0.01","0.01","1.01","0.01","0.175","0.13774193548387098","0.7847826086956522","0.27847457627118644","0.7483050847457627","0.505"
"2","0.7981176470588235","0.3516470588235294","0.9844705882352941","0.3322352941176471","0.01","0.01","0.01","0.01","0.01","0.01","1.01","0.175","0.13774193548387098","0.7847826086956522","0.27847457627118644","0.7483050847457627","0.505"
"7","0.8291764705882353","0.06823529411764706","0.3594117647058824","0.7398823529411765","0.01","1.01","0.01","0.01","0.01","0.01","0.01","0.175","0.13774193548387098","0.7847826086956522","0.27847457627118644","0.7483050847457627","0.505"
"0","0.30505882352941177","0.14976470588235294","0.9961176470588236","0.7476470588235294","0.01","0.01","0.01","0.01","1.01","0.01","0.01","0.175","0.13774193548387098","0.7847826086956522","0.27847457627118644","0.7483050847457627","0.505"
"9","0.19247058823529414","0.3516470588235294","0.5147058823529411","0.3710588235294118","0.01","1.01","0.01","0.01","0.01","0.01","0.01","0.175","0.13774193548387098","0.7847826086956522","0.27847457627118644","0.7483050847457627","0.505"
"2","0.24682352941176472","0.6661176470588235","0.6894117647058824","0.7864705882352941","0.01","1.01","0.01","0.01","0.01","0.01","0.01","0.175","0.13774193548387098","0.7847826086956522","0.27847457627118644","0.7483050847457627","0.505"
"1","0.30505882352941177","0.4914117647058823","0.24682352941176472","0.029411764705882353","0.01","0.01","1.01","0.01","0.01","0.01","0.01","0.175","0.13774193548387098","0.7847826086956522","0.27847457627118644","0.7650847457627118","0.505"
"2","0.041058823529411766","0.06435294117647058","0.8835294117647059","0.4875294117647059","0.01","1.01","0.01","0.01","0.01","0.01","0.01","0.175","0.13774193548387098","0.7847826086956522","0.27847457627118644","0.7650847457627118","0.505"
"0","0.4409411764705882","0.44482352941176473","0.20800000000000002","0.26235294117647057","0.01","1.01","0.01","0.01","0.01","0.01","0.01","0.175","0.13774193548387098","0.7847826086956522","0.27847457627118644","0.7650847457627118","0.505"
"8","0.041058823529411766","0.03329411764705882","0.5574117647058824","0.17694117647058824","0.01","0.01","0.01","1.01","0.01","0.01","0.01","0.175","0.13774193548387098","0.7847826086956522","0.27847457627118644","0.7650847457627118","0.505"
"1","0.5690588235294117","0.26235294117647057","0.7981176470588235","0.15364705882352944","0.01","1.01","0.01","0.01","0.01","0.01","0.01","0.175","0.13774193548387098","0.7847826086956522","0.27847457627118644","0.7650847457627118","0.505"
"6","0.2235294117647059","0.5418823529411765","0.5147058823529411","0.26235294117647057","0.01","0.01","0.01","0.01","0.01","0.01","1.01","0.175","0.13774193548387098","0.7847826086956522","0.27847457627118644","0.7650847457627118","0.505"
"6","0.1264705882352941","0.3904705882352941","0.9223529411764705","0.5807058823529412","0.01","0.01","0.01","1.01","0.01","0.01","0.01","0.175","0.13774193548387098","0.7847826086956522","0.27847457627118644","0.7650847457627118","0.505"
"1","0.31670588235294117","0.8330588235294119","0.5690588235294117","0.7864705882352941","0.01","0.01","0.01","0.01","0.01","1.01","0.01","0.175","0.13774193548387098","0.7847826086956522","0.27847457627118644","0.7650847457627118","0.505"
"1","0.406","0.4331764705882353","0.25070588235294117","0.06823529411764706","0.01","0.01","0.01","0.01","0.01","0.01","1.01","0.175","0.13774193548387098","0.7847826086956522","0.27847457627118644","0.7650847457627118","0.505"
"6","0.6855294117647059","0.406","0.6777647058823529","1.0","0.01","0.01","0.01","0.01","0.01","1.01","0.01","0.175","0.13774193548387098","0.7847826086956522","0.27847457627118644","0.7650847457627118","0.505"
"0","0.6699999999999999","0.33999999999999997","0.7592941176470588","0.8718823529411764","0.01","0.01","0.01","0.01","0.01","1.01","0.01","0.175","0.13774193548387098","0.7847826086956522","0.27847457627118644","0.7650847457627118","0.505"
"5","0.4292941176470588","0.1148235294117647","0.07211764705882352","0.1847058823529412","0.01","0.01","1.01","0.01","0.01","0.01","0.01","0.175","0.13774193548387098","0.7847826086956522","0.27847457627118644","0.7650847457627118","0.505"
"4","0.9068235294117647","0.5651764705882353","0.20023529411764707","0.9572941176470589","0.01","0.01","0.01","0.01","0.01","0.01","1.01","0.175","0.13774193548387098","0.7847826086956522","0.27847457627118644","0.7818644067796611","0.505"
"7","0.6816470588235295","0.3982352941176471","0.18858823529411764","0.8485882352941176","0.01","0.01","0.01","0.01","1.01","0.01","0.01","0.175","0.13774193548387098","0.7847826086956522","0.27847457627118644","0.7818644067796611","0.505"
"3","0.4370588235294118","0.7515294117647059","0.21188235294117647","0.6505882352941177","0.01","0.01","0.01","0.01","0.01","0.01","1.01","0.175","0.13774193548387098","0.7847826086956522","0.27847457627118644","0.7818644067796611","0.505"
"3","0.11870588235294117","0.281764705882353","0.3865882352941176","0.8485882352941176","0.01","1.01","0.01","0.01","0.01","0.01","0.01","0.175","0.13774193548387098","0.7847826086956522","0.27847457627118644","0.7818644067796611","0.505"
"6","0.7165882352941176","0.6195294117647059","0.06823529411764706","0.6661176470588235","0.01","0.01","1.01","0.01","0.01","0.01","0.01","0.175","0.13774193548387098","0.7847826086956522","0.27847457627118644","0.7818644067796611","0.505"
"9","0.4409411764705882","0.7903529411764706","0.36717647058823527","0.281764705882353","1.01","0.01","0.01","0.01","0.01","0.01","0.01","0.175","0.13774193548387098","0.7847826086956522","0.27847457627118644","0.7818644067796611","0.505"
"7","0.8912941176470588","0.6467058823529412","0.9029411764705882","0.6389411764705882","0.01","0.01","1.01","0.01","0.01","0.01","0.01","0.175","0.13774193548387098","0.7847826086956522","0.27847457627118644","0.7818644067796611","0.505"
"3","0.9068235294117647","0.3904705882352941","0.5496470588235294","0.12258823529411764","0.01","0.01","0.01","0.01","0.01","0.01","1.01","0.175","0.13774193548387098","0.7847826086956522","0.27847457627118644","0.7818644067796611","0.505"
"6","0.8136470588235294","0.9844705882352941","0.48364705882352943","0.3283529411764706","0.01","1.01","0.01","0.01","0.01","0.01","0.01","0.175","0.13774193548387098","0.7847826086956522","0.27847457627118644","0.7818644067796611","0.505"
"9","0.3594117647058824","0.2351764705882353","0.7127058823529412","0.9689411764705882","0.01","0.01","1.01","0.01","0.01","0.01","0.01","0.175","0.13774193548387098","0.7847826086956522","0.27847457627118644","0.7818644067796611","0.505"
"8","0.16141176470588237","0.21188235294117647","0.4681176470588236","0.8912941176470588","0.01","1.01","0.01","0.01","0.01","0.01","0.01","0.175","0.13774193548387098","0.7847826086956522","0.27847457627118644","0.7818644067796611","0.505"
"4","0.49529411764705883","0.8524705882352941","0.6001176470588235","0.3982352941176471","1.01","0.01","0.01","0.01","0.01","0.01","0.01","0.175","0.13774193548387098","0.7847826086956522","0.27847457627118644","0.7986440677966101","0.505"
"4","0.5845882352941177","0.406","0.4409411764705882","0.20800000000000002","0.01","0.01","1.01","0.01","0.01","0.01","0.01","0.175","0.13774193548387098","0.7847826086956522","0.27847457627118644","0.7986440677966101","0.505"
"6","0.22741176470588237","0.8641176470588235","0.3361176470588235","0.4914117647058823","0.01","0.01","0.01","1.01","0.01","0.01","0.01","0.175","0.13774193548387098","0.7847826086956522","0.27847457627118644","0.7986440677966101","0.505"
"4","0.20023529411764707","0.6544705882352941","0.5923529411764706","0.10705882352941176","0.01","1.01","0.01","0.01","0.01","0.01","0.01","0.175","0.13774193548387098","0.7847826086956522","0.27847457627118644","0.7986440677966101","0.505"
"6","0.0371764705882353","0.18082352941176472","0.4875294117647059","0.464235294117647","0.01","0.01","1.01","0.01","0.01","0.01","0.01","0.175","0.13774193548387098","0.7847826086956522","0.27847457627118644","0.7986440677966101","0.505"
"0","0.9611764705882353","0.8408235294117647","0.6234117647058823","0.05270588235294118","0.01","0.01","0.01","0.01","0.01","1.01","0.01","0.175","0.13774193548387098","0.7847826086956522","0.27847457627118644","0.7986440677966101","0.505"
"4","0.07988235294117646","0.9844705882352941","0.5923529411764706","0.7010588235294117","0.01","0.01","0.01","0.01","0.01","1.01","0.01","0.175","0.13774193548387098","0.7847826086956522","0.27847457627118644","0.7986440677966101","0.505"
"6","0.9378823529411765","0.3089411764705882","0.3438823529411765","0.14200000000000002","1.01","0.01","0.01","0.01","0.01","0.01","0.01","0.175","0.13774193548387098","0.7847826086956522","0.27847457627118644","0.7986440677966101","0.505"
"2","0.24682352941176472","0.8330588235294119","0.7670588235294117","0.6078823529411764","0.01","0.01","0.01","1.01","0.01","0.01","0.01","0.175","0.13774193548387098","0.7847826086956522","0.27847457627118644","0.7986440677966101","0.505"
"0","0.6234117647058823","0.28952941176470587","0.31670588235294117","0.2701176470588236","1.01","0.01","0.01","0.01","0.01","0.01","0.01","0.175","0.13774193548387098","0.7847826086956522","0.27847457627118644","0.7986440677966101","0.505"
"2","0.8641176470588235","0.9611764705882353","0.736","0.5612941176470588","0.01","0.01","1.01","0.01","0.01","0.01","0.01","0.175","0.13774193548387098","0.7847826086956522","0.27847457627118644","0.7986440677966101","0.505"
"2","0.281764705882353","0.7864705882352941","0.2701176470588236","0.36717647058823527","1.01","0.01","0.01","0.01","0.01","0.01","0.01","0.175","0.13774193548387098","0.7847826086956522","0.27847457627118644","0.7986440677966101","0.505"
"2","0.918470588235294","0.06435294117647058","0.4292941176470588","0.5418823529411765","1.01","0.01","0.01","0.01","0.01","0.01","0.01","0.175","0.13774193548387098","0.7847826086956522","0.27847457627118644","0.8154237288135594","0.505"
"8","0.4487058823529412","0.3438823529411765","0.8214117647058823","0.274","1.01","0.01","0.01","0.01","0.01","0.01","0.01","0.175","0.13774193548387098","0.7847826086956522","0.27847457627118644","0.8154237288135594","0.505"
"9","0.6583529411764706","0.5302352941176471","0.4409411764705882","0.5845882352941177","1.01","0.01","0.01","0.01","0.01","0.01","0.01","0.175","0.13774193548387098","0.7847826086956522","0.27847457627118644","0.8154237288135594","0.505"
"1","0.6583529411764706","0.4525882352941177","0.3011764705882353","0.6699999999999999","0.01","0.01","1.01","0.01","0.01","0.01","0.01","0.175","0.13774193548387098","0.7847826086956522","0.27847457627118644","0.8154237288135594","0.505"
"2","0.6738823529411764","0.16917647058823532","0.20411764705882354","0.6467058823529412","0.01","1.01","0.01","0.01","0.01","0.01","0.01","0.175","0.13774193548387098","0.7847826086956522","0.27847457627118644","0.8154237288135594","0.505"
"0","0.7554117647058823","0.5729411764705882","0.029411764705882353","0.17305882352941176","0.01","1.01","0.01","0.01","0.01","0.01","0.01","0.175","0.13774193548387098","0.7847826086956522","0.27847457627118644","0.8154237288135594","0.505"
"1","0.24682352941176472","0.20411764705882354","0.7670588235294117","0.6195294117647059","0.01","0.01","0.01","0.01","0.01","0.01","1.01","0.175","0.13774193548387098","0.7847826086956522","0.27847457627118644","0.8154237288135594","0.505"
"5","0.7204705882352941","0.3865882352941176","0.49529411764705883","0.07988235294117646","1.01","0.01","0.01","0.01","0.01","0.01","0.01","0.175","0.13774193548387098","0.7847826086956522","0.27847457627118644","0.8154237288135594","0.505"
"8","0.33999999999999997","0.05270588235294118","0.4525882352941177","0.20023529411764707","0.01","0.01","0.01","1.01","0.01","0.01","0.01","0.175","0.13774193548387098","0.7847826086956522","0.27847457627118644","0.8154237288135594","0.505"
"7","0.25458823529411767","0.9922352941176471","0.21576470588235297","0.8058823529411765","0.01","1.01","0.01","0.01","0.01","0.01","0.01","0.175","0.13774193548387098","0.7847826086956522","0.27847457627118644","0.8154237288135594","0.505"
"7","0.4098823529411765","0.8408235294117647","0.8058823529411765","0.3865882352941176","1.01","0.01","0.01","0.01","0.01","0.01","0.01","0.175","0.13774193548387098","0.7847826086956522","0.27847457627118644","0.8154237288135594","0.505"
"8","0.464235294117647","0.5069411764705882","0.41764705882352937","0.5185882352941176","0.01","0.01","0.01","1.01","0.01","0.01","0.01","0.175","0.13774193548387098","0.7847826086956522","0.27847457627118644","0.8154237288135594","0.505"
"4","0.802","0.8175294117647058","0.9495294117647058","0.604","0.01","0.01","0.01","1.01","0.01","0.01","0.01","0.175","0.13774193548387098","0.7847826086956522","0.27847457627118644","0.8322033898305085","0.505"
"9","0.9767058823529412","0.1303529411764706","0.30505882352941177","0.20411764705882354","0.01","1.01","0.01","0.01","0.01","0.01","0.01","0.175","0.13774193548387098","0.7847826086956522","0.27847457627118644","0.8322033898305085","0.505"
"6","0.6467058823529412","0.13423529411764706","0.1264705882352941","0.3749411764705883","0.01","0.01","0.01","0.01","1.01","0.01","0.01","0.175","0.13774193548387098","0.7847826086956522","0.27847457627118644","0.8322033898305085","0.505"
"2","0.9961176470588236","0.24682352941176472","0.9922352941176471","0.347764705882353","0.01","0.01","0.01","0.01","0.01","1.01","0.01","0.175","0.13774193548387098","0.7847826086956522","0.27847457627118644","0.8322033898305085","0.505"
"5","0.6234117647058823","0.42152941176470593","0.060470588235294116","0.39435294117647063","1.01","0.01","0.01","0.01","0.01","0.01","0.01","0.175","0.13774193548387098","0.7847826086956522","0.27847457627118644","0.8322033898305085","0.505"
"2","0.8136470588235294","0.5302352941176471","0.13423529411764706","0.23129411764705884","0.01","0.01","0.01","0.01","1.01","0.01","0.01","0.175","0.13774193548387098","0.7847826086956522","0.27847457627118644","0.8322033898305085","0.505"
"6","0.22741176470588237","0.8447058823529412","0.33999999999999997","0.35552941176470587","1.01","0.01","0.01","0.01","0.01","0.01","0.01","0.175","0.13774193548387098","0.7847826086956522","0.27847457627118644","0.8322033898305085","0.505"
"0","0.13811764705882354","0.13423529411764706","0.3322352941176471","0.26623529411764707","0.01","0.01","0.01","0.01","1.01","0.01","0.01","0.175","0.13774193548387098","0.7847826086956522","0.27847457627118644","0.8322033898305085","0.505"
"0","0.24294117647058824","0.4758823529411765","0.16141176470588237","0.8563529411764705","1.01","0.01","0.01","0.01","0.01","0.01","0.01","0.175","0.13774193548387098","0.7847826086956522","0.27847457627118644","0.8322033898305085","0.505"
"2","0.060470588235294116","0.25070588235294117","0.6389411764705882","0.4292941176470588","0.01","0.01","0.01","0.01","0.01","0.01","1.01","0.175","0.13774193548387098","0.7847826086956522","0.27847457627118644","0.8322033898305085","0.505"
"6","0.7243529411764705","0.7709411764705882","0.21576470588235297","0.5030588235294118","0.01","0.01","0.01","0.01","1.01","0.01","0.01","0.175","0.13774193548387098","0.7847826086956522","0.27847457627118644","0.8322033898305085","0.505"
"8","0.17694117647058824","0.9534117647058823","0.802","0.3283529411764706","1.01","0.01","0.01","0.01","0.01","0.01","0.01","0.175","0.13774193548387098","0.7847826086956522","0.27847457627118644","0.8489830508474576","0.505"
"5","0.4914117647058823","0.5224705882352941","0.13811764705882354","0.9844705882352941","0.01","0.01","0.01","0.01","1.01","0.01","0.01","0.175","0.13774193548387098","0.7847826086956522","0.27847457627118644","0.8489830508474576","0.505"
"9","0.2351764705882353","0.13423529411764706","0.6078823529411764","0.4681176470588236","0.01","0.01","0.01","1.01","0.01","0.01","0.01","0.175","0.13774193548387098","0.7847826086956522","0.27847457627118644","0.8489830508474576","0.505"
"2","0.6583529411764706","0.076","0.8951764705882354","0.934","0.01","0.01","0.01","0.01","0.01","0.01","1.01","0.175","0.13774193548387098","0.7847826086956522","0.27847457627118644","0.8489830508474576","0.505"
"9","0.5690588235294117","0.3438823529411765","0.7204705882352941","0.5224705882352941","0.01","0.01","0.01","1.01","0.01","0.01","0.01","0.175","0.13774193548387098","0.7847826086956522","0.27847457627118644","0.8489830508474576","0.505"
"3","0.9611764705882353","0.9107058823529411","0.11094117647058822","0.604","0.01","0.01","0.01","0.01","0.01","1.01","0.01","0.175","0.13774193548387098","0.7847826086956522","0.27847457627118644","0.8489830508474576","0.505"
"0","0.9728235294117646","0.8291764705882353","0.35552941176470587","0.21964705882352942","1.01","0.01","0.01","0.01","0.01","0.01","0.01","0.175","0.13774193548387098","0.7847826086956522","0.27847457627118644","0.8489830508474576","0.505"
"1","0.604","0.08376470588235294","0.11870588235294117","0.7670588235294117","0.01","0.01","0.01","0.01","0.01","1.01","0.01","0.175","0.13774193548387098","0.7847826086956522","0.27847457627118644","0.8489830508474576","0.505"
"9","0.3865882352941176","0.47200000000000003","0.3827058823529412","0.5612941176470588","1.01","0.01","0.01","0.01","0.01","0.01","0.01","0.175","0.13774193548387098","0.7847826086956522","0.27847457627118644","0.8489830508474576","0.505"
"9","0.7049411764705882","0.5884705882352942","0.08376470588235294","0.5535294117647059","0.01","0.01","1.01","0.01","0.01","0.01","0.01","0.175","0.13774193548387098","0.7847826086956522","0.27847457627118644","0.8489830508474576","0.505"
"7","0.5651764705882353","0.8447058823529412","0.8252941176470587","0.6389411764705882","0.01","0.01","0.01","0.01","0.01","0.01","1.01","0.175","0.13774193548387098","0.7847826086956522","0.27847457627118644","0.8489830508474576","0.505"
"1","0.23129411764705884","0.3089411764705882","0.8369411764705883","0.1847058823529412","0.01","0.01","0.01","0.01","0.01","0.01","1.01","0.175","0.13774193548387098","0.7847826086956522","0.27847457627118644","0.8489830508474576","0.505"
"6","0.36717647058823527","0.3244705882352941","0.5185882352941176","0.8874117647058823","0.01","0.01","0.01","0.01","0.01","0.01","1.01","0.175","0.13774193548387098","0.7847826086956522","0.27847457627118644","0.8657627118644068","0.505"
"4","0.7282352941176471","0.2235294117647059","0.21188235294117647","0.9223529411764705","0.01","0.01","0.01","1.01","0.01","0.01","0.01","0.175","0.13774193548387098","0.7847826086956522","0.27847457627118644","0.8657627118644068","0.505"
"8","0.1458823529411765","0.8951764705882354","0.7903529411764706","0.736","0.01","0.01","1.01","0.01","0.01","0.01","0.01","0.175","0.13774193548387098","0.7847826086956522","0.27847457627118644","0.8657627118644068","0.505"
"7","0.4098823529411765","0.6195294117647059","0.3788235294117647","0.09929411764705881","0.01","0.01","0.01","0.01","0.01","0.01","1.01","0.175","0.13774193548387098","0.7847826086956522","0.27847457627118644","0.8657627118644068","0.505"
"4","0.02164705882352941","0.4254117647058824","0.044941176470588234","0.7127058823529412","0.01","0.01","1.01","0.01","0.01","0.01","0.01","0.175","0.13774193548387098","0.7847826086956522","0.27847457627118644","0.8657627118644068","0.505"
"0","0.4758823529411765","0.4370588235294118","0.347764705882353","0.5224705882352941","0.01","0.01","1.01","0.01","0.01","0.01","0.01","0.175","0.13774193548387098","0.7847826086956522","0.27847457627118644","0.8657627118644068","0.505"
"6","0.4021176470588235","0.24294117647058824","0.941764705882353","0.17305882352941176","0.01","0.01","0.01","0.01","1.01","0.01","0.01","0.175","0.13774193548387098","0.7847826086956522","0.27847457627118644","0.8657627118644068","0.505"
"3","0.21576470588235297","0.9650588235294117","0.2972941176470589","0.03329411764705882","0.01","0.01","0.01","0.01","1.01","0.01","0.01","0.175","0.13774193548387098","0.7847826086956522","0.27847457627118644","0.8657627118644068","0.505"
"9","0.2701176470588236","0.9961176470588236","0.5496470588235294","0.6350588235294118","0.01","0.01","1.01","0.01","0.01","0.01","0.01","0.175","0.13774193548387098","0.7847826086956522","0.27847457627118644","0.8657627118644068","0.505"
"3","0.538","0.6661176470588235","0.18858823529411764","0.5768235294117646","0.01","0.01","0.01","0.01","0.01","0.01","1.01","0.175","0.13774193548387098","0.7847826086956522","0.27847457627118644","0.8657627118644068","0.505"
"8","0.05658823529411765","0.15364705882352944","0.6544705882352941","0.14200000000000002","0.01","1.01","0.01","0.01","0.01","0.01","0.01","0.175","0.13774193548387098","0.7847826086956522","0.27847457627118644","0.882542372881356","0.505"
"5","0.5768235294117646","0.4370588235294118","0.3361176470588235","0.08764705882352941","0.01","0.01","0.01","0.01","0.01","1.01","0.01","0.175","0.13774193548387098","0.7847826086956522","0.27847457627118644","0.882542372881356","0.505"
"1","0.3982352941176471","0.16529411764705884","0.4875294117647059","0.2856470588235294","0.01","0.01","0.01","0.01","0.01","0.01","1.01","0.175","0.13774193548387098","0.7847826086956522","0.27847457627118644","0.882542372881356","0.505"
"1","0.8563529411764705","0.3361176470588235","0.49917647058823533","0.5690588235294117","0.01","0.01","0.01","1.01","0.01","0.01","0.01","0.175","0.13774193548387098","0.7847826086956522","0.27847457627118644","0.882542372881356","0.505"
"1","0.17305882352941176","0.041058823529411766","0.3904705882352941","0.03329411764705882","0.01","1.01","0.01","0.01","0.01","0.01","0.01","0.175","0.13774193548387098","0.7847826086956522","0.27847457627118644","0.882542372881356","0.505"
"1","0.1148235294117647","0.5768235294117646","0.21964705882352942","0.13423529411764706","0.01","0.01","0.01","1.01","0.01","0.01","0.01","0.175","0.13774193548387098","0.7847826086956522","0.27847457627118644","0.882542372881356","0.505"
"3","0.6583529411764706","0.7554117647058823","0.5496470588235294","0.09541176470588235","0.01","0.01","1.01","0.01","0.01","0.01","0.01","0.175","0.13774193548387098","0.7847826086956522","0.27847457627118644","0.882542372881356","0.505"
"1","0.3710588235294118","0.28952941176470587","0.8097647058823529","0.3322352941176471","0.01","0.01","0.01","0.01","1.01","0.01","0.01","0.175","0.13774193548387098","0.7847826086956522","0.27847457627118644","0.882542372881356","0.505"
"4","0.18082352941176472","0.406","0.03329411764705882","0.9029411764705882","0.01","0.01","1.01","0.01","0.01","0.01","0.01","0.175","0.13774193548387098","0.7847826086956522","0.27847457627118644","0.882542372881356","0.505"
"2","0.736","0.9611764705882353","0.03329411764705882","0.8951764705882354","0.01","0.01","0.01","0.01","0.01","1.01","0.01","0.175","0.13774193548387098","0.7847826086956522","0.27847457627118644","0.882542372881356","0.505"
"1","0.8757647058823529","0.9456470588235294","0.1847058823529412","0.9805882352941176","1.01","0.01","0.01","0.01","0.01","0.01","0.01","0.175","0.13774193548387098","0.7847826086956522","0.27847457627118644","0.882542372881356","0.505"
"0","0.7088235294117647","0.14200000000000002","0.1963529411764706","0.8912941176470588","1.01","0.01","0.01","0.01","0.01","0.01","0.01","0.175","0.13774193548387098","0.7847826086956522","0.27847457627118644","0.8993220338983051","0.505"
"1","0.060470588235294116","0.464235294117647","0.2235294117647059","0.6272941176470588","0.01","1.01","0.01","0.01","0.01","0.01","0.01","0.175","0.13774193548387098","0.7847826086956522","0.27847457627118644","0.8993220338983051","0.505"
"7","0.2934117647058823","0.3904705882352941","0.24294117647058824","0.7981176470588235","0.01","0.01","1.01","0.01","0.01","0.01","0.01","0.175","0.13774193548387098","0.7847826086956522","0.27847457627118644","0.8993220338983051","0.505"
"9","0.9650588235294117","0.5108235294117647","0.4681176470588236","0.13423529411764706","1.01","0.01","0.01","0.01","0.01","0.01","0.01","0.175","0.13774193548387098","0.7847826086956522","0.27847457627118644","0.8993220338983051","0.505"
"0","1.0","0.12258823529411764","0.5574117647058824","0.8796470588235294","0.01","0.01","0.01","1.01","0.01","0.01","0.01","0.175","0.13774193548387098","0.7847826086956522","0.27847457627118644","0.8993220338983051","0.505"
"8","0.5224705882352941","0.3865882352941176","0.6505882352941177","0.5729411764705882","0.01","0.01","0.01","0.01","0.01","1.01","0.01","0.175","0.13774193548387098","0.7847826086956522","0.27847457627118644","0.8993220338983051","0.505"
"8","0.9767058823529412","0.9689411764705882","0.16917647058823532","0.7165882352941176","0.01","0.01","0.01","0.01","1.01","0.01","0.01","0.175","0.13774193548387098","0.7847826086956522","0.27847457627118644","0.8993220338983051","0.505"
"5","0.5574117647058824","0.22741176470588237","0.27788235294117647","0.7088235294117647","0.01","0.01","0.01","1.01","0.01","0.01","0.01","0.175","0.13774193548387098","0.7847826086956522","0.27847457627118644","0.8993220338983051","0.505"
"9","0.6894117647058824","0.3749411764705883","0.13423529411764706","0.5030588235294118","0.01","0.01","1.01","0.01","0.01","0.01","0.01","0.175","0.13774193548387098","0.7847826086956522","0.27847457627118644","0.8993220338983051","0.505"
"9","0.5341176470588236","0.2701176470588236","0.8990588235294118","0.21188235294117647","0.01","0.01","0.01","1.01","0.01","0.01","0.01","0.175","0.13774193548387098","0.7847826086956522","0.27847457627118644","0.8993220338983051","0.505"
"2","0.7787058823529412","0.08376470588235294","0.8563529411764705","0.8990588235294118","0.01","0.01","1.01","0.01","0.01","0.01","0.01","0.175","0.13774193548387098","0.7847826086956522","0.27847457627118644","0.8993220338983051","0.505"
"0","0.3244705882352941","0.9068235294117647","0.4681176470588236","0.060470588235294116","0.01","0.01","0.01","1.01","0.01","0.01","0.01","0.175","0.13774193548387098","0.7847826086956522","0.27847457627118644","0.9161016949152543","0.505"
"3","0.5224705882352941","0.23129411764705884","0.09541176470588235","0.1264705882352941","0.01","1.01","0.01","0.01","0.01","0.01","0.01","0.175","0.13774193548387098","0.7847826086956522","0.27847457627118644","0.9161016949152543","0.505"
"9","0.18082352941176472","0.16917647058823532","0.5612941176470588","0.20411764705882354","0.01","0.01","0.01","1.01","0.01","0.01","0.01","0.175","0.13774193548387098","0.7847826086956522","0.27847457627118644","0.9161016949152543","0.505"
"6","0.9378823529411765","0.3361176470588235","0.09541176470588235","0.02164705882352941","0.01","0.01","0.01","1.01","0.01","0.01","0.01","0.175","0.13774193548387098","0.7847826086956522","0.27847457627118644","0.9161016949152543","0.505"
"9","0.6932941176470588","0.347764705882353","0.18858823529411764","0.2701176470588236","0.01","0.01","0.01","0.01","0.01","0.01","1.01","0.175","0.13774193548387098","0.7847826086956522","0.27847457627118644","0.9161016949152543","0.505"
"4","0.9883529411764707","0.9495294117647058","0.39435294117647063","0.08376470588235294","0.01","0.01","1.01","0.01","0.01","0.01","0.01","0.175","0.13774193548387098","0.7847826086956522","0.27847457627118644","0.9161016949152543","0.505"
"4","0.7398823529411765","0.5768235294117646","0.7670588235294117","0.8796470588235294","0.01","0.01","0.01","0.01","0.01","1.01","0.01","0.175","0.13774193548387098","0.7847826086956522","0.27847457627118644","0.9161016949152543","0.505"
"3","0.8369411764705883","0.6156470588235294","0.6195294117647059","0.8291764705882353","1.01","0.01","0.01","0.01","0.01","0.01","0.01","0.175","0.13774193548387098","0.7847826086956522","0.27847457627118644","0.9161016949152543","0.505"
"8","0.9728235294117646","0.23129411764705884","0.8369411764705883","0.9068235294117647","0.01","0.01","0.01","1.01","0.01","0.01","0.01","0.175","0.13774193548387098","0.7847826086956522","0.27847457627118644","0.9161016949152543","0.505"
"3","0.5224705882352941","0.5768235294117646","0.7592941176470588","0.4292941176470588","0.01","0.01","1.01","0.01","0.01","0.01","0.01","0.175","0.13774193548387098","0.7847826086956522","0.27847457627118644","0.9161016949152543","0.505"
"5","0.5923529411764706","0.8408235294117647","0.8524705882352941","0.4370588235294118","0.01","0.01","0.01","0.01","0.01","0.01","1.01","0.175","0.13774193548387098","0.7847826086956522","0.27847457627118644","0.9161016949152543","0.505"
"9","0.5263529411764706","0.18082352941176472","0.6195294117647059","0.7592941176470588","0.01","0.01","0.01","0.01","1.01","0.01","0.01","0.175","0.13774193548387098","0.7847826086956522","0.27847457627118644","0.9161016949152543","0.505"
"6","0.1148235294117647","0.736","0.04882352941176471","0.5185882352941176","1.01","0.01","0.01","0.01","0.01","0.01","0.01","0.175","0.13774193548387098","0.7847826086956522","0.27847457627118644","0.9328813559322033","0.505"
"7","0.7165882352941176","0.9378823529411765","0.7709411764705882","0.19247058823529414","0.01","0.01","0.01","0.01","0.01","0.01","1.01","0.175","0.13774193548387098","0.7847826086956522","0.27847457627118644","0.9328813559322033","0.505"
"8","0.01","0.868","0.26235294117647057","0.08764705882352941","0.01","1.01","0.01","0.01","0.01","0.01","0.01","0.175","0.13774193548387098","0.7847826086956522","0.27847457627118644","0.9328813559322033","0.505"
"5","0.8291764705882353","0.06435294117647058","0.3904705882352941","0.8757647058823529","1.01","0.01","0.01","0.01","0.01","0.01","0.01","0.175","0.13774193548387098","0.7847826086956522","0.27847457627118644","0.9328813559322033","0.505"
"7","0.2972941176470589","0.7709411764705882","0.4021176470588235","0.9223529411764705","0.01","1.01","0.01","0.01","0.01","0.01","0.01","0.175","0.13774193548387098","0.7847826086956522","0.27847457627118644","0.9328813559322033","0.505"
"8","0.8447058823529412","0.6428235294117647","0.4254117647058824","0.01388235294117647","0.01","0.01","0.01","1.01","0.01","0.01","0.01","0.175","0.13774193548387098","0.7847826086956522","0.27847457627118644","0.9328813559322033","0.505"
"9","0.3904705882352941","0.4525882352941177","0.604","0.06435294117647058","0.01","0.01","0.01","1.01","0.01","0.01","0.01","0.175","0.13774193548387098","0.7847826086956522","0.27847457627118644","0.9328813559322033","0.505"
"4","0.5612941176470588","0.5845882352941177","0.6467058823529412","0.7709411764705882","0.01","0.01","0.01","0.01","0.01","0.01","1.01","0.175","0.13774193548387098","0.7847826086956522","0.27847457627118644","0.9328813559322033","0.505"
"2","0.9495294117647058","0.060470588235294116","0.3516470588235294","0.5884705882352942","0.01","1.01","0.01","0.01","0.01","0.01","0.01","0.175","0.13774193548387098","0.7847826086956522","0.27847457627118644","0.9328813559322033","0.505"
"8","0.4525882352941177","0.2235294117647059","0.6661176470588235","0.4603529411764706","0.01","0.01","0.01","0.01","0.01","1.01","0.01","0.175","0.13774193548387098","0.7847826086956522","0.27847457627118644","0.9328813559322033","0.505"
"9","1.0","0.8136470588235294","0.6738823529411764","0.6350588235294118","0.01","0.01","0.01","0.01","0.01","0.01","1.01","0.175","0.13774193548387098","0.7847826086956522","0.27847457627118644","0.9328813559322033","0.505"
"1","0.6816470588235295","0.01388235294117647","0.9728235294117646","0.3322352941176471","0.01","0.01","0.01","0.01","1.01","0.01","0.01","0.175","0.13774193548387098","0.7847826086956522","0.27847457627118644","0.9328813559322033","0.505"
"9","0.7010588235294117","0.1264705882352941","0.14200000000000002","0.6234117647058823","0.01","0.01","0.01","0.01","0.01","0.01","1.01","0.175","0.13774193548387098","0.7847826086956522","0.27847457627118644","0.9496610169491526","0.505"
"7","0.31670588235294117","0.9922352941176471","0.3438823529411765","0.12258823529411764","0.01","0.01","0.01","0.01","0.01","1.01","0.01","0.175","0.13774193548387098","0.7847826086956522","0.27847457627118644","0.9496610169491526","0.505"
"6","0.48364705882352943","0.6234117647058823","0.5923529411764706","0.8912941176470588","0.01","0.01","1.01","0.01","0.01","0.01","0.01","0.175","0.13774193548387098","0.7847826086956522","0.27847457627118644","0.9496610169491526","0.505"
"9","0.662235294117647","0.18082352941176472","0.5147058823529411","0.5224705882352941","0.01","0.01","0.01","0.01","0.01","1.01","0.01","0.175","0.13774193548387098","0.7847826086956522","0.27847457627118644","0.9496610169491526","0.505"
"3","0.30505882352941177","0.33999999999999997","0.35552941176470587","0.2235294117647059","0.01","0.01","0.01","1.01","0.01","0.01","0.01","0.175","0.13774193548387098","0.7847826086956522","0.27847457627118644","0.9496610169491526","0.505"
"1","0.20023529411764707","0.01","0.6894117647058824","0.3710588235294118","0.01","0.01","1.01","0.01","0.01","0.01","0.01","0.175","0.13774193548387098","0.7847826086956522","0.27847457627118644","0.9496610169491526","0.505"
"4","0.16141176470588237","0.03329411764705882","0.7554117647058823","0.9378823529411765","0.01","0.01","0.01","0.01","1.01","0.01","0.01","0.175","0.13774193548387098","0.7847826086956522","0.27847457627118644","0.9496610169491526","0.505"
"6","0.6738823529411764","0.7049411764705882","0.6971764705882353","0.7165882352941176","0.01","0.01","0.01","0.01","0.01","0.01","1.01","0.175","0.13774193548387098","0.7847826086956522","0.27847457627118644","0.9496610169491526","0.505"
"1","0.6661176470588235","0.47200000000000003","0.08764705882352941","0.9378823529411765","0.01","0.01","0.01","0.01","0.01","1.01","0.01","0.175","0.13774193548387098","0.7847826086956522","0.27847457627118644","0.9496610169491526","0.505"
"9","1.0","0.8874117647058823","0.8175294117647058","0.8291764705882353","0.01","0.01","0.01","1.01","0.01","0.01","0.01","0.175","0.13774193548387098","0.7847826086956522","0.27847457627118644","0.9496610169491526","0.505"
"4","0.9145882352941176","0.21964705882352942","0.736","0.21188235294117647","0.01","1.01","0.01","0.01","0.01","0.01","0.01","0.175","0.13774193548387098","0.7847826086956522","0.27847457627118644","0.9496610169491526","0.505"
"5","0.5574117647058824","0.7476470588235294","0.9844705882352941","0.5185882352941176","0.01","0.01","0.01","1.01","0.01","0.01","0.01","0.175","0.13774193548387098","0.7847826086956522","0.27847457627118644","0.9664406779661017","0.505"
"8","0.4331764705882353","0.8252941176470587","0.1847058823529412","0.2856470588235294","0.01","0.01","0.01","1.01","0.01","0.01","0.01","0.175","0.13774193548387098","0.7847826086956522","0.27847457627118644","0.9664406779661017","0.505"
"5","0.941764705882353","0.21576470588235297","0.6894117647058824","0.1963529411764706","1.01","0.01","0.01","0.01","0.01","0.01","0.01","0.175","0.13774193548387098","0.7847826086956522","0.27847457627118644","0.9664406779661017","0.505"
"7","0.9107058823529411","0.8796470588235294","0.9961176470588236","0.3322352941176471","0.01","1.01","0.01","0.01","0.01","0.01","0.01","0.175","0.13774193548387098","0.7847826086956522","0.27847457627118644","0.9664406779661017","0.505"
"6","0.6156470588235294","0.16141176470588237","0.8408235294117647","0.5729411764705882","0.01","0.01","0.01","1.01","0.01","0.01","0.01","0.175","0.13774193548387098","0.7847826086956522","0.27847457627118644","0.9664406779661017","0.505"
"2","0.08764705882352941","0.9572941176470589","0.01","0.6661176470588235","1.01","0.01","0.01","0.01","0.01","0.01","0.01","0.175","0.13774193548387098","0.7847826086956522","0.27847457627118644","0.9664406779661017","0.505"
"9","0.9805882352941176","0.18858823529411764","0.5185882352941176","0.5690588235294117","0.01","1.01","0.01","0.01","0.01","0.01","0.01","0.175","0.13774193548387098","0.7847826086956522","0.27847457627118644","0.9664406779661017","0.505"
"9","0.3361176470588235","0.941764705882353","0.2584705882352941","0.8058823529411765","0.01","0.01","0.01","0.01","0.01","0.01","1.01","0.175","0.13774193548387098","0.7847826086956522","0.27847457627118644","0.9664406779661017","0.505"
"4","0.7709411764705882","0.076","0.14976470588235294","0.10317647058823529","0.01","0.01","0.01","0.01","0.01","0.01","1.01","0.175","0.13774193548387098","0.7847826086956522","0.27847457627118644","0.9664406779661017","0.505"
"5","0.35552941176470587","0.9223529411764705","0.7631764705882352","0.538","0.01","0.01","0.01","1.01","0.01","0.01","0.01","0.175","0.13774193548387098","0.7847826086956522","0.27847457627118644","0.9664406779661017","0.505"
"1","0.18082352941176472","0.6738823529411764","0.6932941176470588","0.16529411764705884","1.01","0.01","0.01","0.01","0.01","0.01","0.01","0.175","0.13774193548387098","0.7847826086956522","0.27847457627118644","0.9664406779661017","0.505"
"9","0.9611764705882353","0.13423529411764706","0.7631764705882352","0.860235294117647","0.01","0.01","0.01","0.01","0.01","0.01","1.01","0.175","0.13774193548387098","0.7847826086956522","0.27847457627118644","0.983220338983051","0.505"
"5","0.5923529411764706","0.3788235294117647","0.5768235294117646","0.47200000000000003","0.01","0.01","0.01","0.01","0.01","1.01","0.01","0.175","0.13774193548387098","0.7847826086956522","0.27847457627118644","0.983220338983051","0.505"
"6","0.5418823529411765","0.8835294117647059","0.3011764705882353","0.736","0.01","0.01","0.01","1.01","0.01","0.01","0.01","0.175","0.13774193548387098","0.7847826086956522","0.27847457627118644","0.983220338983051","0.505"
"7","0.3438823529411765","0.6195294117647059","0.3594117647058824","0.23129411764705884","0.01","0.01","1.01","0.01","0.01","0.01","0.01","0.175","0.13774193548387098","0.7847826086956522","0.27847457627118644","0.983220338983051","0.505"
"7","0.8097647058823529","0.1458823529411765","0.9534117647058823","0.041058823529411766","0.01","0.01","0.01","0.01","0.01","0.01","1.01","0.175","0.13774193548387098","0.7847826086956522","0.27847457627118644","0.983220338983051","0.505"
"5","0.9456470588235294","0.3788235294117647","0.6505882352941177","0.4370588235294118","0.01","0.01","0.01","0.01","0.01","1.01","0.01","0.175","0.13774193548387098","0.7847826086956522","0.27847457627118644","0.983220338983051","0.505"
"9","0.8369411764705883","0.5768235294117646","0.9223529411764705","0.5884705882352942","0.01","0.01","0.01","1.01","0.01","0.01","0.01","0.175","0.13774193548387098","0.7847826086956522","0.27847457627118644","0.983220338983051","0.505"
"2","0.9223529411764705","0.9844705882352941","0.7825882352941177","0.08764705882352941","0.01","0.01","0.01","0.01","0.01","1.01","0.01","0.175","0.13774193548387098","0.7847826086956522","0.27847457627118644","0.983220338983051","0.505"
"1","0.3516470588235294","0.1458823529411765","0.6661176470588235","0.076","0.01","0.01","0.01","0.01","0.01","0.01","1.01","0.175","0.13774193548387098","0.7847826086956522","0.27847457627118644","0.983220338983051","0.505"
"8","0.6894117647058824","0.7825882352941177","0.09929411764705881","0.4331764705882353","1.01","0.01","0.01","0.01","0.01","0.01","0.01","0.175","0.13774193548387098","0.7847826086956522","0.27847457627118644","0.983220338983051","0.505"
"7","0.9922352941176471","0.30505882352941177","0.2235294117647059","0.06435294117647058","0.01","0.01","0.01","1.01","0.01","0.01","0.01","0.175","0.13774193548387098","0.7847826086956522","0.27847457627118644","0.983220338983051","0.505"
"6","0.7709411764705882","0.4331764705882353","0.9961176470588236","0.15364705882352944","0.01","0.01","0.01","0.01","0.01","1.01","0.01","0.175","0.13774193548387098","0.7847826086956522","0.27847457627118644","0.983220338983051","0.505"
"8","0.06823529411764706","0.041058823529411766","0.15364705882352944","0.7127058823529412","0.01","0.01","0.01","0.01","1.01","0.01","0.01","0.175","0.13774193548387098","0.7847826086956522","0.27847457627118644","1.0","0.505"
"9","0.7476470588235294","0.1458823529411765","0.48364705882352943","0.6078823529411764","0.01","0.01","0.01","0.01","0.01","1.01","0.01","0.175","0.13774193548387098","0.7847826086956522","0.27847457627118644","1.0","0.505"
"2","0.8447058823529412","0.25070588235294117","0.47200000000000003","0.9883529411764707","0.01","0.01","0.01","1.01","0.01","0.01","0.01","0.175","0.13774193548387098","0.7847826086956522","0.27847457627118644","1.0","0.505"
"3","0.9805882352941176","0.7787058823529412","0.860235294117647","0.20800000000000002","0.01","0.01","0.01","0.01","1.01","0.01","0.01","0.175","0.13774193548387098","0.7847826086956522","0.27847457627118644","1.0","0.505"
"7","0.2390588235294118","0.9883529411764707","0.17694117647058824","0.10705882352941176","0.01","0.01","0.01","0.01","0.01","0.01","1.01","0.175","0.13774193548387098","0.7847826086956522","0.27847457627118644","1.0","0.505"
"4","0.025529411764705884","0.941764705882353","0.1847058823529412","0.3632941176470588","0.01","1.01","0.01","0.01","0.01","0.01","0.01","0.175","0.13774193548387098","0.7847826086956522","0.27847457627118644","1.0","0.505"
"3","0.6505882352941177","0.7748235294117647","0.4370588235294118","0.743764705882353","0.01","0.01","0.01","0.01","0.01","1.01","0.01","0.175","0.13774193548387098","0.7847826086956522","0.27847457627118644","1.0","0.505"
"5","0.3128235294117647","0.14200000000000002","0.281764705882353","0.47200000000000003","0.01","0.01","0.01","0.01","1.01","0.01","0.01","0.175","0.13774193548387098","0.7847826086956522","0.27847457627118644","1.0","0.505"
"5","0.36717647058823527","0.662235294117647","0.9456470588235294","0.6544705882352941","0.01","1.01","0.01","0.01","0.01","0.01","0.01","0.175","0.13774193548387098","0.7847826086956522","0.27847457627118644","1.0","0.505"
"4","0.09152941176470587","0.47200000000000003","0.7398823529411765","0.41764705882352937","0.01","0.01","1.01","0.01","0.01","0.01","0.01","0.175","0.13774193548387098","0.7847826086956522","0.27847457627118644","1.0","0.505"
"5","0.26623529411764707","0.4254117647058824","0.029411764705882353","0.6428235294117647","1.01","0.01","0.01","0.01","0.01","0.01","0.01","0.175","0.13774193548387098","0.7847826086956522","0.27847457627118644","1.0","0.505"
"4","0.23129411764705884","0.6544705882352941","0.6544705882352941","0.3438823529411765","1.01","0.01","0.01","0.01","0.01","0.01","0.01","0.175","0.13774193548387098","0.7847826086956522","0.27847457627118644","1.0","0.505"
"2","0.9145882352941176","0.5651764705882353","0.7670588235294117","0.7554117647058823","0.01","1.01","0.01","0.01","0.01","0.01","0.01","0.175","0.13774193548387098","0.7847826086956522","0.2952542372881356","0.01","0.505"
"8","0.736","0.7670588235294117","0.7554117647058823","0.743764705882353","0.01","0.01","0.01","1.01","0.01","0.01","0.01","0.175","0.13774193548387098","0.7847826086956522","0.2952542372881356","0.01","0.505"
"6","0.3128235294117647","0.076","0.7631764705882352","0.076","0.01","0.01","0.01","0.01","0.01","0.01","1.01","0.175","0.13774193548387098","0.7847826086956522","0.2952542372881356","0.01","0.505"
"9","0.11870588235294117","0.6971764705882353","0.4098823529411765","0.9068235294117647","1.01","0.01","0.01","0.01","0.01","0.01","0.01","0.175","0.13774193548387098","0.7847826086956522","0.2952542372881356","0.01","0.505"
"3","0.934","0.35552941176470587","0.347764705882353","0.5651764705882353","0.01","0.01","1.01","0.01","0.01","0.01","0.01","0.175","0.13774193548387098","0.7847826086956522","0.2952542372881356","0.01","0.505"
"3","0.6699999999999999","0.01","0.2390588235294118","0.3788235294117647","0.01","0.01","0.01","0.01","1.01","0.01","0.01","0.175","0.13774193548387098","0.7847826086956522","0.2952542372881356","0.01","0.505"
"0","0.07988235294117646","0.6389411764705882","0.22741176470588237","0.4409411764705882","1.01","0.01","0.01","0.01","0.01","0.01","0.01","0.175","0.13774193548387098","0.7847826086956522","0.2952542372881356","0.01","0.505"
"6","0.5341176470588236","0.9262352941176472","0.5030588235294118","0.6389411764705882","0.01","0.01","1.01","0.01","0.01","0.01","0.01","0.175","0.13774193548387098","0.7847826086956522","0.2952542372881356","0.01","0.505"
"3","0.6699999999999999","0.6389411764705882","0.5574117647058824","0.1303529411764706","0.01","0.01","0.01","1.01","0.01","0.01","0.01","0.175","0.13774193548387098","0.7847826086956522","0.2952542372881356","0.01","0.505"
"7","0.20800000000000002","0.7398823529411765","0.347764705882353","0.7554117647058823","0.01","0.01","0.01","0.01","0.01","0.01","1.01","0.175","0.13774193548387098","0.7847826086956522","0.2952542372881356","0.01","0.505"
"0","0.24294117647058824","0.3788235294117647","0.07988235294117646","0.14976470588235294","0.01","0.01","0.01","1.01","0.01","0.01","0.01","0.175","0.13774193548387098","0.7847826086956522","0.2952542372881356","0.01","0.505"
"1","0.6311764705882353","0.05270588235294118","0.6777647058823529","0.4603529411764706","0.01","1.01","0.01","0.01","0.01","0.01","0.01","0.175","0.13774193548387098","0.7847826086956522","0.2952542372881356","0.01","0.505"
"6","0.48364705882352943","0.3788235294117647","0.5496470588235294","0.041058823529411766","1.01","0.01","0.01","0.01","0.01","0.01","0.01","0.175","0.13774193548387098","0.7847826086956522","0.2952542372881356","0.026779661016949154","0.505"
"7","0.8369411764705883","0.6389411764705882","0.7165882352941176","0.6544705882352941","0.01","0.01","0.01","1.01","0.01","0.01","0.01","0.175","0.13774193548387098","0.7847826086956522","0.2952542372881356","0.026779661016949154","0.505"
"6","0.3244705882352941","0.4525882352941177","0.25070588235294117","0.5418823529411765","0.01","1.01","0.01","0.01","0.01","0.01","0.01","0.175","0.13774193548387098","0.7847826086956522","0.2952542372881356","0.026779661016949154","0.505"
"4","0.3128235294117647","0.4021176470588235","0.20023529411764707","0.9611764705882353","0.01","1.01","0.01","0.01","0.01","0.01","0.01","0.175","0.13774193548387098","0.7847826086956522","0.2952542372881356","0.026779661016949154","0.505"
"8","0.13423529411764706","0.05270588235294118","0.31670588235294117","0.20411764705882354","0.01","0.01","1.01","0.01","0.01","0.01","0.01","0.175","0.13774193548387098","0.7847826086956522","0.2952542372881356","0.026779661016949154","0.505"
"5","0.6932941176470588","0.8951764705882354","0.21188235294117647","0.22741176470588237","0.01","0.01","1.01","0.01","0.01","0.01","0.01","0.175","0.13774193548387098","0.7847826086956522","0.2952542372881356","0.026779661016949154","0.505"
"5","0.6467058823529412","0.6661176470588235","0.076","0.9805882352941176","0.01","0.01","0.01","0.01","0.01","0.01","1.01","0.175","0.13774193548387098","0.7847826086956522","0.2952542372881356","0.026779661016949154","0.505"
"6","0.6932941176470588","0.3011764705882353","0.09541176470588235","0.8912941176470588","1.01","0.01","0.01","0.01","0.01","0.01","0.01","0.175","0.13774193548387098","0.7847826086956522","0.2952542372881356","0.026779661016949154","0.505"
"0","0.4487058823529412","0.743764705882353","0.8330588235294119","0.24682352941176472","0.01","0.01","0.01","0.01","0.01","0.01","1.01","0.175","0.13774193548387098","0.7847826086956522","0.2952542372881356","0.026779661016949154","0.505"
"6","0.1303529411764706","0.8097647058823529","0.01776470588235294","0.05658823529411765","1.01","0.01","0.01","0.01","0.01","0.01","0.01","0.175","0.13774193548387098","0.7847826086956522","0.2952542372881356","0.026779661016949154","0.505"
"7","0.6117647058823529","0.8835294117647059","0.6971764705882353","0.45647058823529413","0.01","1.01","0.01","0.01","0.01","0.01","0.01","0.175","0.13774193548387098","0.7847826086956522","0.2952542372881356","0.026779661016949154","0.505"
"3","0.24682352941176472","0.5612941176470588","0.7476470588235294","0.9145882352941176","0.01","0.01","0.01","0.01","0.01","0.01","1.01","0.175","0.13774193548387098","0.7847826086956522","0.2952542372881356","0.026779661016949154","0.505"
"5","0.16141176470588237","0.19247058823529414","0.24294117647058824","0.464235294117647","0.01","0.01","0.01","1.01","0.01","0.01","0.01","0.175","0.13774193548387098","0.7847826086956522","0.2952542372881356","0.043559322033898305","0.505"
"0","0.24294117647058824","0.6234117647058823","0.09929411764705881","0.07211764705882352","0.01","0.01","1.01","0.01","0.01","0.01","0.01","0.175","0.13774193548387098","0.7847826086956522","0.2952542372881356","0.043559322033898305","0.505"
"9","0.0371764705882353","0.041058823529411766","0.4681176470588236","0.16529411764705884","0.01","0.01","0.01","0.01","1.01","0.01","0.01","0.175","0.13774193548387098","0.7847826086956522","0.2952542372881356","0.043559322033898305","0.505"
"9","0.9456470588235294","0.09541176470588235","0.6894117647058824","0.8563529411764705","0.01","0.01","0.01","0.01","1.01","0.01","0.01","0.175","0.13774193548387098","0.7847826086956522","0.2952542372881356","0.043559322033898305","0.505"
"9","0.06823529411764706","0.12258823529411764","0.9262352941176472","0.7515294117647059","0.01","0.01","0.01","0.01","1.01","0.01","0.01","0.175","0.13774193548387098","0.7847826086956522","0.2952542372881356","0.043559322033898305","0.505"
"8","0.35552941176470587","0.6117647058823529","0.6816470588235295","0.27788235294117647","0.01","0.01","0.01","1.01","0.01","0.01","0.01","0.175","0.13774193548387098","0.7847826086956522","0.2952542372881356","0.043559322033898305","0.505"
"8","0.9029411764705882","0.7592941176470588","0.0371764705882353","0.6544705882352941","1.01","0.01","0.01","0.01","0.01","0.01","0.01","0.175","0.13774193548387098","0.7847826086956522","0.2952542372881356","0.043559322033898305","0.505"
"8","0.7476470588235294","0.8097647058823529","0.8874117647058823","0.7748235294117647","0.01","1.01","0.01","0.01","0.01","0.01","0.01","0.175","0.13774193548387098","0.7847826086956522","0.2952542372881356","0.043559322033898305","0.505"
"1","0.4875294117647059","1.0","0.12258823529411764","0.7631764705882352","0.01","1.01","0.01","0.01","0.01","0.01","0.01","0.175","0.13774193548387098","0.7847826086956522","0.2952542372881356","0.043559322033898305","0.505"
"4","0.6428235294117647","0.6661176470588235","0.26235294117647057","0.4797647058823529","0.01","0.01","1.01","0.01","0.01","0.01","0.01","0.175","0.13774193548387098","0.7847826086956522","0.2952542372881356","0.043559322033898305","0.505"
"6","0.20411764705882354","0.07211764705882352","0.3438823529411765","0.060470588235294116","0.01","0.01","1.01","0.01","0.01","0.01","0.01","0.175","0.13774193548387098","0.7847826086956522","0.2952542372881356","0.060338983050847464","0.505"
"3","0.4292941176470588","0.4487058823529412","0.6272941176470588","0.4487058823529412","0.01","0.01","0.01","0.01","1.01","0.01","0.01","0.175","0.13774193548387098","0.7847826086956522","0.2952542372881356","0.060338983050847464","0.505"
"6","0.662235294117647","0.18082352941176472","0.35552941176470587","0.09541176470588235","1.01","0.01","0.01","0.01","0.01","0.01","0.01","0.175","0.13774193548387098","0.7847826086956522","0.2952542372881356","0.060338983050847464","0.505"
"6","0.6544705882352941","0.5418823529411765","0.5574117647058824","0.1148235294117647","0.01","1.01","0.01","0.01","0.01","0.01","0.01","0.175","0.13774193548387098","0.7847826086956522","0.2952542372881356","0.060338983050847464","0.505"
"7","0.7631764705882352","0.09541176470588235","0.25458823529411767","0.10317647058823529","0.01","0.01","0.01","0.01","1.01","0.01","0.01","0.175","0.13774193548387098","0.7847826086956522","0.2952542372881356","0.060338983050847464","0.505"
"8","0.4021176470588235","0.6156470588235294","0.5923529411764706","0.09152941176470587","0.01","0.01","0.01","0.01","0.01","0.01","1.01","0.175","0.13774193548387098","0.7847826086956522","0.2952542372881356","0.060338983050847464","0.505"
"7","0.3594117647058824","0.3244705882352941","0.8252941176470587","0.1264705882352941","0.01","0.01","0.01","0.01","1.01","0.01","0.01","0.175","0.13774193548387098","0.7847826086956522","0.2952542372881356","0.060338983050847464","0.505"
"4","0.23129411764705884","0.42152941176470593","0.6272941176470588","0.7010588235294117","1.01","0.01","0.01","0.01","0.01","0.01","0.01","0.175","0.13774193548387098","0.7847826086956522","0.2952542372881356","0.060338983050847464","0.505"
"9","0.3516470588235294","0.8214117647058823","0.743764705882353","0.26235294117647057","0.01","0.01","1.01","0.01","0.01","0.01","0.01","0.175","0.13774193548387098","0.7847826086956522","0.2952542372881356","0.060338983050847464","0.505"
"0","0.24682352941176472","0.44482352941176473","0.5923529411764706","0.6234117647058823","1.01","0.01","0.01","0.01","0.01","0.01","0.01","0.175","0.13774193548387098","0.7847826086956522","0.2952542372881356","0.060338983050847464","0.505"
"2","0.17694117647058824","0.09929411764705881","0.9922352941176471","0.5845882352941177","0.01","0.01","0.01","0.01","0.01","1.01","0.01","0.175","0.13774193548387098","0.7847826086956522","0.2952542372881356","0.0771186440677966","0.505"
"1","0.35552941176470587","0.31670588235294117","0.3011764705882353","0.5923529411764706","0.01","1.01","0.01","0.01","0.01","0.01","0.01","0.175","0.13774193548387098","0.7847826086956522","0.2952542372881356","0.0771186440677966","0.505"
"4","0.6467058823529412","0.6272941176470588","0.26623529411764707","0.05658823529411765","0.01","0.01","0.01","1.01","0.01","0.01","0.01","0.175","0.13774193548387098","0.7847826086956522","0.2952542372881356","0.0771186440677966","0.505"
"7","0.27788235294117647","0.5612941176470588","0.1458823529411765","0.04882352941176471","0.01","0.01","0.01","1.01","0.01","0.01","0.01","0.175","0.13774193548387098","0.7847826086956522","0.2952542372881356","0.0771186440677966","0.505"
"4","0.6855294117647059","0.7864705882352941","0.2701176470588236","0.7321176470588235","0.01","1.01","0.01","0.01","0.01","0.01","0.01","0.175","0.13774193548387098","0.7847826086956522","0.2952542372881356","0.0771186440677966","0.505"
"2","0.918470588235294","0.13423529411764706","0.7592941176470588","0.4758823529411765","0.01","0.01","0.01","0.01","0.01","1.01","0.01","0.175","0.13774193548387098","0.7847826086956522","0.2952542372881356","0.0771186440677966","0.505"
"7","0.4292941176470588","0.7398823529411765","0.8835294117647059","0.8447058823529412","0.01","0.01","0.01","0.01","0.01","1.01","0.01","0.175","0.13774193548387098","0.7847826086956522","0.2952542372881356","0.0771186440677966","0.505"
"7","0.4370588235294118","0.33999999999999997","0.044941176470588234","0.3710588235294118","0.01","0.01","1.01","0.01","0.01","0.01","0.01","0.175","0.13774193548387098","0.7847826086956522","0.2952542372881356","0.0771186440677966","0.505"
"8","0.736","0.7243529411764705","0.08376470588235294","0.7165882352941176","0.01","0.01","1.01","0.01","0.01","0.01","0.01","0.175","0.13774193548387098","0.7847826086956522","0.2952542372881356","0.0771186440677966","0.505"
"7","0.9805882352941176","0.3749411764705883","0.7127058823529412","0.2390588235294118","0.01","1.01","0.01","0.01","0.01","0.01","0.01","0.175","0.13774193548387098","0.7847826086956522","0.2952542372881356","0.0771186440677966","0.505"
"5","0.6428235294117647","0.3904705882352941","0.2584705882352941","0.868","0.01","1.01","0.01","0.01","0.01","0.01","0.01","0.175","0.13774193548387098","0.7847826086956522","0.2952542372881356","0.0771186440677966","0.505"
"5","0.6234117647058823","0.08376470588235294","0.8951764705882354","0.8951764705882354","0.01","0.01","0.01","1.01","0.01","0.01","0.01","0.175","0.13774193548387098","0.7847826086956522","0.2952542372881356","0.0771186440677966","0.505"
"0","0.20411764705882354","0.6505882352941177","0.6777647058823529","0.868","0.01","0.01","0.01","0.01","0.01","1.01","0.01","0.175","0.13774193548387098","0.7847826086956522","0.2952542372881356","0.09389830508474575","0.505"
"4","0.8835294117647059","0.6699999999999999","0.1264705882352941","0.9805882352941176","0.01","0.01","0.01","0.01","0.01","1.01","0.01","0.175","0.13774193548387098","0.7847826086956522","0.2952542372881356","0.09389830508474575","0.505"
"1","0.5729411764705882","0.3244705882352941","0.8058823529411765","0.4603529411764706","0.01","0.01","0.01","0.01","0.01","1.01","0.01","0.175","0.13774193548387098","0.7847826086956522","0.2952542372881356","0.09389830508474575","0.505"
"5","0.9068235294117647","0.5807058823529412","0.3205882352941177","0.5457647058823529","0.01","1.01","0.01","0.01","0.01","0.01","0.01","0.175","0.13774193548387098","0.7847826086956522","0.2952542372881356","0.09389830508474575","0.505"
"9","0.3516470588235294","0.7282352941176471","0.03329411764705882","0.09929411764705881","1.01","0.01","0.01","0.01","0.01","0.01","0.01","0.175","0.13774193548387098","0.7847826086956522","0.2952542372881356","0.09389830508474575","0.505"
"0","0.9689411764705882","0.8136470588235294","0.4758823529411765","0.18082352941176472","0.01","0.01","1.01","0.01","0.01","0.01","0.01","0.175","0.13774193548387098","0.7847826086956522","0.2952542372881356","0.09389830508474575","0.505"
"1","0.02164705882352941","0.281764705882353","0.5729411764705882","0.09929411764705881","0.01","0.01","0.01","0.01","1.01","0.01","0.01","0.175","0.13774193548387098","0.7847826086956522","0.2952542372881356","0.09389830508474575","0.505"
"5","0.6389411764705882","0.9611764705882353","0.3438823529411765","0.5884705882352942","0.01","1.01","0.01","0.01","0.01","0.01","0.01","0.175","0.13774193548387098","0.7847826086956522","0.2952542372881356","0.09389830508474575","0.505"
"2","0.9262352941176472","0.464235294117647","0.2856470588235294","0.22741176470588237","0.01","0.01","0.01","0.01","0.01","0.01","1.01","0.175","0.13774193548387098","0.7847826086956522","0.2952542372881356","0.09389830508474575","0.505"
"4","0.09929411764705881","0.8136470588235294","0.3205882352941177","0.802","0.01","0.01","0.01","0.01","1.01","0.01","0.01","0.175","0.13774193548387098","0.7847826086956522","0.2952542372881356","0.09389830508474575","0.505"
"5","0.05658823529411765","0.7981176470588235","0.7398823529411765","0.3788235294117647","0.01","0.01","0.01","0.01","0.01","0.01","1.01","0.175","0.13774193548387098","0.7847826086956522","0.2952542372881356","0.09389830508474575","0.505"
"4","0.26235294117647057","0.19247058823529414","0.0371764705882353","0.3865882352941176","0.01","1.01","0.01","0.01","0.01","0.01","0.01","0.175","0.13774193548387098","0.7847826086956522","0.2952542372881356","0.09389830508474575","0.505"
"7","0.7981176470588235","0.6001176470588235","0.9495294117647058","0.8757647058823529","0.01","0.01","0.01","0.01","1.01","0.01","0.01","0.175","0.13774193548387098","0.7847826086956522","0.2952542372881356","0.11067796610169492","0.505"
"6","0.6311764705882353","0.3322352941176471","0.14200000000000002","0.794235294117647","0.01","0.01","0.01","0.01","1.01","0.01","0.01","0.175","0.13774193548387098","0.7847826086956522","0.2952542372881356","0.11067796610169492","0.505"
"4","0.9223529411764705","0.1963529411764706","0.5457647058823529","0.04882352941176471","0.01","0.01","0.01","0.01","0.01","1.01","0.01","0.175","0.13774193548387098","0.7847826086956522","0.2952542372881356","0.11067796610169492","0.505"
"4","0.3089411764705882","0.13811764705882354","0.30505882352941177","0.9805882352941176","0.01","0.01","0.01","0.01","0.01","1.01","0.01","0.175","0.13774193548387098","0.7847826086956522","0.2952542372881356","0.11067796610169492","0.505"
"3","0.4021176470588235","0.5185882352941176","0.18082352941176472","0.9611764705882353","0.01","0.01","1.01","0.01","0.01","0.01","0.01","0.175","0.13774193548387098","0.7847826086956522","0.2952542372881356","0.11067796610169492","0.505"
"7","0.3632941176470588","0.09929411764705881","0.7981176470588235","0.09929411764705881","0.01","1.01","0.01","0.01","0.01","0.01","0.01","0.175","0.13774193548387098","0.7847826086956522","0.2952542372881356","0.11067796610169492","0.505"
"8","0.7825882352941177","0.8796470588235294","0.9922352941176471","0.16529411764705884","0.01","0.01","0.01","0.01","0.01","0.01","1.01","0.175","0.13774193548387098","0.7847826086956522","0.2952542372881356","0.11067796610169492","0.505"
"1","0.9650588235294117","0.025529411764705884","0.19247058823529414","0.16529411764705884","1.01","0.01","0.01","0.01","0.01","0.01","0.01","0.175","0.13774193548387098","0.7847826086956522","0.2952542372881356","0.11067796610169492","0.505"
"0","0.4603529411764706","0.8951764705882354","0.18858823529411764","0.8175294117647058","0.01","1.01","0.01","0.01","0.01","0.01","0.01","0.175","0.13774193548387098","0.7847826086956522","0.2952542372881356","0.11067796610169492","0.505"
"7","0.07988235294117646","0.01","0.5768235294117646","0.13811764705882354","0.01","0.01","0.01","1.01","0.01","0.01","0.01","0.175","0.13774193548387098","0.7847826086956522","0.2952542372881356","0.11067796610169492","0.505"
"9","0.41764705882352937","0.1458823529411765","0.7864705882352941","0.12258823529411764","0.01","0.01","1.01","0.01","0.01","0.01","0.01","0.175","0.13774193548387098","0.7847826086956522","0.2952542372881356","0.12745762711864408","0.505"
"7","0.3710588235294118","0.6583529411764706","0.4331764705882353","0.6078823529411764","0.01","0.01","0.01","0.01","0.01","0.01","1.01","0.175","0.13774193548387098","0.7847826086956522","0.2952542372881356","0.12745762711864408","0.505"
"9","0.3516470588235294","0.07211764705882352","0.8718823529411764","0.4409411764705882","0.01","0.01","0.01","1.01","0.01","0.01","0.01","0.175","0.13774193548387098","0.7847826086956522","0.2952542372881356","0.12745762711864408","0.505"
"5","0.041058823529411766","0.05658823529411765","0.029411764705882353","0.07988235294117646","0.01","1.01","0.01","0.01","0.01","0.01","0.01","0.175","0.13774193548387098","0.7847826086956522","0.2952542372881356","0.12745762711864408","0.505"
"3","0.8796470588235294","0.8524705882352941","0.9534117647058823","0.9728235294117646","0.01","0.01","0.01","1.01","0.01","0.01","0.01","0.175","0.13774193548387098","0.7847826086956522","0.2952542372881356","0.12745762711864408","0.505"
"6","0.8136470588235294","0.21188235294117647","0.4875294117647059","0.8874117647058823","0.01","0.01","0.01","0.01","1.01","0.01","0.01","0.175","0.13774193548387098","0.7847826086956522","0.2952542372881356","0.12745762711864408","0.505"
"9","0.48364705882352943","0.6894117647058824","0.5030588235294118","0.26623529411764707","0.01","0.01","0.01","0.01","0.01","1.01","0.01","0.175","0.13774193548387098","0.7847826086956522","0.2952542372881356","0.12745762711864408","0.505"
"9","0.8447058823529412","0.4021176470588235","0.6855294117647059","0.4797647058823529","0.01","1.01","0.01","0.01","0.01","0.01","0.01","0.175","0.13774193548387098","0.7847826086956522","0.2952542372881356","0.12745762711864408","0.505"
"8","0.7165882352941176","0.2934117647058823","0.7515294117647059","0.8175294117647058","0.01","0.01","1.01","0.01","0.01","0.01","0.01","0.175","0.13774193548387098","0.7847826086956522","0.2952542372881356","0.12745762711864408","0.505"
"3","0.6350588235294118","0.01388235294117647","0.06435294117647058","0.4292941176470588","0.01","0.01","1.01","0.01","0.01","0.01","0.01","0.175","0.13774193548387098","0.7847826086956522","0.2952542372881356","0.12745762711864408","0.505"
"8","0.9145882352941176","0.8330588235294119","0.8369411764705883","0.20800000000000002","0.01","0.01","0.01","0.01","0.01","0.01","1.01","0.175","0.13774193548387098","0.7847826086956522","0.2952542372881356","0.14423728813559322","0.505"
"2","0.5690588235294117","0.5069411764705882","0.25458823529411767","0.7243529411764705","0.01","0.01","1.01","0.01","0.01","0.01","0.01","0.175","0.13774193548387098","0.7847826086956522","0.2952542372881356","0.14423728813559322","0.505"
"2","0.26235294117647057","0.3438823529411765","0.01776470588235294","0.5302352941176471","0.01","0.01","0.01","1.01","0.01","0.01","0.01","0.175","0.13774193548387098","0.7847826086956522","0.2952542372881356","0.14423728813559322","0.505"
"7","0.4331764705882353","0.5651764705882353","0.802","0.9145882352941176","0.01","0.01","0.01","1.01","0.01","0.01","0.01","0.175","0.13774193548387098","0.7847826086956522","0.2952542372881356","0.14423728813559322","0.505"
"8","0.5341176470588236","0.26623529411764707","0.5768235294117646","0.4021176470588235","0.01","1.01","0.01","0.01","0.01","0.01","0.01","0.175","0.13774193548387098","0.7847826086956522","0.2952542372881356","0.14423728813559322","0.505"
"9","0.9145882352941176","0.10705882352941176","0.5418823529411765","0.8485882352941176","0.01","0.01","0.01","0.01","1.01","0.01","0.01","0.175","0.13774193548387098","0.7847826086956522","0.2952542372881356","0.14423728813559322","0.505"
"9","0.6894117647058824","0.8874117647058823","0.9844705882352941","0.9650588235294117","0.01","0.01","0.01","0.01","0.01","1.01","0.01","0.175","0.13774193548387098","0.7847826086956522","0.2952542372881356","0.14423728813559322","0.505"
"5","0.9689411764705882","0.09152941176470587","0.4603529411764706","0.6428235294117647","0.01","0.01","0.01","0.01","1.01","0.01","0.01","0.175","0.13774193548387098","0.7847826086956522","0.2952542372881356","0.14423728813559322","0.505"
"8","0.20023529411764707","0.6311764705882353","0.4681176470588236","0.2856470588235294","0.01","0.01","0.01","1.01","0.01","0.01","0.01","0.175","0.13774193548387098","0.7847826086956522","0.2952542372881356","0.14423728813559322","0.505"
"6","0.44482352941176473","0.6816470588235295","0.9883529411764707","0.20411764705882354","0.01","1.01","0.01","0.01","0.01","0.01","0.01","0.175","0.13774193548387098","0.7847826086956522","0.2952542372881356","0.14423728813559322","0.505"
"9","0.5224705882352941","0.3438823529411765","0.6001176470588235","0.19247058823529414","0.01","0.01","0.01","0.01","0.01","0.01","1.01","0.175","0.13774193548387098","0.7847826086956522","0.2952542372881356","0.1610169491525424","0.505"
"8","0.1963529411764706","0.5185882352941176","0.6777647058823529","0.39435294117647063","1.01","0.01","0.01","0.01","0.01","0.01","0.01","0.175","0.13774193548387098","0.7847826086956522","0.2952542372881356","0.1610169491525424","0.505"
"5","0.3594117647058824","0.8252941176470587","0.21188235294117647","0.025529411764705884","0.01","0.01","0.01","0.01","0.01","1.01","0.01","0.175","0.13774193548387098","0.7847826086956522","0.2952542372881356","0.1610169491525424","0.505"
"8","0.5612941176470588","0.39435294117647063","0.25070588235294117","0.9844705882352941","0.01","0.01","0.01","1.01","0.01","0.01","0.01","0.175","0.13774193548387098","0.7847826086956522","0.2952542372881356","0.1610169491525424","0.505"
"1","0.5496470588235294","0.06823529411764706","0.3089411764705882","0.6350588235294118","0.01","0.01","0.01","0.01","1.01","0.01","0.01","0.175","0.13774193548387098","0.7847826086956522","0.2952542372881356","0.1610169491525424","0.505"
"8","0.3982352941176471","0.6467058823529412","0.4603529411764706","0.5729411764705882","1.01","0.01","0.01","0.01","0.01","0.01","0.01","0.175","0.13774193548387098","0.7847826086956522","0.2952542372881356","0.1610169491525424","0.505"
"5","0.36717647058823527","0.14976470588235294","0.802","0.347764705882353","1.01","0.01","0.01","0.01","0.01","0.01","0.01","0.175","0.13774193548387098","0.7847826086956522","0.2952542372881356","0.1610169491525424","0.505"
"8","0.6078823529411764","0.08764705882352941","0.18082352941176472","0.16917647058823532","0.01","0.01","0.01","0.01","0.01","0.01","1.01","0.175","0.13774193548387098","0.7847826086956522","0.2952542372881356","0.1610169491525424","0.505"
"8","0.2856470588235294","0.6544705882352941","0.9961176470588236","0.04882352941176471","0.01","0.01","0.01","1.01","0.01","0.01","0.01","0.175","0.13774193548387098","0.7847826086956522","0.2952542372881356","0.1610169491525424","0.505"
"3","0.2701176470588236","0.4292941176470588","0.44482352941176473","0.7165882352941176","0.01","0.01","0.01","0.01","0.01","0.01","1.01","0.175","0.13774193548387098","0.7847826086956522","0.2952542372881356","0.1610169491525424","0.505"
"9","0.16529411764705884","0.9728235294117646","0.6738823529411764","0.9650588235294117","0.01","0.01","1.01","0.01","0.01","0.01","0.01","0.175","0.13774193548387098","0.7847826086956522","0.2952542372881356","0.1610169491525424","0.505"
"8","0.4021176470588235","0.2701176470588236","0.538","0.3128235294117647","0.01","1.01","0.01","0.01","0.01","0.01","0.01","0.175","0.13774193548387098","0.7847826086956522","0.2952542372881356","0.1610169491525424","0.505"
"4","0.5108235294117647","0.11094117647058822","0.9223529411764705","0.9495294117647058","0.01","0.01","0.01","0.01","1.01","0.01","0.01","0.175","0.13774193548387098","0.7847826086956522","0.2952542372881356","0.17779661016949153","0.505"
"8","0.3516470588235294","0.06823529411764706","0.49529411764705883","0.5807058823529412","0.01","1.01","0.01","0.01","0.01","0.01","0.01","0.175","0.13774193548387098","0.7847826086956522","0.2952542372881356","0.17779661016949153","0.505"
"9","0.347764705882353","0.860235294117647","0.15364705882352944","0.9805882352941176","0.01","0.01","0.01","0.01","1.01","0.01","0.01","0.175","0.13774193548387098","0.7847826086956522","0.2952542372881356","0.17779661016949153","0.505"
"5","0.3089411764705882","0.9107058823529411","0.3827058823529412","0.13811764705882354","0.01","0.01","0.01","0.01","0.01","0.01","1.01","0.175","0.13774193548387098","0.7847826086956522","0.2952542372881356","0.17779661016949153","0.505"
"2","0.6738823529411764","0.25070588235294117","0.6350588235294118","0.06823529411764706","0.01","0.01","0.01","0.01","0.01","1.01","0.01","0.175","0.13774193548387098","0.7847826086956522","0.2952542372881356","0.17779661016949153","0.505"
"4","0.49917647058823533","0.5302352941176471","0.5069411764705882","0.8563529411764705","0.01","0.01","0.01","0.01","0.01","0.01","1.01","0.175","0.13774193548387098","0.7847826086956522","0.2952542372881356","0.17779661016949153","0.505"
"4","0.6661176470588235","0.8252941176470587","0.5807058823529412","0.9922352941176471","1.01","0.01","0.01","0.01","0.01","0.01","0.01","0.175","0.13774193548387098","0.7847826086956522","0.2952542372881356","0.17779661016949153","0.505"
"5","0.9301176470588236","0.8291764705882353","0.3244705882352941","0.9728235294117646","1.01","0.01","0.01","0.01","0.01","0.01","0.01","0.175","0.13774193548387098","0.7847826086956522","0.2952542372881356","0.17779661016949153","0.505"
"0","0.11094117647058822","0.918470588235294","0.6971764705882353","0.8097647058823529","0.01","0.01","0.01","0.01","0.01","1.01","0.01","0.175","0.13774193548387098","0.7847826086956522","0.2952542372881356","0.17779661016949153","0.505"
"5","0.918470588235294","0.7631764705882352","0.9068235294117647","0.25070588235294117","0.01","0.01","0.01","0.01","0.01","0.01","1.01","0.175","0.13774193548387098","0.7847826086956522","0.2952542372881356","0.17779661016949153","0.505"
"9","0.5807058823529412","0.8408235294117647","0.6117647058823529","0.8485882352941176","1.01","0.01","0.01","0.01","0.01","0.01","0.01","0.175","0.13774193548387098","0.7847826086956522","0.2952542372881356","0.17779661016949153","0.505"
"4","0.8641176470588235","0.7592941176470588","0.16529411764705884","0.5457647058823529","0.01","0.01","0.01","0.01","0.01","1.01","0.01","0.175","0.13774193548387098","0.7847826086956522","0.2952542372881356","0.17779661016949153","0.505"
"4","0.9262352941176472","0.9262352941176472","0.4098823529411765","0.8291764705882353","0.01","0.01","1.01","0.01","0.01","0.01","0.01","0.175","0.13774193548387098","0.7847826086956522","0.2952542372881356","0.1945762711864407","0.505"
"6","0.21576470588235297","0.21188235294117647","0.868","0.5496470588235294","1.01","0.01","0.01","0.01","0.01","0.01","0.01","0.175","0.13774193548387098","0.7847826086956522","0.2952542372881356","0.1945762711864407","0.505"
"5","0.08764705882352941","0.9689411764705882","0.5612941176470588","0.6855294117647059","0.01","0.01","0.01","0.01","0.01","1.01","0.01","0.175","0.13774193548387098","0.7847826086956522","0.2952542372881356","0.1945762711864407","0.505"
"2","0.6350588235294118","0.8563529411764705","0.49529411764705883","0.48364705882352943","0.01","0.01","0.01","0.01","1.01","0.01","0.01","0.175","0.13774193548387098","0.7847826086956522","0.2952542372881356","0.1945762711864407","0.505"
"5","0.8757647058823529","0.3205882352941177","0.6078823529411764","0.16529411764705884","0.01","0.01","0.01","0.01","1.01","0.01","0.01","0.175","0.13774193548387098","0.7847826086956522","0.2952542372881356","0.1945762711864407","0.505"
"2","0.7088235294117647","0.7981176470588235","0.22741176470588237","0.7592941176470588","0.01","0.01","0.01","1.01","0.01","0.01","0.01","0.175","0.13774193548387098","0.7847826086956522","0.2952542372881356","0.1945762711864407","0.505"
"6","0.17305882352941176","0.30505882352941177","0.25458823529411767","0.18858823529411764","1.01","0.01","0.01","0.01","0.01","0.01","0.01","0.175","0.13774193548387098","0.7847826086956522","0.2952542372881356","0.1945762711864407","0.505"
"1","0.274","0.21964705882352942","0.5612941176470588","0.5457647058823529","0.01","0.01","0.01","1.01","0.01","0.01","0.01","0.175","0.13774193548387098","0.7847826086956522","0.2952542372881356","0.1945762711864407","0.505"
"6","0.9107058823529411","0.274","0.4409411764705882","0.7282352941176471","0.01","0.01","0.01","0.01","1.01","0.01","0.01","0.175","0.13774193548387098","0.7847826086956522","0.2952542372881356","0.1945762711864407","0.505"
"2","0.49529411764705883","0.5651764705882353","0.20023529411764707","0.20800000000000002","0.01","0.01","0.01","0.01","0.01","1.01","0.01","0.175","0.13774193548387098","0.7847826086956522","0.2952542372881356","0.1945762711864407","0.505"
"0","0.33999999999999997","0.9145882352941176","0.9844705882352941","0.6544705882352941","0.01","0.01","0.01","0.01","0.01","0.01","1.01","0.175","0.13774193548387098","0.7847826086956522","0.2952542372881356","0.1945762711864407","0.505"
"7","0.3710588235294118","0.3710588235294118","0.3749411764705883","0.3710588235294118","0.01","0.01","0.01","1.01","0.01","0.01","0.01","0.175","0.13774193548387098","0.7847826086956522","0.2952542372881356","0.1945762711864407","0.505"
"3","0.9728235294117646","0.9922352941176471","0.16917647058823532","0.6234117647058823","0.01","0.01","0.01","1.01","0.01","0.01","0.01","0.175","0.13774193548387098","0.7847826086956522","0.2952542372881356","0.21135593220338986","0.505"
"0","0.4254117647058824","0.7010588235294117","0.4914117647058823","0.9805882352941176","0.01","0.01","1.01","0.01","0.01","0.01","0.01","0.175","0.13774193548387098","0.7847826086956522","0.2952542372881356","0.21135593220338986","0.505"
"0","0.7631764705882352","0.6894117647058824","0.9456470588235294","0.8990588235294118","0.01","0.01","0.01","1.01","0.01","0.01","0.01","0.175","0.13774193548387098","0.7847826086956522","0.2952542372881356","0.21135593220338986","0.505"
"9","0.5923529411764706","0.9495294117647058","0.01776470588235294","0.4098823529411765","0.01","0.01","0.01","0.01","0.01","0.01","1.01","0.175","0.13774193548387098","0.7847826086956522","0.2952542372881356","0.21135593220338986","0.505"
"2","0.4797647058823529","0.04882352941176471","0.7398823529411765","0.8641176470588235","0.01","0.01","1.01","0.01","0.01","0.01","0.01","0.175","0.13774193548387098","0.7847826086956522","0.2952542372881356","0.21135593220338986","0.505"
"6","0.49529411764705883","0.3011764705882353","0.48364705882352943","0.30505882352941177","0.01","1.01","0.01","0.01","0.01","0.01","0.01","0.175","0.13774193548387098","0.7847826086956522","0.2952542372881356","0.21135593220338986","0.505"
"5","0.3283529411764706","0.10317647058823529","0.09541176470588235","0.4292941176470588","0.01","0.01","0.01","1.01","0.01","0.01","0.01","0.175","0.13774193548387098","0.7847826086956522","0.2952542372881356","0.21135593220338986","0.505"
"2","0.9029411764705882","0.0371764705882353","0.9922352941176471","0.49529411764705883","1.01","0.01","0.01","0.01","0.01","0.01","0.01","0.175","0.13774193548387098","0.7847826086956522","0.2952542372881356","0.21135593220338986","0.505"
"2","0.8369411764705883","0.23129411764705884","0.5651764705882353","0.8874117647058823","0.01","0.01","0.01","0.01","0.01","1.01","0.01","0.175","0.13774193548387098","0.7847826086956522","0.2952542372881356","0.21135593220338986","0.505"
"5","0.7787058823529412","0.6738823529411764","0.5923529411764706","0.5535294117647059","0.01","0.01","0.01","1.01","0.01","0.01","0.01","0.175","0.13774193548387098","0.7847826086956522","0.2952542372881356","0.21135593220338986","0.505"
"8","0.18082352941176472","0.8990588235294118","0.06823529411764706","0.8447058823529412","0.01","1.01","0.01","0.01","0.01","0.01","0.01","0.175","0.13774193548387098","0.7847826086956522","0.2952542372881356","0.21135593220338986","0.505"
"7","0.6195294117647059","0.662235294117647","0.1458823529411765","0.06823529411764706","0.01","1.01","0.01","0.01","0.01","0.01","0.01","0.175","0.13774193548387098","0.7847826086956522","0.2952542372881356","0.21135593220338986","0.505"
"5","0.3516470588235294","0.8369411764705883","0.9301176470588236","0.6894117647058824","0.01","0.01","0.01","0.01","1.01","0.01","0.01","0.175","0.13774193548387098","0.7847826086956522","0.2952542372881356","0.228135593220339","0.505"
"6","0.17305882352941176","0.8369411764705883","0.4292941176470588","0.20023529411764707","1.01","0.01","0.01","0.01","0.01","0.01","0.01","0.175","0.13774193548387098","0.7847826086956522","0.2952542372881356","0.228135593220339","0.505"
"9","0.4914117647058823","0.9650588235294117","0.5108235294117647","0.7748235294117647","0.01","0.01","0.01","0.01","0.01","0.01","1.01","0.175","0.13774193548387098","0.7847826086956522","0.2952542372881356","0.228135593220339","0.505"
"3","0.25070588235294117","0.28952941176470587","0.6467058823529412","0.20411764705882354","0.01","0.01","0.01","1.01","0.01","0.01","0.01","0.175","0.13774193548387098","0.7847826086956522","0.2952542372881356","0.228135593220339","0.505"
"3","0.3632941176470588","0.8990588235294118","0.2584705882352941","0.8369411764705883","0.01","0.01","0.01","0.01","0.01","1.01","0.01","0.175","0.13774193548387098","0.7847826086956522","0.2952542372881356","0.228135593220339","0.505"
"2","0.26623529411764707","0.08764705882352941","0.07211764705882352","0.8874117647058823","1.01","0.01","0.01","0.01","0.01","0.01","0.01","0.175","0.13774193548387098","0.7847826086956522","0.2952542372881356","0.228135593220339","0.505"
"9","0.5807058823529412","0.28952941176470587","0.3438823529411765","0.6971764705882353","0.01","1.01","0.01","0.01","0.01","0.01","0.01","0.175","0.13774193548387098","0.7847826086956522","0.2952542372881356","0.228135593220339","0.505"
"4","0.16917647058823532","0.6078823529411764","0.7515294117647059","0.060470588235294116","0.01","0.01","0.01","0.01","1.01","0.01","0.01","0.175","0.13774193548387098","0.7847826086956522","0.2952542372881356","0.228135593220339","0.505"
"0","0.5884705882352942","0.02164705882352941","0.8408235294117647","0.4021176470588235","0.01","1.01","0.01","0.01","0.01","0.01","0.01","0.175","0.13774193548387098","0.7847826086956522","0.2952542372881356","0.228135593220339","0.505"
"5","0.4758823529411765","0.860235294117647","0.8447058823529412","0.6583529411764706","0.01","0.01","0.01","1.01","0.01","0.01","0.01","0.175","0.13774193548387098","0.7847826086956522","0.2952542372881356","0.228135593220339","0.505"
"4","0.5807058823529412","0.8447058823529412","0.07211764705882352","0.28952941176470587","0.01","0.01","0.01","0.01","0.01","1.01","0.01","0.175","0.13774193548387098","0.7847826086956522","0.2952542372881356","0.228135593220339","0.505"
"2","0.6117647058823529","0.4370588235294118","0.9922352941176471","0.4370588235294118","0.01","0.01","0.01","0.01","1.01","0.01","0.01","0.175","0.13774193548387098","0.7847826086956522","0.2952542372881356","0.228135593220339","0.505"
"3","0.3982352941176471","0.5418823529411765","0.7243529411764705","0.8874117647058823","0.01","0.01","1.01","0.01","0.01","0.01","0.01","0.175","0.13774193548387098","0.7847826086956522","0.2952542372881356","0.24491525423728816","0.505"
"5","0.6777647058823529","0.7709411764705882","0.26623529411764707","0.2351764705882353","0.01","0.01","0.01","1.01","0.01","0.01","0.01","0.175","0.13774193548387098","0.7847826086956522","0.2952542372881356","0.24491525423728816","0.505"
"9","0.30505882352941177","0.12258823529411764","0.743764705882353","0.48364705882352943","0.01","0.01","0.01","1.01","0.01","0.01","0.01","0.175","0.13774193548387098","0.7847826086956522","0.2952542372881356","0.24491525423728816","0.505"
"8","0.4331764705882353","0.2701176470588236","0.36717647058823527","0.8641176470588235","1.01","0.01","0.01","0.01","0.01","0.01","0.01","0.175","0.13774193548387098","0.7847826086956522","0.2952542372881356","0.24491525423728816","0.505"
"4","0.5884705882352942","0.16917647058823532","0.8718823529411764","0.4525882352941177","1.01","0.01","0.01","0.01","0.01","0.01","0.01","0.175","0.13774193548387098","0.7847826086956522","0.2952542372881356","0.24491525423728816","0.505"
"7","0.6078823529411764","0.24682352941176472","0.2235294117647059","0.5768235294117646","0.01","0.01","0.01","0.01","1.01","0.01","0.01","0.175","0.13774193548387098","0.7847826086956522","0.2952542372881356","0.24491525423728816","0.505"
"6","0.3982352941176471","0.9767058823529412","0.3632941176470588","0.7864705882352941","0.01","0.01","0.01","0.01","1.01","0.01","0.01","0.175","0.13774193548387098","0.7847826086956522","0.2952542372881356","0.24491525423728816","0.505"
"0","0.8330588235294119","0.4137647058823529","0.7088235294117647","0.2856470588235294","0.01","0.01","0.01","0.01","1.01","0.01","0.01","0.175","0.13774193548387098","0.7847826086956522","0.2952542372881356","0.24491525423728816","0.505"
"2","0.464235294117647","0.02164705882352941","0.9611764705882353","0.9301176470588236","0.01","0.01","0.01","0.01","1.01","0.01","0.01","0.175","0.13774193548387098","0.7847826086956522","0.2952542372881356","0.24491525423728816","0.505"
"5","0.736","0.8291764705882353","0.4487058823529412","0.6156470588235294","0.01","0.01","0.01","1.01","0.01","0.01","0.01","0.175","0.13774193548387098","0.7847826086956522","0.2952542372881356","0.24491525423728816","0.505"
"3","0.5845882352941177","0.19247058823529414","0.8757647058823529","0.9262352941176472","0.01","0.01","0.01","0.01","0.01","1.01","0.01","0.175","0.13774193548387098","0.7847826086956522","0.2952542372881356","0.24491525423728816","0.505"
"4","0.6078823529411764","0.6078823529411764","0.05270588235294118","0.1264705882352941","1.01","0.01","0.01","0.01","0.01","0.01","0.01","0.175","0.13774193548387098","0.7847826086956522","0.2952542372881356","0.24491525423728816","0.505"
"8","0.041058823529411766","0.47200000000000003","0.406","0.7592941176470588","0.01","1.01","0.01","0.01","0.01","0.01","0.01","0.175","0.13774193548387098","0.7847826086956522","0.2952542372881356","0.26169491525423727","0.505"
"7","0.36717647058823527","0.3516470588235294","0.6428235294117647","0.044941176470588234","0.01","0.01","0.01","0.01","0.01","1.01","0.01","0.175","0.13774193548387098","0.7847826086956522","0.2952542372881356","0.26169491525423727","0.505"
"7","0.1847058823529412","0.802","0.26235294117647057","0.7321176470588235","0.01","0.01","0.01","0.01","1.01","0.01","0.01","0.175","0.13774193548387098","0.7847826086956522","0.2952542372881356","0.26169491525423727","0.505"
"4","0.13423529411764706","0.44482352941176473","0.13811764705882354","0.6971764705882353","0.01","0.01","1.01","0.01","0.01","0.01","0.01","0.175","0.13774193548387098","0.7847826086956522","0.2952542372881356","0.26169491525423727","0.505"
"2","0.7282352941176471","0.5923529411764706","0.5030588235294118","0.9767058823529412","0.01","0.01","0.01","1.01","0.01","0.01","0.01","0.175","0.13774193548387098","0.7847826086956522","0.2952542372881356","0.26169491525423727","0.505"
"5","0.060470588235294116","0.4603529411764706","0.8874117647058823","0.3089411764705882","0.01","1.01","0.01","0.01","0.01","0.01","0.01","0.175","0.13774193548387098","0.7847826086956522","0.2952542372881356","0.26169491525423727","0.505"
"8","0.604","0.23129411764705884","0.2701176470588236","0.19247058823529414","0.01","1.01","0.01","0.01","0.01","0.01","0.01","0.175","0.13774193548387098","0.7847826086956522","0.2952542372881356","0.26169491525423727","0.505"
"8","0.3827058823529412","0.2235294117647059","0.7981176470588235","0.4487058823529412","0.01","0.01","0.01","0.01","0.01","1.01","0.01","0.175","0.13774193548387098","0.7847826086956522","0.2952542372881356","0.26169491525423727","0.505"
"3","0.5030588235294118","0.6738823529411764","0.464235294117647","0.1575294117647059","0.01","0.01","0.01","1.01","0.01","0.01","0.01","0.175","0.13774193548387098","0.7847826086956522","0.2952542372881356","0.26169491525423727","0.505"
"7","0.5457647058823529","0.6855294117647059","0.3089411764705882","0.9378823529411765","0.01","0.01","0.01","0.01","1.01","0.01","0.01","0.175","0.13774193548387098","0.7847826086956522","0.2952542372881356","0.26169491525423727","0.505"
"3","0.11094117647058822","0.8136470588235294","0.860235294117647","0.49529411764705883","1.01","0.01","0.01","0.01","0.01","0.01","0.01","0.175","0.13774193548387098","0.7847826086956522","0.2952542372881356","0.26169491525423727","0.505"
"0","0.31670588235294117","0.8485882352941176","0.6311764705882353","0.6583529411764706","0.01","0.01","0.01","1.01","0.01","0.01","0.01","0.175","0.13774193548387098","0.7847826086956522","0.2952542372881356","0.26169491525423727","0.505"
"3","0.3749411764705883","0.3594117647058824","0.6738823529411764","0.3982352941176471","0.01","0.01","0.01","1.01","0.01","0.01","0.01","0.175","0.13774193548387098","0.7847826086956522","0.2952542372881356","0.27847457627118644","0.505"
"8","0.7592941176470588","0.3438823529411765","0.08376470588235294","0.42152941176470593","0.01","0.01","0.01","0.01","0.01","1.01","0.01","0.175","0.13774193548387098","0.7847826086956522","0.2952542372881356","0.27847457627118644","0.505"
"3","0.7088235294117647","0.9223529411764705","0.9456470588235294","0.5069411764705882","0.01","1.01","0.01","0.01","0.01","0.01","0.01","0.175","0.13774193548387098","0.7847826086956522","0.2952542372881356","0.27847457627118644","0.505"
"2","0.4487058823529412","0.7243529411764705","0.9223529411764705","0.48364705882352943","0.01","0.01","0.01","0.01","1.01","0.01","0.01","0.175","0.13774193548387098","0.7847826086956522","0.2952542372881356","0.27847457627118644","0.505"
"1","0.41764705882352937","0.10705882352941176","0.5923529411764706","0.4098823529411765","0.01","0.01","0.01","0.01","0.01","0.01","1.01","0.175","0.13774193548387098","0.7847826086956522","0.2952542372881356","0.27847457627118644","0.505"
"4","0.24294117647058824","0.5845882352941177","0.6699999999999999","0.9922352941176471","0.01","0.01","0.01","0.01","0.01","1.01","0.01","0.175","0.13774193548387098","0.7847826086956522","0.2952542372881356","0.27847457627118644","0.505"
"8","0.2934117647058823","0.26623529411764707","0.3632941176470588","0.07988235294117646","1.01","0.01","0.01","0.01","0.01","0.01","0.01","0.175","0.13774193548387098","0.7847826086956522","0.2952542372881356","0.27847457627118644","0.505"
"8","0.6816470588235295","0.7127058823529412","0.4254117647058824","0.8796470588235294","0.01","0.01","0.01","1.01","0.01","0.01","0.01","0.175","0.13774193548387098","0.7847826086956522","0.2952542372881356","0.27847457627118644","0.505"
"5","0.4875294117647059","0.8563529411764705","0.7010588235294117","0.04882352941176471","0.01","0.01","0.01","0.01","1.01","0.01","0.01","0.175","0.13774193548387098","0.7847826086956522","0.2952542372881356","0.27847457627118644","0.505"
"5","0.13811764705882354","0.33999999999999997","0.9456470588235294","0.05658823529411765","0.01","0.01","0.01","0.01","0.01","1.01","0.01","0.175","0.13774193548387098","0.7847826086956522","0.2952542372881356","0.27847457627118644","0.505"
"6","0.3594117647058824","0.5923529411764706","0.6777647058823529","0.21964705882352942","0.01","0.01","0.01","0.01","0.01","1.01","0.01","0.175","0.13774193548387098","0.7847826086956522","0.2952542372881356","0.27847457627118644","0.505"
"3","0.01","0.9495294117647058","0.5185882352941176","0.18082352941176472","1.01","0.01","0.01","0.01","0.01","0.01","0.01","0.175","0.13774193548387098","0.7847826086956522","0.2952542372881356","0.27847457627118644","0.505"
"9","0.5185882352941176","0.7321176470588235","0.22741176470588237","0.044941176470588234","0.01","1.01","0.01","0.01","0.01","0.01","0.01","0.175","0.13774193548387098","0.7847826086956522","0.2952542372881356","0.2952542372881356","0.505"
"7","0.934","0.48364705882352943","0.7787058823529412","0.7981176470588235","0.01","0.01","0.01","0.01","0.01","0.01","1.01","0.175","0.13774193548387098","0.7847826086956522","0.2952542372881356","0.2952542372881356","0.505"
"1","0.4487058823529412","0.860235294117647","0.6078823529411764","0.7903529411764706","0.01","0.01","1.01","0.01","0.01","0.01","0.01","0.175","0.13774193548387098","0.7847826086956522","0.2952542372881356","0.2952542372881356","0.505"
"1","0.7476470588235294","0.04882352941176471","0.5768235294117646","0.538","1.01","0.01","0.01","0.01","0.01","0.01","0.01","0.175","0.13774193548387098","0.7847826086956522","0.2952542372881356","0.2952542372881356","0.505"
"0","0.7864705882352941","0.2235294117647059","0.4603529411764706","0.8252941176470587","0.01","0.01","0.01","1.01","0.01","0.01","0.01","0.175","0.13774193548387098","0.7847826086956522","0.2952542372881356","0.2952542372881356","0.505"
"2","0.941764705882353","0.5457647058823529","0.13423529411764706","0.8524705882352941","0.01","1.01","0.01","0.01","0.01","0.01","0.01","0.175","0.13774193548387098","0.7847826086956522","0.2952542372881356","0.2952542372881356","0.505"
"9","0.5807058823529412","0.9495294117647058","0.044941176470588234","0.3865882352941176","0.01","1.01","0.01","0.01","0.01","0.01","0.01","0.175","0.13774193548387098","0.7847826086956522","0.2952542372881356","0.2952542372881356","0.505"
"7","0.3749411764705883","0.48364705882352943","0.5612941176470588","0.26623529411764707","0.01","0.01","1.01","0.01","0.01","0.01","0.01","0.175","0.13774193548387098","0.7847826086956522","0.2952542372881356","0.2952542372881356","0.505"
"4","0.5768235294117646","0.8641176470588235","0.25070588235294117","0.736","0.01","0.01","0.01","0.01","0.01","1.01","0.01","0.175","0.13774193548387098","0.7847826086956522","0.2952542372881356","0.2952542372881356","0.505"
"4","0.8175294117647058","0.9650588235294117","0.8330588235294119","0.6738823529411764","0.01","0.01","0.01","0.01","0.01","0.01","1.01","0.175","0.13774193548387098","0.7847826086956522","0.2952542372881356","0.2952542372881356","0.505"
"4","0.9262352941176472","0.21576470588235297","0.9378823529411765","0.4098823529411765","1.01","0.01","0.01","0.01","0.01","0.01","0.01","0.175","0.13774193548387098","0.7847826086956522","0.2952542372881356","0.31203389830508477","0.505"
"3","0.5535294117647059","0.941764705882353","0.1148235294117647","0.10317647058823529","0.01","1.01","0.01","0.01","0.01","0.01","0.01","0.175","0.13774193548387098","0.7847826086956522","0.2952542372881356","0.31203389830508477","0.505"
"1","0.08376470588235294","0.5496470588235294","0.6816470588235295","0.6855294117647059","0.01","0.01","0.01","0.01","0.01","0.01","1.01","0.175","0.13774193548387098","0.7847826086956522","0.2952542372881356","0.31203389830508477","0.505"
"6","0.8951764705882354","0.743764705882353","0.8136470588235294","0.49917647058823533","0.01","0.01","0.01","0.01","0.01","0.01","1.01","0.175","0.13774193548387098","0.7847826086956522","0.2952542372881356","0.31203389830508477","0.505"
"9","0.25070588235294117","0.7709411764705882","0.5923529411764706","0.0371764705882353","0.01","0.01","0.01","0.01","1.01","0.01","0.01","0.175","0.13774193548387098","0.7847826086956522","0.2952542372881356","0.31203389830508477","0.505"
"7","0.029411764705882353","0.3788235294117647","0.1303529411764706","0.23129411764705884","0.01","0.01","0.01","0.01","0.01","0.01","1.01","0.175","0.13774193548387098","0.7847826086956522","0.2952542372881356","0.31203389830508477","0.505"
"5","0.9883529411764707","0.8796470588235294","0.7515294117647059","0.5923529411764706","1.01","0.01","0.01","0.01","0.01","0.01","0.01","0.175","0.13774193548387098","0.7847826086956522","0.2952542372881356","0.31203389830508477","0.505"
"3","0.7903529411764706","0.4525882352941177","0.21188235294117647","0.25070588235294117","0.01","0.01","0.01","0.01","0.01","1.01","0.01","0.175","0.13774193548387098","0.7847826086956522","0.2952542372881356","0.31203389830508477","0.505"
"8","0.7864705882352941","0.8175294117647058","0.5108235294117647","0.09152941176470587","0.01","0.01","0.01","0.01","0.01","0.01","1.01","0.175","0.13774193548387098","0.7847826086956522","0.2952542372881356","0.31203389830508477","0.505"
"4","0.1963529411764706","0.4021176470588235","0.8369411764705883","0.9689411764705882","0.01","0.01","0.01","0.01","1.01","0.01","0.01","0.175","0.13774193548387098","0.7847826086956522","0.2952542372881356","0.31203389830508477","0.505"
"2","0.4254117647058824","0.044941176470588234","0.8175294117647058","0.9689411764705882","0.01","0.01","0.01","0.01","0.01","0.01","1.01","0.175","0.13774193548387098","0.7847826086956522","0.2952542372881356","0.3288135593220339","0.505"
"9","0.868","0.8369411764705883","0.736","0.09152941176470587","0.01","0.01","0.01","0.01","0.01","0.01","1.01","0.175","0.13774193548387098","0.7847826086956522","0.2952542372881356","0.3288135593220339","0.505"
"2","0.7981176470588235","0.6195294117647059","0.8718823529411764","0.22741176470588237","0.01","0.01","0.01","1.01","0.01","0.01","0.01","0.175","0.13774193548387098","0.7847826086956522","0.2952542372881356","0.3288135593220339","0.505"
"6","0.3749411764705883","0.8408235294117647","0.13811764705882354","0.2235294117647059","0.01","0.01","0.01","0.01","1.01","0.01","0.01","0.175","0.13774193548387098","0.7847826086956522","0.2952542372881356","0.3288135593220339","0.505"
"6","0.2934117647058823","0.8214117647058823","0.9611764705882353","0.3865882352941176","0.01","1.01","0.01","0.01","0.01","0.01","0.01","0.175","0.13774193548387098","0.7847826086956522","0.2952542372881356","0.3288135593220339","0.505"
"4","0.2934117647058823","0.09929411764705881","0.9961176470588236","0.3128235294117647","0.01","0.01","0.01","1.01","0.01","0.01","0.01","0.175","0.13774193548387098","0.7847826086956522","0.2952542372881356","0.3288135593220339","0.505"
"9","0.7049411764705882","0.5884705882352942","0.09541176470588235","0.09929411764705881","0.01","0.01","0.01","0.01","1.01","0.01","0.01","0.175","0.13774193548387098","0.7847826086956522","0.2952542372881356","0.3288135593220339","0.505"
"4","0.8912941176470588","0.6234117647058823","0.3128235294117647","0.6428235294117647","0.01","0.01","0.01","0.01","0.01","0.01","1.01","0.175","0.13774193548387098","0.7847826086956522","0.2952542372881356","0.3288135593220339","0.505"
"5","0.6078823529411764","0.4137647058823529","0.21576470588235297","0.19247058823529414","1.01","0.01","0.01","0.01","0.01","0.01","0.01","0.175","0.13774193548387098","0.7847826086956522","0.2952542372881356","0.3288135593220339","0.505"
"4","0.8835294117647059","0.6078823529411764","0.9922352941176471","0.076","0.01","0.01","0.01","1.01","0.01","0.01","0.01","0.175","0.13774193548387098","0.7847826086956522","0.2952542372881356","0.3288135593220339","0.505"
"6","0.9495294117647058","0.5807058823529412","0.1847058823529412","0.4137647058823529","0.01","0.01","0.01","0.01","1.01","0.01","0.01","0.175","0.13774193548387098","0.7847826086956522","0.2952542372881356","0.3288135593220339","0.505"
"3","0.5263529411764706","0.9689411764705882","0.05658823529411765","0.7903529411764706","0.01","0.01","1.01","0.01","0.01","0.01","0.01","0.175","0.13774193548387098","0.7847826086956522","0.2952542372881356","0.3288135593220339","0.505"
"0","0.406","0.5069411764705882","0.9145882352941176","0.09929411764705881","0.01","0.01","0.01","0.01","1.01","0.01","0.01","0.175","0.13774193548387098","0.7847826086956522","0.2952542372881356","0.34559322033898304","0.505"
"9","0.31670588235294117","0.1303529411764706","0.08764705882352941","0.8835294117647059","0.01","1.01","0.01","0.01","0.01","0.01","0.01","0.175","0.13774193548387098","0.7847826086956522","0.2952542372881356","0.34559322033898304","0.505"
"5","0.5535294117647059","0.9262352941176472","0.01388235294117647","0.01388235294117647","0.01","0.01","1.01","0.01","0.01","0.01","0.01","0.175","0.13774193548387098","0.7847826086956522","0.2952542372881356","0.34559322033898304","0.505"
"2","0.941764705882353","0.8757647058823529","0.6428235294117647","0.3827058823529412","0.01","0.01","0.01","0.01","0.01","0.01","1.01","0.175","0.13774193548387098","0.7847826086956522","0.2952542372881356","0.34559322033898304","0.505"
"1","0.7049411764705882","0.5302352941176471","0.9301176470588236","0.20800000000000002","0.01","0.01","0.01","0.01","0.01","1.01","0.01","0.175","0.13774193548387098","0.7847826086956522","0.2952542372881356","0.34559322033898304","0.505"
"0","0.274","0.25458823529411767","0.9922352941176471","0.3128235294117647","0.01","0.01","0.01","1.01","0.01","0.01","0.01","0.175","0.13774193548387098","0.7847826086956522","0.2952542372881356","0.34559322033898304","0.505"
"6","0.9767058823529412","0.538","0.5651764705882353","0.48364705882352943","0.01","0.01","0.01","0.01","1.01","0.01","0.01","0.175","0.13774193548387098","0.7847826086956522","0.2952542372881356","0.34559322033898304","0.505"
"2","0.08376470588235294","0.7204705882352941","0.5535294117647059","0.1575294117647059","0.01","0.01","1.01","0.01","0.01","0.01","0.01","0.175","0.13774193548387098","0.7847826086956522","0.2952542372881356","0.34559322033898304","0.505"
"2","0.2856470588235294","0.5535294117647059","0.1458823529411765","0.14976470588235294","0.01","0.01","0.01","1.01","0.01","0.01","0.01","0.175","0.13774193548387098","0.7847826086956522","0.2952542372881356","0.3623728813559322","0.505"
"3","0.9029411764705882","0.5535294117647059","0.14976470588235294","0.7903529411764706","0.01","1.01","0.01","0.01","0.01","0.01","0.01","0.175","0.13774193548387098","0.7847826086956522","0.2952542372881356","0.3623728813559322","0.505"
"2","0.4254117647058824","0.17305882352941176","0.347764705882353","0.6272941176470588","0.01","0.01","0.01","0.01","0.01","0.01","1.01","0.175","0.13774193548387098","0.7847826086956522","0.2952542372881356","0.3623728813559322","0.505"
"8","0.25070588235294117","0.39435294117647063","0.9107058823529411","0.8485882352941176","0.01","1.01","0.01","0.01","0.01","0.01","0.01","0.175","0.13774193548387098","0.7847826086956522","0.2952542372881356","0.3623728813559322","0.505"
"5","0.7787058823529412","0.6428235294117647","0.6078823529411764","0.06435294117647058","0.01","1.01","0.01","0.01","0.01","0.01","0.01","0.175","0.13774193548387098","0.7847826086956522","0.2952542372881356","0.3623728813559322","0.505"
"5","0.4098823529411765","0.7631764705882352","0.7981176470588235","0.6777647058823529","0.01","0.01","0.01","0.01","1.01","0.01","0.01","0.175","0.13774193548387098","0.7847826086956522","0.2952542372881356","0.3623728813559322","0.505"
"3","0.802","0.7398823529411765","0.8330588235294119","0.9378823529411765","0.01","0.01","0.01","1.01","0.01","0.01","0.01","0.175","0.13774193548387098","0.7847826086956522","0.2952542372881356","0.3623728813559322","0.505"
"4","0.6932941176470588","0.16141176470588237","0.868","0.029411764705882353","1.01","0.01","0.01","0.01","0.01","0.01","0.01","0.175","0.13774193548387098","0.7847826086956522","0.2952542372881356","0.3623728813559322","0.505"
"8","0.7049411764705882","0.16529411764705884","0.5108235294117647","0.6350588235294118","0.01","0.01","0.01","0.01","1.01","0.01","0.01","0.175","0.13774193548387098","0.7847826086956522","0.2952542372881356","0.3623728813559322","0.505"
"6","0.8874117647058823","0.9689411764705882","0.5030588235294118","0.04882352941176471","0.01","0.01","0.01","0.01","0.01","0.01","1.01","0.175","0.13774193548387098","0.7847826086956522","0.2952542372881356","0.3623728813559322","0.505"
"5","0.15364705882352944","0.5185882352941176","0.7592941176470588","0.01","0.01","0.01","1.01","0.01","0.01","0.01","0.01","0.175","0.13774193548387098","0.7847826086956522","0.2952542372881356","0.3623728813559322","0.505"
"9","0.09152941176470587","0.5030588235294118","0.5224705882352941","0.3710588235294118","0.01","0.01","0.01","0.01","0.01","1.01","0.01","0.175","0.13774193548387098","0.7847826086956522","0.2952542372881356","0.3623728813559322","0.505"
"0","0.5729411764705882","0.5418823529411765","0.6505882352941177","0.6195294117647059","0.01","0.01","0.01","1.01","0.01","0.01","0.01","0.175","0.13774193548387098","0.7847826086956522","0.2952542372881356","0.3791525423728814","0.505"
"3","0.1148235294117647","0.9650588235294117","0.02164705882352941","0.8796470588235294","0.01","0.01","0.01","0.01","0.01","0.01","1.01","0.175","0.13774193548387098","0.7847826086956522","0.2952542372881356","0.3791525423728814","0.505"
"7","0.8252941176470587","0.5962352941176471","0.281764705882353","0.9262352941176472","0.01","0.01","1.01","0.01","0.01","0.01","0.01","0.175","0.13774193548387098","0.7847826086956522","0.2952542372881356","0.3791525423728814","0.505"
"1","0.4137647058823529","0.27788235294117647","0.8291764705882353","0.274","0.01","0.01","0.01","1.01","0.01","0.01","0.01","0.175","0.13774193548387098","0.7847826086956522","0.2952542372881356","0.3791525423728814","0.505"
"8","0.9534117647058823","0.025529411764705884","0.8214117647058823","0.7049411764705882","0.01","0.01","0.01","1.01","0.01","0.01","0.01","0.175","0.13774193548387098","0.7847826086956522","0.2952542372881356","0.3791525423728814","0.505"
"5","0.9029411764705882","0.934","0.736","0.6855294117647059","0.01","0.01","0.01","0.01","0.01","0.01","1.01","0.175","0.13774193548387098","0.7847826086956522","0.2952542372881356","0.3791525423728814","0.505"
"9","0.6117647058823529","0.2351764705882353","0.09541176470588235","0.406","0.01","0.01","1.01","0.01","0.01","0.01","0.01","0.175","0.13774193548387098","0.7847826086956522","0.2952542372881356","0.3791525423728814","0.505"
"7","0.802","0.26235294117647057","0.21576470588235297","0.14200000000000002","0.01","0.01","0.01","0.01","0.01","0.01","1.01","0.175","0.13774193548387098","0.7847826086956522","0.2952542372881356","0.3791525423728814","0.505"
"8","0.36717647058823527","0.05658823529411765","0.743764705882353","0.8485882352941176","0.01","0.01","1.01","0.01","0.01","0.01","0.01","0.175","0.13774193548387098","0.7847826086956522","0.2952542372881356","0.3791525423728814","0.505"
"3","0.860235294117647","0.7592941176470588","0.4331764705882353","0.5147058823529411","0.01","0.01","0.01","0.01","0.01","1.01","0.01","0.175","0.13774193548387098","0.7847826086956522","0.2952542372881356","0.3791525423728814","0.505"
"3","0.604","0.8951764705882354","0.9922352941176471","0.13811764705882354","0.01","1.01","0.01","0.01","0.01","0.01","0.01","0.175","0.13774193548387098","0.7847826086956522","0.2952542372881356","0.39593220338983054","0.505"
"7","0.49529411764705883","0.5030588235294118","0.6777647058823529","0.1264705882352941","0.01","0.01","0.01","1.01","0.01","0.01","0.01","0.175","0.13774193548387098","0.7847826086956522","0.2952542372881356","0.39593220338983054","0.505"
"8","0.6738823529411764","0.9844705882352941","0.6272941176470588","0.6389411764705882","1.01","0.01","0.01","0.01","0.01","0.01","0.01","0.175","0.13774193548387098","0.7847826086956522","0.2952542372881356","0.39593220338983054","0.505"
"2","0.49917647058823533","0.5224705882352941","0.20800000000000002","0.21576470588235297","0.01","1.01","0.01","0.01","0.01","0.01","0.01","0.175","0.13774193548387098","0.7847826086956522","0.2952542372881356","0.39593220338983054","0.505"
"2","0.7670588235294117","0.7709411764705882","0.9805882352941176","0.42152941176470593","0.01","0.01","0.01","0.01","0.01","0.01","1.01","0.175","0.13774193548387098","0.7847826086956522","0.2952542372881356","0.39593220338983054","0.505"
"1","0.5574117647058824","0.1963529411764706","0.868","0.4292941176470588","0.01","0.01","0.01","0.01","0.01","0.01","1.01","0.175","0.13774193548387098","0.7847826086956522","0.2952542372881356","0.39593220338983054","0.505"
"4","0.6195294117647059","0.3011764705882353","0.1963529411764706","0.5768235294117646","0.01","0.01","0.01","0.01","1.01","0.01","0.01","0.175","0.13774193548387098","0.7847826086956522","0.2952542372881356","0.39593220338983054","0.505"
"2","0.28952941176470587","0.044941176470588234","0.8330588235294119","0.07211764705882352","0.01","0.01","0.01","0.01","1.01","0.01","0.01","0.175","0.13774193548387098","0.7847826086956522","0.2952542372881356","0.39593220338983054","0.505"
"6","0.20411764705882354","0.19247058823529414","0.7825882352941177","0.3982352941176471","0.01","1.01","0.01","0.01","0.01","0.01","0.01","0.175","0.13774193548387098","0.7847826086956522","0.2952542372881356","0.39593220338983054","0.505"
"1","0.736","0.9844705882352941","0.21964705882352942","0.7243529411764705","1.01","0.01","0.01","0.01","0.01","0.01","0.01","0.175","0.13774193548387098","0.7847826086956522","0.2952542372881356","0.39593220338983054","0.505"
"8","0.9883529411764707","0.04882352941176471","0.464235294117647","0.6467058823529412","0.01","0.01","0.01","0.01","0.01","0.01","1.01","0.175","0.13774193548387098","0.7847826086956522","0.2952542372881356","0.4127118644067797","0.505"
"0","0.9805882352941176","0.6467058823529412","0.6661176470588235","0.9728235294117646","0.01","1.01","0.01","0.01","0.01","0.01","0.01","0.175","0.13774193548387098","0.7847826086956522","0.2952542372881356","0.4127118644067797","0.505"
"2","0.5108235294117647","0.5069411764705882","0.8874117647058823","0.4370588235294118","0.01","0.01","0.01","1.01","0.01","0.01","0.01","0.175","0.13774193548387098","0.7847826086956522","0.2952542372881356","0.4127118644067797","0.505"
"3","0.48364705882352943","0.9107058823529411","0.9922352941176471","0.5302352941176471","0.01","0.01","0.01","0.01","0.01","1.01","0.01","0.175","0.13774193548387098","0.7847826086956522","0.2952542372881356","0.4127118644067797","0.505"
"4","0.5030588235294118","0.06823529411764706","0.13423529411764706","0.5302352941176471","0.01","1.01","0.01","0.01","0.01","0.01","0.01","0.175","0.13774193548387098","0.7847826086956522","0.2952542372881356","0.4127118644067797","0.505"
"9","0.6544705882352941","0.8291764705882353","0.3865882352941176","0.6156470588235294","0.01","0.01","1.01","0.01","0.01","0.01","0.01","0.175","0.13774193548387098","0.7847826086956522","0.2952542372881356","0.4127118644067797","0.505"
"6","0.18858823529411764","0.35552941176470587","0.5690588235294117","0.8175294117647058","1.01","0.01","0.01","0.01","0.01","0.01","0.01","0.175","0.13774193548387098","0.7847826086956522","0.2952542372881356","0.4127118644067797","0.505"
"0","0.4914117647058823","0.9068235294117647","0.860235294117647","0.6816470588235295","0.01","0.01","0.01","0.01","1.01","0.01","0.01","0.175","0.13774193548387098","0.7847826086956522","0.2952542372881356","0.4127118644067797","0.505"
"9","0.1458823529411765","0.3438823529411765","0.18082352941176472","0.9456470588235294","0.01","0.01","0.01","0.01","0.01","0.01","1.01","0.175","0.13774193548387098","0.7847826086956522","0.2952542372881356","0.4127118644067797","0.505"
"2","0.6816470588235295","0.3205882352941177","0.2856470588235294","0.6738823529411764","0.01","0.01","0.01","1.01","0.01","0.01","0.01","0.175","0.13774193548387098","0.7847826086956522","0.2952542372881356","0.4127118644067797","0.505"
"3","0.13811764705882354","0.029411764705882353","0.4681176470588236","0.538","1.01","0.01","0.01","0.01","0.01","0.01","0.01","0.175","0.13774193548387098","0.7847826086956522","0.2952542372881356","0.4294915254237288","0.505"
"0","0.13423529411764706","0.10317647058823529","0.4254117647058824","0.6505882352941177","0.01","0.01","0.01","1.01","0.01","0.01","0.01","0.175","0.13774193548387098","0.7847826086956522","0.2952542372881356","0.4294915254237288","0.505"
"5","0.8990588235294118","0.8796470588235294","0.060470588235294116","0.029411764705882353","0.01","0.01","1.01","0.01","0.01","0.01","0.01","0.175","0.13774193548387098","0.7847826086956522","0.2952542372881356","0.4294915254237288","0.505"
"7","0.3361176470588235","0.22741176470588237","0.16529411764705884","0.17694117647058824","0.01","0.01","0.01","0.01","0.01","0.01","1.01","0.175","0.13774193548387098","0.7847826086956522","0.2952542372881356","0.4294915254237288","0.505"
"5","0.3089411764705882","0.1264705882352941","0.22741176470588237","0.4254117647058824","0.01","0.01","0.01","1.01","0.01","0.01","0.01","0.175","0.13774193548387098","0.7847826086956522","0.2952542372881356","0.4294915254237288","0.505"
"9","0.8757647058823529","0.6661176470588235","0.3322352941176471","0.4254117647058824","0.01","0.01","0.01","1.01","0.01","0.01","0.01","0.175","0.13774193548387098","0.7847826086956522","0.2952542372881356","0.4294915254237288","0.505"
"7","0.6001176470588235","0.8408235294117647","0.8524705882352941","0.3710588235294118","0.01","0.01","0.01","1.01","0.01","0.01","0.01","0.175","0.13774193548387098","0.7847826086956522","0.2952542372881356","0.4294915254237288","0.505"
"0","0.6428235294117647","0.7748235294117647","0.6467058823529412","0.6661176470588235","0.01","0.01","0.01","0.01","0.01","0.01","1.01","0.175","0.13774193548387098","0.7847826086956522","0.2952542372881356","0.4294915254237288","0.505"
"6","0.4331764705882353","0.3244705882352941","1.0","0.2351764705882353","0.01","0.01","1.01","0.01","0.01","0.01","0.01","0.175","0.13774193548387098","0.7847826086956522","0.2952542372881356","0.4294915254237288","0.505"
"4","0.8524705882352941","0.8951764705882354","0.6544705882352941","0.5690588235294117","0.01","0.01","0.01","0.01","1.01","0.01","0.01","0.175","0.13774193548387098","0.7847826086956522","0.2952542372881356","0.4294915254237288","0.505"
"4","0.8252941176470587","0.9572941176470589","0.02164705882352941","0.47200000000000003","0.01","0.01","0.01","0.01","0.01","0.01","1.01","0.175","0.13774193548387098","0.7847826086956522","0.2952542372881356","0.4294915254237288","0.505"
"8","0.4875294117647059","0.6272941176470588","0.8214117647058823","0.7748235294117647","1.01","0.01","0.01","0.01","0.01","0.01","0.01","0.175","0.13774193548387098","0.7847826086956522","0.2952542372881356","0.4294915254237288","0.505"
"1","0.39435294117647063","0.3322352941176471","0.5535294117647059","0.5185882352941176","0.01","0.01","0.01","0.01","0.01","0.01","1.01","0.175","0.13774193548387098","0.7847826086956522","0.2952542372881356","0.446271186440678","0.505"
"0","0.9844705882352941","0.41764705882352937","0.3788235294117647","0.7476470588235294","0.01","0.01","1.01","0.01","0.01","0.01","0.01","0.175","0.13774193548387098","0.7847826086956522","0.2952542372881356","0.446271186440678","0.505"
"6","0.16917647058823532","0.7670588235294117","0.1303529411764706","0.9650588235294117","0.01","0.01","0.01","0.01","1.01","0.01","0.01","0.175","0.13774193548387098","0.7847826086956522","0.2952542372881356","0.446271186440678","0.505"
"5","0.406","0.7631764705882352","0.1963529411764706","0.5535294117647059","0.01","0.01","0.01","1.01","0.01","0.01","0.01","0.175","0.13774193548387098","0.7847826086956522","0.2952542372881356","0.446271186440678","0.505"
"1","0.6661176470588235","0.6078823529411764","0.1963529411764706","0.5807058823529412","0.01","0.01","0.01","0.01","0.01","0.01","1.01","0.175","0.13774193548387098","0.7847826086956522","0.2952542372881356","0.446271186440678","0.505"
"1","0.8835294117647059","0.029411764705882353","0.4254117647058824","0.8097647058823529","1.01","0.01","0.01","0.01","0.01","0.01","0.01","0.175","0.13774193548387098","0.7847826086956522","0.2952542372881356","0.446271186440678","0.505"
"2","0.8097647058823529","0.9961176470588236","0.2934117647058823","0.3594117647058824","0.01","0.01","0.01","0.01","0.01","1.01","0.01","0.175","0.13774193548387098","0.7847826086956522","0.2952542372881356","0.446271186440678","0.505"
"6","0.8252941176470587","0.9650588235294117","0.9145882352941176","0.5807058823529412","1.01","0.01","0.01","0.01","0.01","0.01","0.01","0.175","0.13774193548387098","0.7847826086956522","0.2952542372881356","0.446271186440678","0.505"
"6","0.8291764705882353","0.7981176470588235","0.3749411764705883","0.5185882352941176","0.01","1.01","0.01","0.01","0.01","0.01","0.01","0.175","0.13774193548387098","0.7847826086956522","0.2952542372881356","0.446271186440678","0.505"
"3","0.4525882352941177","0.09929411764705881","0.1847058823529412","0.5147058823529411","1.01","0.01","0.01","0.01","0.01","0.01","0.01","0.175","0.13774193548387098","0.7847826086956522","0.2952542372881356","0.446271186440678","0.505"
"9","0.029411764705882353","0.1148235294117647","0.060470588235294116","0.48364705882352943","0.01","0.01","0.01","0.01","0.01","1.01","0.01","0.175","0.13774193548387098","0.7847826086956522","0.2952542372881356","0.446271186440678","0.505"
"5","0.5807058823529412","0.6350588235294118","0.7903529411764706","0.8058823529411765","0.01","0.01","0.01","1.01","0.01","0.01","0.01","0.175","0.13774193548387098","0.7847826086956522","0.2952542372881356","0.446271186440678","0.505"
"2","0.12258823529411764","0.8485882352941176","0.8136470588235294","0.9922352941176471","0.01","0.01","0.01","0.01","0.01","0.01","1.01","0.175","0.13774193548387098","0.7847826086956522","0.2952542372881356","0.446271186440678","0.505"
"5","0.8757647058823529","0.9107058823529411","0.5651764705882353","0.6389411764705882","0.01","1.01","0.01","0.01","0.01","0.01","0.01","0.175","0.13774193548387098","0.7847826086956522","0.2952542372881356","0.446271186440678","0.505"
"7","0.21576470588235297","0.02164705882352941","0.8291764705882353","0.2856470588235294","0.01","1.01","0.01","0.01","0.01","0.01","0.01","0.175","0.13774193548387098","0.7847826086956522","0.2952542372881356","0.46305084745762715","0.505"
"0","0.2934117647058823","0.16141176470588237","0.4137647058823529","0.5845882352941177","0.01","0.01","0.01","0.01","0.01","0.01","1.01","0.175","0.13774193548387098","0.7847826086956522","0.2952542372881356","0.46305084745762715","0.505"
"4","0.9029411764705882","0.7243529411764705","0.49917647058823533","0.5845882352941177","0.01","1.01","0.01","0.01","0.01","0.01","0.01","0.175","0.13774193548387098","0.7847826086956522","0.2952542372881356","0.46305084745762715","0.505"
"3","0.2856470588235294","0.5302352941176471","0.09929411764705881","0.9961176470588236","0.01","0.01","0.01","1.01","0.01","0.01","0.01","0.175","0.13774193548387098","0.7847826086956522","0.2952542372881356","0.46305084745762715","0.505"
"3","0.3904705882352941","0.25458823529411767","0.8990588235294118","0.041058823529411766","0.01","0.01","0.01","0.01","0.01","1.01","0.01","0.175","0.13774193548387098","0.7847826086956522","0.2952542372881356","0.46305084745762715","0.505"
"4","0.9961176470588236","0.5418823529411765","0.8447058823529412","0.7515294117647059","0.01","0.01","0.01","0.01","0.01","1.01","0.01","0.175","0.13774193548387098","0.7847826086956522","0.2952542372881356","0.46305084745762715","0.505"
"7","0.9922352941176471","0.30505882352941177","0.5962352941176471","1.0","0.01","0.01","0.01","1.01","0.01","0.01","0.01","0.175","0.13774193548387098","0.7847826086956522","0.2952542372881356","0.46305084745762715","0.505"
"5","0.9534117647058823","0.9223529411764705","0.23129411764705884","0.7127058823529412","1.01","0.01","0.01","0.01","0.01","0.01","0.01","0.175","0.13774193548387098","0.7847826086956522","0.2952542372881356","0.46305084745762715","0.505"
"5","0.662235294117647","0.7010588235294117","0.5884705882352942","0.5845882352941177","0.01","0.01","0.01","1.01","0.01","0.01","0.01","0.175","0.13774193548387098","0.7847826086956522","0.2952542372881356","0.46305084745762715","0.505"
"1","0.11870588235294117","0.6001176470588235","0.044941176470588234","0.5962352941176471","0.01","0.01","1.01","0.01","0.01","0.01","0.01","0.175","0.13774193548387098","0.7847826086956522","0.2952542372881356","0.46305084745762715","0.505"
"7","0.20800000000000002","0.941764705882353","0.1303529411764706","0.5574117647058824","0.01","0.01","0.01","0.01","0.01","0.01","1.01","0.175","0.13774193548387098","0.7847826086956522","0.2952542372881356","0.4798305084745763","0.505"
"2","0.860235294117647","0.8136470588235294","0.9728235294117646","0.4409411764705882","0.01","0.01","0.01","0.01","1.01","0.01","0.01","0.175","0.13774193548387098","0.7847826086956522","0.2952542372881356","0.4798305084745763","0.505"
"2","0.3438823529411765","0.26235294117647057","0.6156470588235294","0.1264705882352941","0.01","0.01","1.01","0.01","0.01","0.01","0.01","0.175","0.13774193548387098","0.7847826086956522","0.2952542372881356","0.4798305084745763","0.505"
"6","0.02164705882352941","0.8641176470588235","0.01776470588235294","0.4370588235294118","0.01","0.01","0.01","0.01","1.01","0.01","0.01","0.175","0.13774193548387098","0.7847826086956522","0.2952542372881356","0.4798305084745763","0.505"
"7","0.3788235294117647","0.41764705882352937","0.7321176470588235","0.4021176470588235","0.01","0.01","0.01","0.01","1.01","0.01","0.01","0.175","0.13774193548387098","0.7847826086956522","0.2952542372881356","0.4798305084745763","0.505"
"1","0.30505882352941177","0.044941176470588234","0.3011764705882353","0.5962352941176471","0.01","0.01","0.01","0.01","1.01","0.01","0.01","0.175","0.13774193548387098","0.7847826086956522","0.2952542372881356","0.4798305084745763","0.505"
"2","0.6777647058823529","0.01388235294117647","0.7670588235294117","0.03329411764705882","0.01","0.01","0.01","0.01","0.01","1.01","0.01","0.175","0.13774193548387098","0.7847826086956522","0.2952542372881356","0.4798305084745763","0.505"
"2","0.7088235294117647","0.8252941176470587","0.6932941176470588","0.6544705882352941","0.01","0.01","1.01","0.01","0.01","0.01","0.01","0.175","0.13774193548387098","0.7847826086956522","0.2952542372881356","0.4798305084745763","0.505"
"0","0.060470588235294116","0.17694117647058824","0.19247058823529414","0.17305882352941176","0.01","1.01","0.01","0.01","0.01","0.01","0.01","0.175","0.13774193548387098","0.7847826086956522","0.2952542372881356","0.4798305084745763","0.505"
"3","0.4021176470588235","0.7825882352941177","0.6661176470588235","0.9728235294117646","0.01","0.01","0.01","0.01","1.01","0.01","0.01","0.175","0.13774193548387098","0.7847826086956522","0.2952542372881356","0.4798305084745763","0.505"
"6","0.9029411764705882","0.5690588235294117","0.868","0.044941176470588234","0.01","0.01","0.01","0.01","1.01","0.01","0.01","0.175","0.13774193548387098","0.7847826086956522","0.2952542372881356","0.4798305084745763","0.505"
"5","0.5845882352941177","0.6389411764705882","0.9301176470588236","0.918470588235294","0.01","0.01","0.01","1.01","0.01","0.01","0.01","0.175","0.13774193548387098","0.7847826086956522","0.2952542372881356","0.4798305084745763","0.505"
"5","0.05270588235294118","0.8796470588235294","0.9611764705882353","0.281764705882353","0.01","0.01","1.01","0.01","0.01","0.01","0.01","0.175","0.13774193548387098","0.7847826086956522","0.2952542372881356","0.4798305084745763","0.505"
"4","0.406","0.49529411764705883","0.3516470588235294","0.5729411764705882","0.01","0.01","1.01","0.01","0.01","0.01","0.01","0.175","0.13774193548387098","0.7847826086956522","0.2952542372881356","0.4966101694915255","0.505"
"6","0.7709411764705882","0.9650588235294117","0.5690588235294117","0.6505882352941177","0.01","1.01","0.01","0.01","0.01","0.01","0.01","0.175","0.13774193548387098","0.7847826086956522","0.2952542372881356","0.4966101694915255","0.505"
"2","0.2701176470588236","0.6272941176470588","0.6661176470588235","0.9456470588235294","0.01","0.01","1.01","0.01","0.01","0.01","0.01","0.175","0.13774193548387098","0.7847826086956522","0.2952542372881356","0.4966101694915255","0.505"
"7","0.5224705882352941","0.13423529411764706","0.9572941176470589","0.44482352941176473","1.01","0.01","0.01","0.01","0.01","0.01","0.01","0.175","0.13774193548387098","0.7847826086956522","0.2952542372881356","0.4966101694915255","0.505"
"0","0.9029411764705882","0.3516470588235294","0.8718823529411764","0.12258823529411764","0.01","0.01","0.01","0.01","0.01","1.01","0.01","0.175","0.13774193548387098","0.7847826086956522","0.2952542372881356","0.4966101694915255","0.505"
"8","0.9650588235294117","0.49529411764705883","0.5768235294117646","0.6117647058823529","0.01","0.01","0.01","1.01","0.01","0.01","0.01","0.175","0.13774193548387098","0.7847826086956522","0.2952542372881356","0.4966101694915255","0.505"
"5","0.281764705882353","0.7476470588235294","0.6505882352941177","0.8757647058823529","0.01","0.01","0.01","1.01","0.01","0.01","0.01","0.175","0.13774193548387098","0.7847826086956522","0.2952542372881356","0.4966101694915255","0.505"
"4","0.08376470588235294","0.3788235294117647","0.464235294117647","0.4603529411764706","0.01","0.01","0.01","1.01","0.01","0.01","0.01","0.175","0.13774193548387098","0.7847826086956522","0.2952542372881356","0.4966101694915255","0.505"
"6","0.13811764705882354","0.21576470588235297","0.48364705882352943","0.09929411764705881","0.01","0.01","0.01","0.01","0.01","0.01","1.01","0.175","0.13774193548387098","0.7847826086956522","0.2952542372881356","0.4966101694915255","0.505"
"5","0.7592941176470588","0.3205882352941177","0.3128235294117647","0.464235294117647","0.01","1.01","0.01","0.01","0.01","0.01","0.01","0.175","0.13774193548387098","0.7847826086956522","0.2952542372881356","0.4966101694915255","0.505"
"5","0.5651764705882353","0.7049411764705882","0.5612941176470588","0.7864705882352941","0.01","0.01","0.01","0.01","0.01","0.01","1.01","0.175","0.13774193548387098","0.7847826086956522","0.2952542372881356","0.4966101694915255","0.505"
"1","0.8990588235294118","0.6894117647058824","0.49529411764705883","0.08764705882352941","0.01","0.01","0.01","0.01","0.01","0.01","1.01","0.175","0.13774193548387098","0.7847826086956522","0.2952542372881356","0.4966101694915255","0.505"
"9","0.42152941176470593","0.6389411764705882","0.26623529411764707","0.02164705882352941","0.01","0.01","1.01","0.01","0.01","0.01","0.01","0.175","0.13774193548387098","0.7847826086956522","0.2952542372881356","0.4966101694915255","0.505"
"7","0.7709411764705882","0.1148235294117647","0.662235294117647","0.25458823529411767","1.01","0.01","0.01","0.01","0.01","0.01","0.01","0.175","0.13774193548387098","0.7847826086956522","0.2952542372881356","0.5133898305084745","0.505"
"3","0.9844705882352941","0.07988235294117646","0.19247058823529414","0.7903529411764706","0.01","0.01","0.01","0.01","1.01","0.01","0.01","0.175","0.13774193548387098","0.7847826086956522","0.2952542372881356","0.5133898305084745","0.505"
"1","0.9029411764705882","0.49529411764705883","0.5845882352941177","0.6894117647058824","0.01","0.01","0.01","0.01","0.01","0.01","1.01","0.175","0.13774193548387098","0.7847826086956522","0.2952542372881356","0.5133898305084745","0.505"
"9","0.5224705882352941","0.8369411764705883","0.16529411764705884","0.3710588235294118","0.01","0.01","1.01","0.01","0.01","0.01","0.01","0.175","0.13774193548387098","0.7847826086956522","0.2952542372881356","0.5133898305084745","0.505"
"7","0.18858823529411764","0.041058823529411766","0.5263529411764706","0.7825882352941177","0.01","0.01","0.01","0.01","0.01","1.01","0.01","0.175","0.13774193548387098","0.7847826086956522","0.2952542372881356","0.5133898305084745","0.505"
"3","0.2584705882352941","0.47200000000000003","0.15364705882352944","0.3283529411764706","0.01","0.01","0.01","0.01","0.01","0.01","1.01","0.175","0.13774193548387098","0.7847826086956522","0.2952542372881356","0.5133898305084745","0.505"
"6","0.8835294117647059","0.41764705882352937","0.3865882352941176","0.4487058823529412","0.01","0.01","0.01","0.01","1.01","0.01","0.01","0.175","0.13774193548387098","0.7847826086956522","0.2952542372881356","0.5133898305084745","0.505"
"8","0.6078823529411764","0.860235294117647","0.3904705882352941","0.20411764705882354","0.01","0.01","0.01","0.01","0.01","0.01","1.01","0.175","0.13774193548387098","0.7847826086956522","0.2952542372881356","0.5133898305084745","0.505"
"8","0.6156470588235294","0.8757647058823529","0.4914117647058823","0.7670588235294117","0.01","0.01","0.01","0.01","1.01","0.01","0.01","0.175","0.13774193548387098","0.7847826086956522","0.2952542372881356","0.5133898305084745","0.505"
"3","0.6738823529411764","0.04882352941176471","0.3322352941176471","0.1148235294117647","0.01","0.01","1.01","0.01","0.01","0.01","0.01","0.175","0.13774193548387098","0.7847826086956522","0.2952542372881356","0.5133898305084745","0.505"
"3","0.1148235294117647","0.8912941176470588","0.36717647058823527","1.0","0.01","0.01","0.01","0.01","1.01","0.01","0.01","0.175","0.13774193548387098","0.7847826086956522","0.2952542372881356","0.5133898305084745","0.505"
"1","0.7243529411764705","0.7088235294117647","0.5302352941176471","0.6855294117647059","0.01","1.01","0.01","0.01","0.01","0.01","0.01","0.175","0.13774193548387098","0.7847826086956522","0.2952542372881356","0.5133898305084745","0.505"
"4","0.8912941176470588","0.8563529411764705","0.5729411764705882","0.9262352941176472","0.01","0.01","1.01","0.01","0.01","0.01","0.01","0.175","0.13774193548387098","0.7847826086956522","0.2952542372881356","0.5301694915254238","0.505"
"7","0.09929411764705881","0.9262352941176472","0.9107058823529411","0.13423529411764706","0.01","0.01","0.01","1.01","0.01","0.01","0.01","0.175","0.13774193548387098","0.7847826086956522","0.2952542372881356","0.5301694915254238","0.505"
"0","0.6272941176470588","0.17305882352941176","0.6350588235294118","0.6894117647058824","0.01","0.01","0.01","0.01","1.01","0.01","0.01","0.175","0.13774193548387098","0.7847826086956522","0.2952542372881356","0.5301694915254238","0.505"
"8","0.8252941176470587","0.7554117647058823","0.860235294117647","0.05658823529411765","0.01","0.01","0.01","1.01","0.01","0.01","0.01","0.175","0.13774193548387098","0.7847826086956522","0.2952542372881356","0.5301694915254238","0.505"
"9","0.20411764705882354","0.26235294117647057","0.14976470588235294","0.22741176470588237","0.01","1.01","0.01","0.01","0.01","0.01","0.01","0.175","0.13774193548387098","0.7847826086956522","0.2952542372881356","0.5301694915254238","0.505"
"0","0.7554117647058823","0.5884705882352942","0.8252941176470587","0.7554117647058823","0.01","0.01","1.01","0.01","0.01","0.01","0.01","0.175","0.13774193548387098","0.7847826086956522","0.2952542372881356","0.5301694915254238","0.505"
"8","0.7592941176470588","0.21964705882352942","0.9961176470588236","0.09152941176470587","0.01","0.01","1.01","0.01","0.01","0.01","0.01","0.175","0.13774193548387098","0.7847826086956522","0.2952542372881356","0.5301694915254238","0.505"
"3","0.4875294117647059","0.20023529411764707","0.9456470588235294","0.26235294117647057","0.01","0.01","0.01","0.01","0.01","0.01","1.01","0.175","0.13774193548387098","0.7847826086956522","0.2952542372881356","0.5301694915254238","0.505"
"7","0.30505882352941177","0.3982352941176471","0.3128235294117647","0.5069411764705882","0.01","0.01","0.01","1.01","0.01","0.01","0.01","0.175","0.13774193548387098","0.7847826086956522","0.2952542372881356","0.5301694915254238","0.505"
"5","0.01","0.5224705882352941","0.3710588235294118","0.6932941176470588","0.01","0.01","0.01","0.01","1.01","0.01","0.01","0.175","0.13774193548387098","0.7847826086956522","0.2952542372881356","0.5301694915254238","0.505"
"9","0.3865882352941176","0.3089411764705882","0.33999999999999997","0.934","1.01","0.01","0.01","0.01","0.01","0.01","0.01","0.175","0.13774193548387098","0.7847826086956522","0.2952542372881356","0.5301694915254238","0.505"
"8","0.5457647058823529","0.3361176470588235","0.6311764705882353","0.7204705882352941","0.01","0.01","0.01","0.01","0.01","1.01","0.01","0.175","0.13774193548387098","0.7847826086956522","0.2952542372881356","0.5301694915254238","0.505"
"5","0.02164705882352941","0.09929411764705881","0.7515294117647059","0.7748235294117647","0.01","0.01","0.01","0.01","0.01","0.01","1.01","0.175","0.13774193548387098","0.7847826086956522","0.2952542372881356","0.5469491525423729","0.505"
"0","0.9378823529411765","0.2351764705882353","0.604","0.33999999999999997","0.01","1.01","0.01","0.01","0.01","0.01","0.01","0.175","0.13774193548387098","0.7847826086956522","0.2952542372881356","0.5469491525423729","0.505"
"6","0.5224705882352941","0.8990588235294118","0.9301176470588236","0.6467058823529412","0.01","0.01","0.01","1.01","0.01","0.01","0.01","0.175","0.13774193548387098","0.7847826086956522","0.2952542372881356","0.5469491525423729","0.505"
"0","0.7554117647058823","0.10705882352941176","0.794235294117647","0.5496470588235294","0.01","1.01","0.01","0.01","0.01","0.01","0.01","0.175","0.13774193548387098","0.7847826086956522","0.2952542372881356","0.5469491525423729","0.505"
"1","0.25458823529411767","0.16141176470588237","0.21964705882352942","0.2856470588235294","0.01","1.01","0.01","0.01","0.01","0.01","0.01","0.175","0.13774193548387098","0.7847826086956522","0.2952542372881356","0.5469491525423729","0.505"
"9","0.8641176470588235","0.8136470588235294","0.45647058823529413","0.6156470588235294","0.01","0.01","0.01","0.01","0.01","0.01","1.01","0.175","0.13774193548387098","0.7847826086956522","0.2952542372881356","0.5469491525423729","0.505"
"4","0.9767058823529412","0.31670588235294117","0.8563529411764705","0.8175294117647058","0.01","1.01","0.01","0.01","0.01","0.01","0.01","0.175","0.13774193548387098","0.7847826086956522","0.2952542372881356","0.5469491525423729","0.505"
"5","0.10705882352941176","0.5263529411764706","0.6583529411764706","0.45647058823529413","0.01","0.01","0.01","0.01","1.01","0.01","0.01","0.175","0.13774193548387098","0.7847826086956522","0.2952542372881356","0.5469491525423729","0.505"
"7","0.05270588235294118","0.3128235294117647","0.5574117647058824","0.9883529411764707","0.01","0.01","1.01","0.01","0.01","0.01","0.01","0.175","0.13774193548387098","0.7847826086956522","0.2952542372881356","0.5469491525423729","0.505"
"6","0.7787058823529412","0.27788235294117647","0.7127058823529412","0.26235294117647057","1.01","0.01","0.01","0.01","0.01","0.01","0.01","0.175","0.13774193548387098","0.7847826086956522","0.2952542372881356","0.5469491525423729","0.505"
"2","0.5768235294117646","0.3788235294117647","0.5147058823529411","0.05658823529411765","1.01","0.01","0.01","0.01","0.01","0.01","0.01","0.175","0.13774193548387098","0.7847826086956522","0.2952542372881356","0.5469491525423729","0.505"
"7","0.20800000000000002","0.21576470588235297","0.04882352941176471","0.9572941176470589","0.01","0.01","0.01","1.01","0.01","0.01","0.01","0.175","0.13774193548387098","0.7847826086956522","0.2952542372881356","0.5469491525423729","0.505"
"4","0.464235294117647","0.8951764705882354","0.2235294117647059","0.6078823529411764","0.01","1.01","0.01","0.01","0.01","0.01","0.01","0.175","0.13774193548387098","0.7847826086956522","0.2952542372881356","0.5469491525423729","0.505"
"6","0.6738823529411764","0.36717647058823527","0.0371764705882353","0.1303529411764706","0.01","0.01","1.01","0.01","0.01","0.01","0.01","0.175","0.13774193548387098","0.7847826086956522","0.2952542372881356","0.563728813559322","0.505"
"4","0.5729411764705882","0.5807058823529412","0.3749411764705883","0.860235294117647","1.01","0.01","0.01","0.01","0.01","0.01","0.01","0.175","0.13774193548387098","0.7847826086956522","0.2952542372881356","0.563728813559322","0.505"
"3","0.2235294117647059","0.8097647058823529","0.5069411764705882","0.7748235294117647","0.01","0.01","0.01","0.01","0.01","0.01","1.01","0.175","0.13774193548387098","0.7847826086956522","0.2952542372881356","0.563728813559322","0.505"
"8","0.1847058823529412","0.5147058823529411","0.16917647058823532","0.7321176470588235","0.01","0.01","1.01","0.01","0.01","0.01","0.01","0.175","0.13774193548387098","0.7847826086956522","0.2952542372881356","0.563728813559322","0.505"
"8","0.6855294117647059","0.33999999999999997","0.7981176470588235","0.8641176470588235","0.01","0.01","0.01","0.01","0.01","1.01","0.01","0.175","0.13774193548387098","0.7847826086956522","0.2952542372881356","0.563728813559322","0.505"
"2","0.662235294117647","0.12258823529411764","0.6505882352941177","0.743764705882353","0.01","0.01","1.01","0.01","0.01","0.01","0.01","0.175","0.13774193548387098","0.7847826086956522","0.2952542372881356","0.563728813559322","0.505"
"1","0.2972941176470589","0.8874117647058823","0.7592941176470588","0.09152941176470587","0.01","0.01","0.01","0.01","0.01","0.01","1.01","0.175","0.13774193548387098","0.7847826086956522","0.2952542372881356","0.563728813559322","0.505"
"7","0.4098823529411765","0.22741176470588237","0.5496470588235294","0.7321176470588235","0.01","0.01","0.01","1.01","0.01","0.01","0.01","0.175","0.13774193548387098","0.7847826086956522","0.2952542372881356","0.563728813559322","0.505"
"9","0.8718823529411764","0.41764705882352937","0.20411764705882354","0.16917647058823532","1.01","0.01","0.01","0.01","0.01","0.01","0.01","0.175","0.13774193548387098","0.7847826086956522","0.2952542372881356","0.563728813559322","0.505"
"7","0.6001176470588235","0.01","0.09541176470588235","0.9068235294117647","0.01","0.01","0.01","0.01","0.01","1.01","0.01","0.175","0.13774193548387098","0.7847826086956522","0.2952542372881356","0.563728813559322","0.505"
"1","0.30505882352941177","0.9844705882352941","0.4914117647058823","0.7243529411764705","0.01","0.01","0.01","0.01","0.01","0.01","1.01","0.175","0.13774193548387098","0.7847826086956522","0.2952542372881356","0.563728813559322","0.505"
"9","0.7321176470588235","0.3205882352941177","0.8563529411764705","0.6389411764705882","0.01","0.01","0.01","1.01","0.01","0.01","0.01","0.175","0.13774193548387098","0.7847826086956522","0.2952542372881356","0.5805084745762712","0.505"
"7","0.4681176470588236","0.01","0.24294117647058824","0.9262352941176472","0.01","0.01","1.01","0.01","0.01","0.01","0.01","0.175","0.13774193548387098","0.7847826086956522","0.2952542372881356","0.5805084745762712","0.505"
"6","0.8291764705882353","0.8330588235294119","0.6311764705882353","0.9572941176470589","0.01","0.01","0.01","0.01","1.01","0.01","0.01","0.175","0.13774193548387098","0.7847826086956522","0.2952542372881356","0.5805084745762712","0.505"
"4","0.3283529411764706","0.08764705882352941","0.2351764705882353","0.736","1.01","0.01","0.01","0.01","0.01","0.01","0.01","0.175","0.13774193548387098","0.7847826086956522","0.2952542372881356","0.5805084745762712","0.505"
"3","0.18858823529411764","0.4875294117647059","0.4254117647058824","0.1847058823529412","0.01","0.01","0.01","0.01","0.01","1.01","0.01","0.175","0.13774193548387098","0.7847826086956522","0.2952542372881356","0.5805084745762712","0.505"
"1","0.7981176470588235","0.02164705882352941","0.6661176470588235","0.8252941176470587","1.01","0.01","0.01","0.01","0.01","0.01","0.01","0.175","0.13774193548387098","0.7847826086956522","0.2952542372881356","0.5805084745762712","0.505"
"3","0.2701176470588236","0.662235294117647","0.9572941176470589","0.6311764705882353","0.01","0.01","0.01","0.01","0.01","1.01","0.01","0.175","0.13774193548387098","0.7847826086956522","0.2952542372881356","0.5805084745762712","0.505"
"8","0.6816470588235295","0.5690588235294117","0.7554117647058823","0.7398823529411765","1.01","0.01","0.01","0.01","0.01","0.01","0.01","0.175","0.13774193548387098","0.7847826086956522","0.2952542372881356","0.5805084745762712","0.505"
"7","0.6932941176470588","0.09541176470588235","0.7787058823529412","0.35552941176470587","0.01","0.01","0.01","0.01","1.01","0.01","0.01","0.175","0.13774193548387098","0.7847826086956522","0.2952542372881356","0.5805084745762712","0.505"
"0","0.6117647058823529","0.3128235294117647","0.6428235294117647","0.39435294117647063","0.01","0.01","1.01","0.01","0.01","0.01","0.01","0.175","0.13774193548387098","0.7847826086956522","0.2952542372881356","0.5805084745762712","0.505"
"3","0.8214117647058823","0.8175294117647058","0.860235294117647","0.2972941176470589","0.01","0.01","0.01","0.01","0.01","1.01","0.01","0.175","0.13774193548387098","0.7847826086956522","0.2952542372881356","0.5805084745762712","0.505"
"7","1.0","0.6894117647058824","0.2701176470588236","0.2351764705882353","0.01","0.01","0.01","0.01","1.01","0.01","0.01","0.175","0.13774193548387098","0.7847826086956522","0.2952542372881356","0.5805084745762712","0.505"
"1","0.2235294117647059","0.3594117647058824","0.2972941176470589","0.347764705882353","0.01","0.01","0.01","0.01","0.01","0.01","1.01","0.175","0.13774193548387098","0.7847826086956522","0.2952542372881356","0.5972881355932204","0.505"
"1","0.06435294117647058","0.6583529411764706","0.20800000000000002","0.7243529411764705","1.01","0.01","0.01","0.01","0.01","0.01","0.01","0.175","0.13774193548387098","0.7847826086956522","0.2952542372881356","0.5972881355932204","0.505"
"2","0.8641176470588235","0.18082352941176472","0.662235294117647","0.11870588235294117","0.01","0.01","0.01","0.01","0.01","1.01","0.01","0.175","0.13774193548387098","0.7847826086956522","0.2952542372881356","0.5972881355932204","0.505"
"6","0.3749411764705883","0.3128235294117647","0.3361176470588235","0.5263529411764706","0.01","0.01","0.01","0.01","0.01","1.01","0.01","0.175","0.13774193548387098","0.7847826086956522","0.2952542372881356","0.5972881355932204","0.505"
"7","0.9961176470588236","0.45647058823529413","0.8563529411764705","0.6738823529411764","0.01","1.01","0.01","0.01","0.01","0.01","0.01","0.175","0.13774193548387098","0.7847826086956522","0.2952542372881356","0.5972881355932204","0.505"
"9","0.5845882352941177","0.5302352941176471","0.7476470588235294","0.7825882352941177","1.01","0.01","0.01","0.01","0.01","0.01","0.01","0.175","0.13774193548387098","0.7847826086956522","0.2952542372881356","0.5972881355932204","0.505"
"9","0.3205882352941177","0.5069411764705882","0.21576470588235297","0.7670588235294117","0.01","0.01","1.01","0.01","0.01","0.01","0.01","0.175","0.13774193548387098","0.7847826086956522","0.2952542372881356","0.5972881355932204","0.505"
"3","0.0371764705882353","0.3244705882352941","0.35552941176470587","0.01388235294117647","0.01","0.01","1.01","0.01","0.01","0.01","0.01","0.175","0.13774193548387098","0.7847826086956522","0.2952542372881356","0.5972881355932204","0.505"
"1","0.08376470588235294","0.23129411764705884","0.8175294117647058","0.9223529411764705","0.01","0.01","0.01","0.01","0.01","1.01","0.01","0.175","0.13774193548387098","0.7847826086956522","0.2952542372881356","0.5972881355932204","0.505"
"3","0.6117647058823529","0.8796470588235294","0.01776470588235294","0.3827058823529412","0.01","1.01","0.01","0.01","0.01","0.01","0.01","0.175","0.13774193548387098","0.7847826086956522","0.2952542372881356","0.5972881355932204","0.505"
"4","0.9456470588235294","0.736","0.7049411764705882","0.4409411764705882","0.01","0.01","1.01","0.01","0.01","0.01","0.01","0.175","0.13774193548387098","0.7847826086956522","0.2952542372881356","0.5972881355932204","0.505"
"6","0.860235294117647","0.12258823529411764","0.8369411764705883","0.2235294117647059","0.01","1.01","0.01","0.01","0.01","0.01","0.01","0.175","0.13774193548387098","0.7847826086956522","0.2952542372881356","0.6140677966101695","0.505"
"5","0.01776470588235294","0.5729411764705882","0.6816470588235295","0.20411764705882354","0.01","0.01","0.01","1.01","0.01","0.01","0.01","0.175","0.13774193548387098","0.7847826086956522","0.2952542372881356","0.6140677966101695","0.505"
"0","0.49917647058823533","0.03329411764705882","0.9301176470588236","0.6661176470588235","0.01","0.01","0.01","0.01","0.01","1.01","0.01","0.175","0.13774193548387098","0.7847826086956522","0.2952542372881356","0.6140677966101695","0.505"
"9","0.9107058823529411","0.281764705882353","0.2351764705882353","0.7243529411764705","0.01","0.01","1.01","0.01","0.01","0.01","0.01","0.175","0.13774193548387098","0.7847826086956522","0.2952542372881356","0.6140677966101695","0.505"
"4","0.6777647058823529","0.2856470588235294","0.27788235294117647","0.7165882352941176","0.01","0.01","0.01","0.01","1.01","0.01","0.01","0.175","0.13774193548387098","0.7847826086956522","0.2952542372881356","0.6140677966101695","0.505"
"3","0.31670588235294117","0.01776470588235294","0.11094117647058822","0.4370588235294118","0.01","0.01","1.01","0.01","0.01","0.01","0.01","0.175","0.13774193548387098","0.7847826086956522","0.2952542372881356","0.6140677966101695","0.505"
"1","0.3089411764705882","0.3128235294117647","0.06435294117647058","0.662235294117647","1.01","0.01","0.01","0.01","0.01","0.01","0.01","0.175","0.13774193548387098","0.7847826086956522","0.2952542372881356","0.6140677966101695","0.505"
"3","0.4331764705882353","0.24682352941176472","0.9689411764705882","0.11094117647058822","0.01","1.01","0.01","0.01","0.01","0.01","0.01","0.175","0.13774193548387098","0.7847826086956522","0.2952542372881356","0.6140677966101695","0.505"
"6","1.0","0.8447058823529412","0.5224705882352941","0.9611764705882353","0.01","0.01","0.01","0.01","0.01","0.01","1.01","0.175","0.13774193548387098","0.7847826086956522","0.2952542372881356","0.6140677966101695","0.505"
"9","0.17305882352941176","0.662235294117647","0.3865882352941176","0.13423529411764706","1.01","0.01","0.01","0.01","0.01","0.01","0.01","0.175","0.13774193548387098","0.7847826086956522","0.2952542372881356","0.6140677966101695","0.505"
"5","0.2972941176470589","0.0371764705882353","0.538","0.7554117647058823","1.01","0.01","0.01","0.01","0.01","0.01","0.01","0.175","0.13774193548387098","0.7847826086956522","0.2952542372881356","0.6140677966101695","0.505"
"5","0.9534117647058823","0.39435294117647063","0.5263529411764706","0.5341176470588236","0.01","0.01","0.01","0.01","0.01","0.01","1.01","0.175","0.13774193548387098","0.7847826086956522","0.2952542372881356","0.6140677966101695","0.505"
"0","0.25070588235294117","0.33999999999999997","0.9883529411764707","0.5108235294117647","0.01","0.01","0.01","0.01","1.01","0.01","0.01","0.175","0.13774193548387098","0.7847826086956522","0.2952542372881356","0.6308474576271187","0.505"
"7","0.9262352941176472","0.23129411764705884","0.1458823529411765","0.01388235294117647","0.01","0.01","1.01","0.01","0.01","0.01","0.01","0.175","0.13774193548387098","0.7847826086956522","0.2952542372881356","0.6308474576271187","0.505"
"6","0.8524705882352941","0.9262352941176472","0.8408235294117647","0.8291764705882353","0.01","0.01","0.01","1.01","0.01","0.01","0.01","0.175","0.13774193548387098","0.7847826086956522","0.2952542372881356","0.6308474576271187","0.505"
"8","0.3827058823529412","0.3361176470588235","0.11870588235294117","0.8718823529411764","0.01","1.01","0.01","0.01","0.01","0.01","0.01","0.175","0.13774193548387098","0.7847826086956522","0.2952542372881356","0.6308474576271187","0.505"
"3","0.08764705882352941","0.9301176470588236","0.5807058823529412","0.7243529411764705","0.01","1.01","0.01","0.01","0.01","0.01","0.01","0.175","0.13774193548387098","0.7847826086956522","0.2952542372881356","0.6308474576271187","0.505"
"1","0.03329411764705882","0.24294117647058824","0.8874117647058823","0.9844705882352941","0.01","0.01","1.01","0.01","0.01","0.01","0.01","0.175","0.13774193548387098","0.7847826086956522","0.2952542372881356","0.6308474576271187","0.505"
"5","0.2934117647058823","0.6544705882352941","0.860235294117647","0.9495294117647058","0.01","0.01","0.01","0.01","0.01","1.01","0.01","0.175","0.13774193548387098","0.7847826086956522","0.2952542372881356","0.6308474576271187","0.505"
"6","0.274","0.5108235294117647","0.8136470588235294","0.2390588235294118","0.01","0.01","0.01","0.01","0.01","0.01","1.01","0.175","0.13774193548387098","0.7847826086956522","0.2952542372881356","0.6308474576271187","0.505"
"7","0.2856470588235294","0.7670588235294117","0.4525882352941177","0.4370588235294118","0.01","0.01","0.01","0.01","1.01","0.01","0.01","0.175","0.13774193548387098","0.7847826086956522","0.2952542372881356","0.6308474576271187","0.505"
"9","0.7554117647058823","0.5768235294117646","0.9805882352941176","0.1963529411764706","0.01","0.01","0.01","0.01","0.01","1.01","0.01","0.175","0.13774193548387098","0.7847826086956522","0.2952542372881356","0.6308474576271187","0.505"
"2","0.2701176470588236","0.8485882352941176","0.14976470588235294","0.4254117647058824","0.01","0.01","1.01","0.01","0.01","0.01","0.01","0.175","0.13774193548387098","0.7847826086956522","0.2952542372881356","0.6308474576271187","0.505"
"2","0.14976470588235294","0.24682352941176472","0.3710588235294118","0.6428235294117647","0.01","0.01","1.01","0.01","0.01","0.01","0.01","0.175","0.13774193548387098","0.7847826086956522","0.2952542372881356","0.6476271186440677","0.505"
"6","0.26623529411764707","0.8835294117647059","0.10317647058823529","0.9767058823529412","0.01","0.01","1.01","0.01","0.01","0.01","0.01","0.175","0.13774193548387098","0.7847826086956522","0.2952542372881356","0.6476271186440677","0.505"
"7","0.01388235294117647","0.7903529411764706","0.9223529411764705","0.9922352941176471","0.01","0.01","0.01","1.01","0.01","0.01","0.01","0.175","0.13774193548387098","0.7847826086956522","0.2952542372881356","0.6476271186440677","0.505"
"7","0.6544705882352941","0.8408235294117647","1.0","0.060470588235294116","0.01","0.01","0.01","1.01","0.01","0.01","0.01","0.175","0.13774193548387098","0.7847826086956522","0.2952542372881356","0.6476271186440677","0.505"
"3","0.7981176470588235","0.8252941176470587","0.7321176470588235","0.7825882352941177","0.01","0.01","1.01","0.01","0.01","0.01","0.01","0.175","0.13774193548387098","0.7847826086956522","0.2952542372881356","0.6476271186440677","0.505"
"6","0.9922352941176471","0.3865882352941176","0.4914117647058823","0.4331764705882353","0.01","0.01","0.01","0.01","0.01","1.01","0.01","0.175","0.13774193548387098","0.7847826086956522","0.2952542372881356","0.6476271186440677","0.505"
"4","0.4758823529411765","0.10317647058823529","0.4758823529411765","0.8252941176470587","0.01","1.01","0.01","0.01","0.01","0.01","0.01","0.175","0.13774193548387098","0.7847826086956522","0.2952542372881356","0.6476271186440677","0.505"
"5","0.16529411764705884","0.6855294117647059","0.538","0.7398823529411765","0.01","0.01","0.01","1.01","0.01","0.01","0.01","0.175","0.13774193548387098","0.7847826086956522","0.2952542372881356","0.6476271186440677","0.505"
"3","0.8136470588235294","0.16529411764705884","0.7049411764705882","0.27788235294117647","1.01","0.01","0.01","0.01","0.01","0.01","0.01","0.175","0.13774193548387098","0.7847826086956522","0.2952542372881356","0.6476271186440677","0.505"
"7","0.05658823529411765","0.9029411764705882","0.1963529411764706","0.14200000000000002","0.01","0.01","1.01","0.01","0.01","0.01","0.01","0.175","0.13774193548387098","0.7847826086956522","0.2952542372881356","0.664406779661017","0.505"
"2","0.7903529411764706","0.03329411764705882","0.7554117647058823","0.04882352941176471","0.01","1.01","0.01","0.01","0.01","0.01","0.01","0.175","0.13774193548387098","0.7847826086956522","0.2952542372881356","0.664406779661017","0.505"
"3","0.743764705882353","0.6350588235294118","0.7709411764705882","0.26623529411764707","0.01","0.01","0.01","0.01","1.01","0.01","0.01","0.175","0.13774193548387098","0.7847826086956522","0.2952542372881356","0.664406779661017","0.505"
"1","0.42152941176470593","0.8136470588235294","0.47200000000000003","0.3361176470588235","0.01","0.01","0.01","1.01","0.01","0.01","0.01","0.175","0.13774193548387098","0.7847826086956522","0.2952542372881356","0.664406779661017","0.505"
"6","0.4021176470588235","0.6661176470588235","0.5069411764705882","0.20411764705882354","0.01","0.01","0.01","0.01","1.01","0.01","0.01","0.175","0.13774193548387098","0.7847826086956522","0.2952542372881356","0.664406779661017","0.505"
"7","0.03329411764705882","0.12258823529411764","0.44482352941176473","0.9728235294117646","1.01","0.01","0.01","0.01","0.01","0.01","0.01","0.175","0.13774193548387098","0.7847826086956522","0.2952542372881356","0.664406779661017","0.505"
"2","0.9650588235294117","0.3205882352941177","0.5263529411764706","0.3089411764705882","0.01","0.01","0.01","1.01","0.01","0.01","0.01","0.175","0.13774193548387098","0.7847826086956522","0.2952542372881356","0.664406779661017","0.505"
"7","0.347764705882353","0.7476470588235294","0.03329411764705882","0.6971764705882353","0.01","0.01","0.01","0.01","1.01","0.01","0.01","0.175","0.13774193548387098","0.7847826086956522","0.2952542372881356","0.664406779661017","0.505"
"2","0.8485882352941176","0.060470588235294116","0.6078823529411764","0.8990588235294118","0.01","0.01","0.01","0.01","0.01","0.01","1.01","0.175","0.13774193548387098","0.7847826086956522","0.2952542372881356","0.664406779661017","0.505"
"5","0.1963529411764706","0.4525882352941177","0.5651764705882353","0.6894117647058824","0.01","0.01","0.01","1.01","0.01","0.01","0.01","0.175","0.13774193548387098","0.7847826086956522","0.2952542372881356","0.664406779661017","0.505"
"7","0.8058823529411765","0.5923529411764706","0.26235294117647057","0.6311764705882353","1.01","0.01","0.01","0.01","0.01","0.01","0.01","0.175","0.13774193548387098","0.7847826086956522","0.2952542372881356","0.664406779661017","0.505"
"4","0.8175294117647058","0.8912941176470588","0.7709411764705882","0.27788235294117647","1.01","0.01","0.01","0.01","0.01","0.01","0.01","0.175","0.13774193548387098","0.7847826086956522","0.2952542372881356","0.664406779661017","0.505"
"4","0.8485882352941176","0.9495294117647058","0.4292941176470588","0.03329411764705882","0.01","1.01","0.01","0.01","0.01","0.01","0.01","0.175","0.13774193548387098","0.7847826086956522","0.2952542372881356","0.6811864406779661","0.505"
"5","0.5418823529411765","0.406","0.8641176470588235","0.07988235294117646","0.01","0.01","0.01","1.01","0.01","0.01","0.01","0.175","0.13774193548387098","0.7847826086956522","0.2952542372881356","0.6811864406779661","0.505"
"5","0.09152941176470587","0.604","0.15364705882352944","0.802","0.01","0.01","0.01","0.01","1.01","0.01","0.01","0.175","0.13774193548387098","0.7847826086956522","0.2952542372881356","0.6811864406779661","0.505"
"3","0.9728235294117646","0.5612941176470588","0.538","0.36717647058823527","0.01","0.01","0.01","0.01","1.01","0.01","0.01","0.175","0.13774193548387098","0.7847826086956522","0.2952542372881356","0.6811864406779661","0.505"
"6","0.4525882352941177","0.3322352941176471","0.39435294117647063","0.044941176470588234","1.01","0.01","0.01","0.01","0.01","0.01","0.01","0.175","0.13774193548387098","0.7847826086956522","0.2952542372881356","0.6811864406779661","0.505"
"5","0.16917647058823532","0.4370588235294118","0.4409411764705882","0.07988235294117646","0.01","1.01","0.01","0.01","0.01","0.01","0.01","0.175","0.13774193548387098","0.7847826086956522","0.2952542372881356","0.6811864406779661","0.505"
"0","0.7748235294117647","0.19247058823529414","0.5729411764705882","0.21964705882352942","1.01","0.01","0.01","0.01","0.01","0.01","0.01","0.175","0.13774193548387098","0.7847826086956522","0.2952542372881356","0.6811864406779661","0.505"
"4","0.33999999999999997","0.9107058823529411","0.7515294117647059","0.9844705882352941","1.01","0.01","0.01","0.01","0.01","0.01","0.01","0.175","0.13774193548387098","0.7847826086956522","0.2952542372881356","0.6811864406779661","0.505"
"8","0.6505882352941177","0.18082352941176472","0.3788235294117647","0.802","1.01","0.01","0.01","0.01","0.01","0.01","0.01","0.175","0.13774193548387098","0.7847826086956522","0.2952542372881356","0.6979661016949152","0.505"
"5","0.8912941176470588","0.5768235294117646","0.01776470588235294","0.48364705882352943","0.01","0.01","0.01","0.01","0.01","0.01","1.01","0.175","0.13774193548387098","0.7847826086956522","0.2952542372881356","0.6979661016949152","0.505"
"4","0.11870588235294117","0.13811764705882354","0.42152941176470593","0.3865882352941176","0.01","0.01","0.01","0.01","1.01","0.01","0.01","0.175","0.13774193548387098","0.7847826086956522","0.2952542372881356","0.6979661016949152","0.505"
"0","0.9728235294117646","0.2972941176470589","0.9883529411764707","0.6078823529411764","0.01","0.01","0.01","0.01","1.01","0.01","0.01","0.175","0.13774193548387098","0.7847826086956522","0.2952542372881356","0.6979661016949152","0.505"
"1","0.6078823529411764","0.04882352941176471","0.6350588235294118","0.3865882352941176","0.01","0.01","0.01","0.01","0.01","1.01","0.01","0.175","0.13774193548387098","0.7847826086956522","0.2952542372881356","0.6979661016949152","0.505"
"1","0.4098823529411765","0.3244705882352941","0.5341176470588236","0.6894117647058824","1.01","0.01","0.01","0.01","0.01","0.01","0.01","0.175","0.13774193548387098","0.7847826086956522","0.2952542372881356","0.6979661016949152","0.505"
"9","0.5535294117647059","0.5845882352941177","0.3128235294117647","0.11870588235294117","0.01","0.01","0.01","0.01","1.01","0.01","0.01","0.175","0.13774193548387098","0.7847826086956522","0.2952542372881356","0.6979661016949152","0.505"
"2","0.029411764705882353","0.9145882352941176","0.3089411764705882","0.9611764705882353","0.01","0.01","0.01","0.01","0.01","0.01","1.01","0.175","0.13774193548387098","0.7847826086956522","0.2952542372881356","0.6979661016949152","0.505"
"0","0.47200000000000003","0.23129411764705884","0.1303529411764706","0.8524705882352941","0.01","0.01","0.01","1.01","0.01","0.01","0.01","0.175","0.13774193548387098","0.7847826086956522","0.2952542372881356","0.6979661016949152","0.505"
"5","0.5923529411764706","0.025529411764705884","0.07988235294117646","0.8214117647058823","1.01","0.01","0.01","0.01","0.01","0.01","0.01","0.175","0.13774193548387098","0.7847826086956522","0.2952542372881356","0.6979661016949152","0.505"
"9","0.4254117647058824","0.39435294117647063","0.5923529411764706","0.6234117647058823","0.01","0.01","0.01","0.01","0.01","1.01","0.01","0.175","0.13774193548387098","0.7847826086956522","0.2952542372881356","0.7147457627118644","0.505"
"1","0.743764705882353","0.03329411764705882","0.3594117647058824","0.01","0.01","0.01","0.01","1.01","0.01","0.01","0.01","0.175","0.13774193548387098","0.7847826086956522","0.2952542372881356","0.7147457627118644","0.505"
"0","0.6661176470588235","0.736","0.13811764705882354","0.5147058823529411","0.01","0.01","0.01","0.01","0.01","1.01","0.01","0.175","0.13774193548387098","0.7847826086956522","0.2952542372881356","0.7147457627118644","0.505"
"2","0.8835294117647059","0.9456470588235294","0.7670588235294117","0.6583529411764706","0.01","1.01","0.01","0.01","0.01","0.01","0.01","0.175","0.13774193548387098","0.7847826086956522","0.2952542372881356","0.7147457627118644","0.505"
"6","0.9029411764705882","0.4254117647058824","0.6816470588235295","0.5845882352941177","0.01","0.01","0.01","0.01","0.01","0.01","1.01","0.175","0.13774193548387098","0.7847826086956522","0.2952542372881356","0.7147457627118644","0.505"
"2","0.3011764705882353","0.6894117647058824","0.9805882352941176","0.7049411764705882","0.01","0.01","1.01","0.01","0.01","0.01","0.01","0.175","0.13774193548387098","0.7847826086956522","0.2952542372881356","0.7147457627118644","0.505"
"8","0.4914117647058823","0.4409411764705882","0.9068235294117647","0.4409411764705882","0.01","0.01","0.01","1.01","0.01","0.01","0.01","0.175","0.13774193548387098","0.7847826086956522","0.2952542372881356","0.7315254237288135","0.505"
"3","0.9650588235294117","0.16917647058823532","0.5612941176470588","0.9495294117647058","0.01","0.01","0.01","1.01","0.01","0.01","0.01","0.175","0.13774193548387098","0.7847826086956522","0.2952542372881356","0.7315254237288135","0.505"
"9","0.8563529411764705","0.9068235294117647","0.21188235294117647","0.3865882352941176","1.01","0.01","0.01","0.01","0.01","0.01","0.01","0.175","0.13774193548387098","0.7847826086956522","0.2952542372881356","0.7315254237288135","0.505"
"0","0.19247058823529414","0.3011764705882353","0.8291764705882353","0.08764705882352941","0.01","0.01","0.01","1.01","0.01","0.01","0.01","0.175","0.13774193548387098","0.7847826086956522","0.2952542372881356","0.7315254237288135","0.505"
"5","0.23129411764705884","0.22741176470588237","0.09152941176470587","0.2972941176470589","0.01","0.01","0.01","1.01","0.01","0.01","0.01","0.175","0.13774193548387098","0.7847826086956522","0.2952542372881356","0.7315254237288135","0.505"
"6","0.48364705882352943","0.1575294117647059","0.8136470588235294","0.5923529411764706","0.01","1.01","0.01","0.01","0.01","0.01","0.01","0.175","0.13774193548387098","0.7847826086956522","0.2952542372881356","0.7315254237288135","0.505"
"1","0.044941176470588234","0.934","0.5341176470588236","0.918470588235294","0.01","0.01","1.01","0.01","0.01","0.01","0.01","0.175","0.13774193548387098","0.7847826086956522","0.2952542372881356","0.7483050847457627","0.505"
"2","0.3205882352941177","0.8951764705882354","0.15364705882352944","0.7670588235294117","0.01","0.01","0.01","1.01","0.01","0.01","0.01","0.175","0.13774193548387098","0.7847826086956522","0.2952542372881356","0.7483050847457627","0.505"
"2","0.6544705882352941","0.794235294117647","0.18082352941176472","0.8485882352941176","0.01","0.01","0.01","0.01","0.01","0.01","1.01","0.175","0.13774193548387098","0.7847826086956522","0.2952542372881356","0.7483050847457627","0.505"
"3","0.5224705882352941","0.5884705882352942","1.0","0.6467058823529412","1.01","0.01","0.01","0.01","0.01","0.01","0.01","0.175","0.13774193548387098","0.7847826086956522","0.2952542372881356","0.7483050847457627","0.505"
"6","0.6505882352941177","0.7864705882352941","0.21188235294117647","0.17305882352941176","0.01","0.01","0.01","1.01","0.01","0.01","0.01","0.175","0.13774193548387098","0.7847826086956522","0.2952542372881356","0.7483050847457627","0.505"
"2","0.9572941176470589","0.9689411764705882","0.01776470588235294","0.4603529411764706","0.01","1.01","0.01","0.01","0.01","0.01","0.01","0.175","0.13774193548387098","0.7847826086956522","0.2952542372881356","0.7483050847457627","0.505"
"1","0.044941176470588234","0.025529411764705884","0.4681176470588236","0.8252941176470587","0.01","0.01","0.01","0.01","1.01","0.01","0.01","0.175","0.13774193548387098","0.7847826086956522","0.2952542372881356","0.7483050847457627","0.505"
"7","0.6932941176470588","0.20800000000000002","0.3982352941176471","0.1847058823529412","0.01","0.01","0.01","1.01","0.01","0.01","0.01","0.175","0.13774193548387098","0.7847826086956522","0.2952542372881356","0.7650847457627118","0.505"
"9","0.6389411764705882","0.9495294117647058","0.7825882352941177","0.2351764705882353","0.01","1.01","0.01","0.01","0.01","0.01","0.01","0.175","0.13774193548387098","0.7847826086956522","0.2952542372881356","0.7650847457627118","0.505"
"2","0.06823529411764706","0.9534117647058823","0.3516470588235294","0.060470588235294116","0.01","0.01","1.01","0.01","0.01","0.01","0.01","0.175","0.13774193548387098","0.7847826086956522","0.2952542372881356","0.7650847457627118","0.505"
"0","0.794235294117647","0.2972941176470589","0.11094117647058822","0.5612941176470588","0.01","0.01","1.01","0.01","0.01","0.01","0.01","0.175","0.13774193548387098","0.7847826086956522","0.2952542372881356","0.7650847457627118","0.505"
"8","0.3516470588235294","0.1847058823529412","0.868","0.7670588235294117","0.01","0.01","1.01","0.01","0.01","0.01","0.01","0.175","0.13774193548387098","0.7847826086956522","0.2952542372881356","0.7650847457627118","0.505"
"0","0.4875294117647059","0.9456470588235294","0.49529411764705883","0.4797647058823529","0.01","0.01","0.01","1.01","0.01","0.01","0.01","0.175","0.13774193548387098","0.7847826086956522","0.2952542372881356","0.7650847457627118","0.505"
"3","0.6855294117647059","0.03329411764705882","0.24682352941176472","0.25458823529411767","0.01","0.01","0.01","0.01","0.01","1.01","0.01","0.175","0.13774193548387098","0.7847826086956522","0.2952542372881356","0.7650847457627118","0.505"
"8","0.06823529411764706","0.10317647058823529","0.4603529411764706","0.21576470588235297","0.01","1.01","0.01","0.01","0.01","0.01","0.01","0.175","0.13774193548387098","0.7847826086956522","0.2952542372881356","0.7818644067796611","0.505"
"1","0.23129411764705884","0.16141176470588237","0.05658823529411765","0.49917647058823533","0.01","0.01","0.01","0.01","0.01","1.01","0.01","0.175","0.13774193548387098","0.7847826086956522","0.2952542372881356","0.7818644067796611","0.505"
"8","0.5923529411764706","0.2351764705882353","0.5147058823529411","0.0371764705882353","0.01","0.01","0.01","1.01","0.01","0.01","0.01","0.175","0.13774193548387098","0.7847826086956522","0.2952542372881356","0.7818644067796611","0.505"
"1","0.7010588235294117","0.5030588235294118","0.8485882352941176","0.01","0.01","0.01","0.01","0.01","0.01","0.01","1.01","0.175","0.13774193548387098","0.7847826086956522","0.2952542372881356","0.7818644067796611","0.505"
"3","0.4875294117647059","0.3089411764705882","0.8214117647058823","0.868","0.01","1.01","0.01","0.01","0.01","0.01","0.01","0.175","0.13774193548387098","0.7847826086956522","0.2952542372881356","0.7818644067796611","0.505"
"9","0.17694117647058824","0.0371764705882353","0.029411764705882353","0.4758823529411765","0.01","0.01","0.01","1.01","0.01","0.01","0.01","0.175","0.13774193548387098","0.7847826086956522","0.2952542372881356","0.7818644067796611","0.505"
"0","0.7864705882352941","0.06435294117647058","0.5030588235294118","0.6894117647058824","0.01","0.01","0.01","1.01","0.01","0.01","0.01","0.175","0.13774193548387098","0.7847826086956522","0.2952542372881356","0.7986440677966101","0.505"
"0","0.6855294117647059","0.5651764705882353","0.22741176470588237","0.6467058823529412","0.01","0.01","1.01","0.01","0.01","0.01","0.01","0.175","0.13774193548387098","0.7847826086956522","0.2952542372881356","0.7986440677966101","0.505"
"7","0.09152941176470587","0.029411764705882353","0.9145882352941176","0.39435294117647063","0.01","0.01","0.01","0.01","1.01","0.01","0.01","0.175","0.13774193548387098","0.7847826086956522","0.2952542372881356","0.7986440677966101","0.505"
"1","0.47200000000000003","0.9611764705882353","0.5185882352941176","0.6894117647058824","0.01","0.01","0.01","1.01","0.01","0.01","0.01","0.175","0.13774193548387098","0.7847826086956522","0.2952542372881356","0.7986440677966101","0.505"
"5","0.04882352941176471","0.3594117647058824","0.6777647058823529","0.7825882352941177","0.01","1.01","0.01","0.01","0.01","0.01","0.01","0.175","0.13774193548387098","0.7847826086956522","0.2952542372881356","0.8154237288135594","0.505"
"7","0.5884705882352942","0.21576470588235297","0.11094117647058822","0.33999999999999997","1.01","0.01","0.01","0.01","0.01","0.01","0.01","0.175","0.13774193548387098","0.7847826086956522","0.2952542372881356","0.8154237288135594","0.505"
"4","0.464235294117647","0.27788235294117647","0.8485882352941176","0.4021176470588235","0.01","0.01","0.01","0.01","1.01","0.01","0.01","0.175","0.13774193548387098","0.7847826086956522","0.2952542372881356","0.8154237288135594","0.505"
"9","0.3594117647058824","0.5923529411764706","0.5418823529411765","0.6001176470588235","0.01","0.01","0.01","0.01","0.01","0.01","1.01","0.175","0.13774193548387098","0.7847826086956522","0.2952542372881356","0.8154237288135594","0.505"
"1","0.5108235294117647","0.4603529411764706","0.3788235294117647","0.20800000000000002","0.01","0.01","0.01","0.01","0.01","1.01","0.01","0.175","0.13774193548387098","0.7847826086956522","0.2952542372881356","0.8322033898305085","0.505"
"1","0.3710588235294118","0.18082352941176472","0.5263529411764706","0.36717647058823527","0.01","0.01","0.01","0.01","1.01","0.01","0.01","0.175","0.13774193548387098","0.7847826086956522","0.2952542372881356","0.8322033898305085","0.505"
"1","0.9534117647058823","0.5807058823529412","0.347764705882353","0.01388235294117647","0.01","0.01","1.01","0.01","0.01","0.01","0.01","0.175","0.13774193548387098","0.7847826086956522","0.2952542372881356","0.8322033898305085","0.505"
"9","0.6311764705882353","0.16141176470588237","0.406","0.8408235294117647","0.01","0.01","0.01","0.01","0.01","0.01","1.01","0.175","0.13774193548387098","0.7847826086956522","0.2952542372881356","0.8322033898305085","0.505"
"0","0.6816470588235295","0.9534117647058823","0.4409411764705882","0.281764705882353","0.01","0.01","0.01","0.01","0.01","0.01","1.01","0.175","0.13774193548387098","0.7847826086956522","0.2952542372881356","0.8322033898305085","0.505"
"9","0.934","0.24294117647058824","0.48364705882352943","0.5496470588235294","0.01","0.01","0.01","0.01","1.01","0.01","0.01","0.175","0.13774193548387098","0.7847826086956522","0.2952542372881356","0.8322033898305085","0.505"
"2","0.029411764705882353","0.3710588235294118","0.3632941176470588","0.21576470588235297","0.01","0.01","0.01","0.01","0.01","1.01","0.01","0.175","0.13774193548387098","0.7847826086956522","0.2952542372881356","0.8322033898305085","0.505"
"3","0.08376470588235294","0.5768235294117646","0.4914117647058823","0.23129411764705884","0.01","1.01","0.01","0.01","0.01","0.01","0.01","0.175","0.13774193548387098","0.7847826086956522","0.2952542372881356","0.8322033898305085","0.505"
"7","0.7903529411764706","0.7165882352941176","0.6350588235294118","0.3788235294117647","0.01","0.01","0.01","1.01","0.01","0.01","0.01","0.175","0.13774193548387098","0.7847826086956522","0.2952542372881356","0.8489830508474576","0.505"
"0","0.8291764705882353","0.18082352941176472","0.16917647058823532","0.2934117647058823","1.01","0.01","0.01","0.01","0.01","0.01","0.01","0.175","0.13774193548387098","0.7847826086956522","0.2952542372881356","0.8489830508474576","0.505"
"8","0.604","0.2856470588235294","0.8175294117647058","0.060470588235294116","0.01","0.01","0.01","0.01","1.01","0.01","0.01","0.175","0.13774193548387098","0.7847826086956522","0.2952542372881356","0.8489830508474576","0.505"
"7","0.9883529411764707","0.7670588235294117","0.8175294117647058","0.5612941176470588","0.01","0.01","0.01","1.01","0.01","0.01","0.01","0.175","0.13774193548387098","0.7847826086956522","0.2952542372881356","0.8489830508474576","0.505"
"2","0.8757647058823529","0.044941176470588234","0.24682352941176472","0.27788235294117647","1.01","0.01","0.01","0.01","0.01","0.01","0.01","0.175","0.13774193548387098","0.7847826086956522","0.2952542372881356","0.8489830508474576","0.505"
"5","0.9844705882352941","0.5729411764705882","0.33999999999999997","0.3982352941176471","0.01","0.01","0.01","0.01","0.01","0.01","1.01","0.175","0.13774193548387098","0.7847826086956522","0.2952542372881356","0.8489830508474576","0.505"
"5","0.1847058823529412","0.7787058823529412","0.5845882352941177","0.8757647058823529","0.01","0.01","0.01","0.01","1.01","0.01","0.01","0.175","0.13774193548387098","0.7847826086956522","0.2952542372881356","0.8657627118644068","0.505"
"1","0.06435294117647058","0.7321176470588235","0.5418823529411765","0.6195294117647059","0.01","0.01","0.01","0.01","0.01","1.01","0.01","0.175","0.13774193548387098","0.7847826086956522","0.2952542372881356","0.8657627118644068","0.505"
"4","0.11094117647058822","0.8757647058823529","0.10317647058823529","0.01776470588235294","0.01","0.01","0.01","0.01","1.01","0.01","0.01","0.175","0.13774193548387098","0.7847826086956522","0.2952542372881356","0.8657627118644068","0.505"
"8","0.6971764705882353","0.9262352941176472","0.08764705882352941","0.21576470588235297","0.01","1.01","0.01","0.01","0.01","0.01","0.01","0.175","0.13774193548387098","0.7847826086956522","0.2952542372881356","0.8657627118644068","0.505"
"2","0.8641176470588235","0.39435294117647063","0.9029411764705882","0.1458823529411765","0.01","0.01","0.01","0.01","0.01","1.01","0.01","0.175","0.13774193548387098","0.7847826086956522","0.2952542372881356","0.8657627118644068","0.505"
"3","0.41764705882352937","0.22741176470588237","0.21576470588235297","0.5185882352941176","0.01","0.01","1.01","0.01","0.01","0.01","0.01","0.175","0.13774193548387098","0.7847826086956522","0.2952542372881356","0.8657627118644068","0.505"
"1","0.42152941176470593","0.9767058823529412","0.7903529411764706","0.6544705882352941","0.01","0.01","0.01","0.01","0.01","1.01","0.01","0.175","0.13774193548387098","0.7847826086956522","0.2952542372881356","0.8657627118644068","0.505"
"2","0.1303529411764706","0.8796470588235294","0.30505882352941177","0.8408235294117647","0.01","0.01","1.01","0.01","0.01","0.01","0.01","0.175","0.13774193548387098","0.7847826086956522","0.2952542372881356","0.8657627118644068","0.505"
"0","0.7748235294117647","0.4021176470588235","0.8485882352941176","0.1148235294117647","0.01","1.01","0.01","0.01","0.01","0.01","0.01","0.175","0.13774193548387098","0.7847826086956522","0.2952542372881356","0.882542372881356","0.505"
"1","0.9534117647058823","0.5496470588235294","0.6738823529411764","0.7282352941176471","0.01","0.01","0.01","0.01","0.01","1.01","0.01","0.175","0.13774193548387098","0.7847826086956522","0.2952542372881356","0.882542372881356","0.505"
"4","0.6272941176470588","0.5923529411764706","0.41764705882352937","0.5496470588235294","1.01","0.01","0.01","0.01","0.01","0.01","0.01","0.175","0.13774193548387098","0.7847826086956522","0.2952542372881356","0.882542372881356","0.505"
"2","0.941764705882353","0.7476470588235294","0.7127058823529412","0.36717647058823527","0.01","0.01","0.01","1.01","0.01","0.01","0.01","0.175","0.13774193548387098","0.7847826086956522","0.2952542372881356","0.882542372881356","0.505"
"6","0.7903529411764706","0.794235294117647","0.1963529411764706","0.8136470588235294","0.01","0.01","1.01","0.01","0.01","0.01","0.01","0.175","0.13774193548387098","0.7847826086956522","0.2952542372881356","0.882542372881356","0.505"
"2","0.2390588235294118","0.538","0.8912941176470588","0.0371764705882353","0.01","0.01","0.01","1.01","0.01","0.01","0.01","0.175","0.13774193548387098","0.7847826086956522","0.2952542372881356","0.882542372881356","0.505"
"6","0.604","0.5535294117647059","0.05658823529411765","0.48364705882352943","0.01","0.01","0.01","1.01","0.01","0.01","0.01","0.175","0.13774193548387098","0.7847826086956522","0.2952542372881356","0.882542372881356","0.505"
"7","0.8641176470588235","0.01388235294117647","0.14200000000000002","0.01","0.01","1.01","0.01","0.01","0.01","0.01","0.01","0.175","0.13774193548387098","0.7847826086956522","0.2952542372881356","0.882542372881356","0.505"
"2","0.7049411764705882","0.27788235294117647","0.3322352941176471","0.42152941176470593","0.01","0.01","1.01","0.01","0.01","0.01","0.01","0.175","0.13774193548387098","0.7847826086956522","0.2952542372881356","0.8993220338983051","0.505"
"1","0.8641176470588235","0.4681176470588236","0.9805882352941176","0.31670588235294117","0.01","1.01","0.01","0.01","0.01","0.01","0.01","0.175","0.13774193548387098","0.7847826086956522","0.2952542372881356","0.8993220338983051","0.505"
"6","0.25458823529411767","0.6544705882352941","0.15364705882352944","0.9145882352941176","0.01","0.01","0.01","0.01","0.01","1.01","0.01","0.175","0.13774193548387098","0.7847826086956522","0.2952542372881356","0.8993220338983051","0.505"
"3","0.7165882352941176","0.2856470588235294","0.9728235294117646","0.5574117647058824","0.01","0.01","1.01","0.01","0.01","0.01","0.01","0.175","0.13774193548387098","0.7847826086956522","0.2952542372881356","0.8993220338983051","0.505"
"3","0.7476470588235294","0.1148235294117647","0.9767058823529412","0.4331764705882353","0.01","0.01","0.01","0.01","0.01","1.01","0.01","0.175","0.13774193548387098","0.7847826086956522","0.2952542372881356","0.8993220338983051","0.505"
"4","0.6389411764705882","0.9689411764705882","0.20411764705882354","0.3128235294117647","0.01","0.01","0.01","0.01","0.01","1.01","0.01","0.175","0.13774193548387098","0.7847826086956522","0.2952542372881356","0.8993220338983051","0.505"
"6","0.07211764705882352","0.25458823529411767","0.6428235294117647","0.9378823529411765","0.01","0.01","0.01","0.01","0.01","1.01","0.01","0.175","0.13774193548387098","0.7847826086956522","0.2952542372881356","0.8993220338983051","0.505"
"9","0.16917647058823532","0.44482352941176473","0.9961176470588236","0.4797647058823529","0.01","1.01","0.01","0.01","0.01","0.01","0.01","0.175","0.13774193548387098","0.7847826086956522","0.2952542372881356","0.8993220338983051","0.505"
"9","0.3827058823529412","0.17694117647058824","0.662235294117647","0.9029411764705882","0.01","0.01","1.01","0.01","0.01","0.01","0.01","0.175","0.13774193548387098","0.7847826086956522","0.2952542372881356","0.8993220338983051","0.505"
"0","0.13423529411764706","0.8252941176470587","0.6699999999999999","0.2934117647058823","0.01","0.01","1.01","0.01","0.01","0.01","0.01","0.175","0.13774193548387098","0.7847826086956522","0.2952542372881356","0.8993220338983051","0.505"
"4","0.8214117647058823","0.9534117647058823","0.24682352941176472","0.25458823529411767","0.01","0.01","0.01","0.01","0.01","1.01","0.01","0.175","0.13774193548387098","0.7847826086956522","0.2952542372881356","0.9161016949152543","0.505"
"7","0.9728235294117646","0.2351764705882353","0.19247058823529414","0.4875294117647059","0.01","0.01","0.01","0.01","0.01","1.01","0.01","0.175","0.13774193548387098","0.7847826086956522","0.2952542372881356","0.9161016949152543","0.505"
"7","0.7243529411764705","0.01388235294117647","0.7127058823529412","0.025529411764705884","0.01","0.01","0.01","0.01","0.01","0.01","1.01","0.175","0.13774193548387098","0.7847826086956522","0.2952542372881356","0.9161016949152543","0.505"
"2","0.2390588235294118","0.4254117647058824","0.8485882352941176","0.8524705882352941","0.01","0.01","1.01","0.01","0.01","0.01","0.01","0.175","0.13774193548387098","0.7847826086956522","0.2952542372881356","0.9161016949152543","0.505"
"6","0.9456470588235294","0.28952941176470587","0.4603529411764706","0.7709411764705882","0.01","1.01","0.01","0.01","0.01","0.01","0.01","0.175","0.13774193548387098","0.7847826086956522","0.2952542372881356","0.9328813559322033","0.505"
"8","0.8874117647058823","0.4021176470588235","0.7204705882352941","0.11870588235294117","0.01","0.01","0.01","0.01","0.01","1.01","0.01","0.175","0.13774193548387098","0.7847826086956522","0.2952542372881356","0.9328813559322033","0.505"
"7","0.3089411764705882","0.5845882352941177","0.029411764705882353","0.406","0.01","0.01","0.01","0.01","0.01","1.01","0.01","0.175","0.13774193548387098","0.7847826086956522","0.2952542372881356","0.9328813559322033","0.505"
"7","0.9495294117647058","0.6583529411764706","0.41764705882352937","0.05270588235294118","1.01","0.01","0.01","0.01","0.01","0.01","0.01","0.175","0.13774193548387098","0.7847826086956522","0.2952542372881356","0.9328813559322033","0.505"
"0","0.10317647058823529","0.604","0.8330588235294119","0.5535294117647059","0.01","0.01","0.01","0.01","0.01","0.01","1.01","0.175","0.13774193548387098","0.7847826086956522","0.2952542372881356","0.9664406779661017","0.505"
"7","0.12258823529411764","0.35552941176470587","0.538","0.7243529411764705","1.01","0.01","0.01","0.01","0.01","0.01","0.01","0.175","0.13774193548387098","0.7847826086956522","0.2952542372881356","0.9664406779661017","0.505"
"0","0.03329411764705882","0.3205882352941177","0.604","0.1847058823529412","0.01","0.01","1.01","0.01","0.01","0.01","0.01","0.175","0.13774193548387098","0.7847826086956522","0.2952542372881356","0.9664406779661017","0.505"
"8","0.09929411764705881","0.9456470588235294","0.8757647058823529","0.3827058823529412","0.01","0.01","0.01","0.01","0.01","0.01","1.01","0.175","0.13774193548387098","0.7847826086956522","0.2952542372881356","0.9664406779661017","0.505"
"1","0.10705882352941176","0.860235294117647","0.03329411764705882","0.21188235294117647","0.01","0.01","1.01","0.01","0.01","0.01","0.01","0.175","0.13774193548387098","0.7847826086956522","0.2952542372881356","0.983220338983051","0.505"
"6","0.802","0.9378823529411765","0.25070588235294117","0.6311764705882353","0.01","0.01","0.01","0.01","0.01","0.01","1.01","0.175","0.13774193548387098","0.7847826086956522","0.2952542372881356","0.983220338983051","0.505"
"6","0.8641176470588235","0.8097647058823529","0.3632941176470588","0.3788235294117647","0.01","0.01","0.01","1.01","0.01","0.01","0.01","0.175","0.13774193548387098","0.7847826086956522","0.2952542372881356","0.983220338983051","0.505"
"8","0.918470588235294","0.15364705882352944","0.662235294117647","0.8408235294117647","0.01","0.01","1.01","0.01","0.01","0.01","0.01","0.175","0.13774193548387098","0.7847826086956522","0.2952542372881356","0.983220338983051","0.505"
"9","0.06823529411764706","0.5729411764705882","0.736","0.8252941176470587","0.01","0.01","0.01","0.01","0.01","0.01","1.01","0.175","0.13774193548387098","0.7847826086956522","0.2952542372881356","0.983220338983051","0.505"
"6","0.39435294117647063","0.9650588235294117","0.2390588235294118","0.9262352941176472","0.01","1.01","0.01","0.01","0.01","0.01","0.01","0.175","0.13774193548387098","0.7847826086956522","0.2952542372881356","0.983220338983051","0.505"
"9","0.18082352941176472","0.6350588235294118","0.6894117647058824","0.9495294117647058","1.01","0.01","0.01","0.01","0.01","0.01","0.01","0.175","0.13774193548387098","0.7847826086956522","0.2952542372881356","1.0","0.505"
"5","0.4331764705882353","0.01388235294117647","0.2701176470588236","0.8369411764705883","0.01","1.01","0.01","0.01","0.01","0.01","0.01","0.175","0.13774193548387098","0.7847826086956522","0.2952542372881356","1.0","0.505"
"9","0.11094117647058822","0.347764705882353","0.49917647058823533","0.6195294117647059","0.01","0.01","0.01","0.01","0.01","1.01","0.01","0.175","0.13774193548387098","0.7847826086956522","0.2952542372881356","1.0","0.505"
"0","0.7554117647058823","0.9456470588235294","0.05658823529411765","0.5690588235294117","1.01","0.01","0.01","0.01","0.01","0.01","0.01","0.175","0.13774193548387098","0.7847826086956522","0.2952542372881356","1.0","0.505"
"3","0.5962352941176471","0.07211764705882352","0.9650588235294117","0.8563529411764705","0.01","0.01","0.01","0.01","0.01","1.01","0.01","0.175","0.13774193548387098","0.7847826086956522","0.2952542372881356","1.0","0.505"
"6","0.18082352941176472","0.3516470588235294","0.5729411764705882","0.4409411764705882","0.01","0.01","0.01","1.01","0.01","0.01","0.01","0.175","0.13774193548387098","0.7847826086956522","0.2952542372881356","1.0","0.505"
"5","0.6467058823529412","0.4370588235294118","0.6195294117647059","0.941764705882353","0.01","0.01","0.01","0.01","1.01","0.01","0.01","0.175","0.13774193548387098","0.7847826086956522","0.2952542372881356","1.0","0.505"
"6","0.5224705882352941","0.28952941176470587","0.7825882352941177","0.9029411764705882","0.01","0.01","0.01","0.01","0.01","0.01","1.01","0.175","0.13774193548387098","0.7847826086956522","0.2952542372881356","1.0","0.505"
"2","0.9883529411764707","0.3788235294117647","0.538","0.5496470588235294","0.01","0.01","0.01","0.01","0.01","0.01","1.01","0.175","0.13774193548387098","0.7847826086956522","0.31203389830508477","0.01","0.505"
"5","0.5923529411764706","0.7670588235294117","0.3089411764705882","0.33999999999999997","0.01","0.01","1.01","0.01","0.01","0.01","0.01","0.175","0.13774193548387098","0.7847826086956522","0.31203389830508477","0.01","0.505"
"9","0.5535294117647059","0.2972941176470589","0.4525882352941177","0.076","0.01","0.01","0.01","0.01","1.01","0.01","0.01","0.175","0.13774193548387098","0.7847826086956522","0.31203389830508477","0.01","0.505"
"1","0.6894117647058824","0.025529411764705884","0.941764705882353","0.281764705882353","0.01","0.01","0.01","0.01","1.01","0.01","0.01","0.175","0.13774193548387098","0.7847826086956522","0.31203389830508477","0.01","0.505"
"5","0.49917647058823533","0.7864705882352941","0.9029411764705882","0.5807058823529412","0.01","0.01","0.01","0.01","0.01","1.01","0.01","0.175","0.13774193548387098","0.7847826086956522","0.31203389830508477","0.01","0.505"
"2","0.5341176470588236","0.39435294117647063","0.06435294117647058","0.7864705882352941","0.01","0.01","1.01","0.01","0.01","0.01","0.01","0.175","0.13774193548387098","0.7847826086956522","0.31203389830508477","0.01","0.505"
"5","0.39435294117647063","0.14200000000000002","0.36717647058823527","0.4525882352941177","0.01","1.01","0.01","0.01","0.01","0.01","0.01","0.175","0.13774193548387098","0.7847826086956522","0.31203389830508477","0.01","0.505"
"3","0.4525882352941177","0.604","0.26235294117647057","0.3089411764705882","0.01","1.01","0.01","0.01","0.01","0.01","0.01","0.175","0.13774193548387098","0.7847826086956522","0.31203389830508477","0.01","0.505"
"5","0.07988235294117646","0.8835294117647059","0.44482352941176473","0.44482352941176473","0.01","1.01","0.01","0.01","0.01","0.01","0.01","0.175","0.13774193548387098","0.7847826086956522","0.31203389830508477","0.01","0.505"
"8","0.2934117647058823","0.5574117647058824","0.7787058823529412","0.7204705882352941","0.01","0.01","0.01","0.01","0.01","1.01","0.01","0.175","0.13774193548387098","0.7847826086956522","0.31203389830508477","0.01","0.505"
"3","0.3011764705882353","0.6738823529411764","1.0","0.24682352941176472","0.01","0.01","0.01","1.01","0.01","0.01","0.01","0.175","0.13774193548387098","0.7847826086956522","0.31203389830508477","0.026779661016949154","0.505"
"6","0.1458823529411765","0.8563529411764705","0.736","0.3244705882352941","0.01","0.01","0.01","0.01","0.01","0.01","1.01","0.175","0.13774193548387098","0.7847826086956522","0.31203389830508477","0.026779661016949154","0.505"
"0","0.6544705882352941","0.5807058823529412","0.347764705882353","0.6932941176470588","1.01","0.01","0.01","0.01","0.01","0.01","0.01","0.175","0.13774193548387098","0.7847826086956522","0.31203389830508477","0.026779661016949154","0.505"
"2","0.3128235294117647","0.9262352941176472","0.6234117647058823","0.3089411764705882","0.01","0.01","0.01","0.01","0.01","0.01","1.01","0.175","0.13774193548387098","0.7847826086956522","0.31203389830508477","0.026779661016949154","0.505"
"3","0.01","0.8641176470588235","0.7864705882352941","0.794235294117647","0.01","0.01","1.01","0.01","0.01","0.01","0.01","0.175","0.13774193548387098","0.7847826086956522","0.31203389830508477","0.026779661016949154","0.505"
"0","0.8214117647058823","0.4914117647058823","0.7864705882352941","0.9378823529411765","0.01","0.01","0.01","0.01","0.01","0.01","1.01","0.175","0.13774193548387098","0.7847826086956522","0.31203389830508477","0.026779661016949154","0.505"
"5","0.3089411764705882","0.8951764705882354","0.6738823529411764","0.041058823529411766","0.01","1.01","0.01","0.01","0.01","0.01","0.01","0.175","0.13774193548387098","0.7847826086956522","0.31203389830508477","0.043559322033898305","0.505"
"9","0.3205882352941177","0.3322352941176471","0.8291764705882353","0.3632941176470588","0.01","0.01","0.01","0.01","0.01","0.01","1.01","0.175","0.13774193548387098","0.7847826086956522","0.31203389830508477","0.043559322033898305","0.505"
"7","0.05658823529411765","0.05658823529411765","0.08376470588235294","0.5612941176470588","1.01","0.01","0.01","0.01","0.01","0.01","0.01","0.175","0.13774193548387098","0.7847826086956522","0.31203389830508477","0.043559322033898305","0.505"
"6","0.4098823529411765","0.9145882352941176","0.5729411764705882","0.3865882352941176","0.01","0.01","0.01","0.01","1.01","0.01","0.01","0.175","0.13774193548387098","0.7847826086956522","0.31203389830508477","0.043559322033898305","0.505"
"7","0.9107058823529411","0.16529411764705884","0.3516470588235294","0.8757647058823529","0.01","0.01","0.01","0.01","0.01","1.01","0.01","0.175","0.13774193548387098","0.7847826086956522","0.31203389830508477","0.043559322033898305","0.505"
"5","0.941764705882353","0.7748235294117647","0.7515294117647059","0.9883529411764707","0.01","1.01","0.01","0.01","0.01","0.01","0.01","0.175","0.13774193548387098","0.7847826086956522","0.31203389830508477","0.043559322033898305","0.505"
"5","0.4875294117647059","0.5729411764705882","0.26623529411764707","0.5302352941176471","0.01","0.01","0.01","0.01","1.01","0.01","0.01","0.175","0.13774193548387098","0.7847826086956522","0.31203389830508477","0.043559322033898305","0.505"
"9","0.30505882352941177","0.406","0.3283529411764706","0.9107058823529411","0.01","0.01","0.01","0.01","1.01","0.01","0.01","0.175","0.13774193548387098","0.7847826086956522","0.31203389830508477","0.043559322033898305","0.505"
"7","0.3594117647058824","0.26623529411764707","0.4098823529411765","0.2856470588235294","0.01","0.01","1.01","0.01","0.01","0.01","0.01","0.175","0.13774193548387098","0.7847826086956522","0.31203389830508477","0.043559322033898305","0.505"
"2","0.16141176470588237","0.5612941176470588","0.9961176470588236","0.8485882352941176","0.01","0.01","0.01","0.01","0.01","0.01","1.01","0.175","0.13774193548387098","0.7847826086956522","0.31203389830508477","0.043559322033898305","0.505"
"2","0.6195294117647059","0.20023529411764707","0.18082352941176472","0.8447058823529412","0.01","0.01","0.01","0.01","1.01","0.01","0.01","0.175","0.13774193548387098","0.7847826086956522","0.31203389830508477","0.060338983050847464","0.505"
"7","0.42152941176470593","0.9068235294117647","0.4409411764705882","0.9611764705882353","0.01","1.01","0.01","0.01","0.01","0.01","0.01","0.175","0.13774193548387098","0.7847826086956522","0.31203389830508477","0.060338983050847464","0.505"
"0","0.4137647058823529","0.7515294117647059","0.08376470588235294","0.9456470588235294","0.01","0.01","0.01","0.01","1.01","0.01","0.01","0.175","0.13774193548387098","0.7847826086956522","0.31203389830508477","0.060338983050847464","0.505"
"7","0.02164705882352941","0.934","0.5807058823529412","0.5729411764705882","0.01","0.01","1.01","0.01","0.01","0.01","0.01","0.175","0.13774193548387098","0.7847826086956522","0.31203389830508477","0.060338983050847464","0.505"
"3","0.31670588235294117","0.10705882352941176","0.860235294117647","0.9107058823529411","0.01","0.01","0.01","1.01","0.01","0.01","0.01","0.175","0.13774193548387098","0.7847826086956522","0.31203389830508477","0.060338983050847464","0.505"
"6","0.6428235294117647","0.25458823529411767","0.7825882352941177","0.604","0.01","0.01","0.01","0.01","0.01","1.01","0.01","0.175","0.13774193548387098","0.7847826086956522","0.31203389830508477","0.060338983050847464","0.505"
"8","0.4603529411764706","0.868","0.5690588235294117","0.044941176470588234","0.01","0.01","0.01","0.01","1.01","0.01","0.01","0.175","0.13774193548387098","0.7847826086956522","0.31203389830508477","0.060338983050847464","0.505"
"5","0.6738823529411764","0.3594117647058824","0.2856470588235294","0.9572941176470589","0.01","0.01","0.01","1.01","0.01","0.01","0.01","0.175","0.13774193548387098","0.7847826086956522","0.31203389830508477","0.060338983050847464","0.505"
"3","0.8097647058823529","0.9223529411764705","0.2351764705882353","0.029411764705882353","1.01","0.01","0.01","0.01","0.01","0.01","0.01","0.175","0.13774193548387098","0.7847826086956522","0.31203389830508477","0.060338983050847464","0.505"
"0","0.8874117647058823","0.3244705882352941","0.9767058823529412","0.5535294117647059","0.01","0.01","1.01","0.01","0.01","0.01","0.01","0.175","0.13774193548387098","0.7847826086956522","0.31203389830508477","0.060338983050847464","0.505"
"5","0.5496470588235294","0.8641176470588235","0.47200000000000003","0.6971764705882353","0.01","0.01","0.01","0.01","1.01","0.01","0.01","0.175","0.13774193548387098","0.7847826086956522","0.31203389830508477","0.060338983050847464","0.505"
"2","0.16141176470588237","0.7165882352941176","0.27788235294117647","0.918470588235294","0.01","0.01","0.01","0.01","0.01","0.01","1.01","0.175","0.13774193548387098","0.7847826086956522","0.31203389830508477","0.060338983050847464","0.505"
"8","0.49917647058823533","0.1575294117647059","0.7127058823529412","0.5030588235294118","0.01","0.01","0.01","0.01","1.01","0.01","0.01","0.175","0.13774193548387098","0.7847826086956522","0.31203389830508477","0.0771186440677966","0.505"
"5","0.3322352941176471","0.11870588235294117","0.8097647058823529","0.02164705882352941","0.01","0.01","0.01","0.01","1.01","0.01","0.01","0.175","0.13774193548387098","0.7847826086956522","0.31203389830508477","0.0771186440677966","0.505"
"1","0.5729411764705882","0.5302352941176471","0.9223529411764705","0.7204705882352941","0.01","0.01","0.01","0.01","0.01","1.01","0.01","0.175","0.13774193548387098","0.7847826086956522","0.31203389830508477","0.0771186440677966","0.505"
"2","0.7825882352941177","0.6738823529411764","0.743764705882353","0.7282352941176471","0.01","1.01","0.01","0.01","0.01","0.01","0.01","0.175","0.13774193548387098","0.7847826086956522","0.31203389830508477","0.0771186440677966","0.505"
"8","0.2701176470588236","0.5651764705882353","0.5030588235294118","0.6272941176470588","0.01","1.01","0.01","0.01","0.01","0.01","0.01","0.175","0.13774193548387098","0.7847826086956522","0.31203389830508477","0.0771186440677966","0.505"
"6","0.4797647058823529","0.6001176470588235","0.464235294117647","0.0371764705882353","0.01","0.01","0.01","0.01","0.01","1.01","0.01","0.175","0.13774193548387098","0.7847826086956522","0.31203389830508477","0.0771186440677966","0.505"
"2","0.9107058823529411","0.8757647058823529","0.3205882352941177","0.3283529411764706","0.01","0.01","0.01","0.01","1.01","0.01","0.01","0.175","0.13774193548387098","0.7847826086956522","0.31203389830508477","0.0771186440677966","0.505"
"2","0.029411764705882353","0.6894117647058824","0.4331764705882353","0.9883529411764707","0.01","1.01","0.01","0.01","0.01","0.01","0.01","0.175","0.13774193548387098","0.7847826086956522","0.31203389830508477","0.0771186440677966","0.505"
"6","0.4487058823529412","0.39435294117647063","0.07211764705882352","0.662235294117647","0.01","1.01","0.01","0.01","0.01","0.01","0.01","0.175","0.13774193548387098","0.7847826086956522","0.31203389830508477","0.12745762711864408","0.505"
"4","0.7243529411764705","0.6583529411764706","0.7592941176470588","0.24682352941176472","1.01","0.01","0.01","0.01","0.01","0.01","0.01","0.175","0.13774193548387098","0.7847826086956522","0.31203389830508477","0.12745762711864408","0.505"
"5","0.11870588235294117","0.39435294117647063","0.6894117647058824","0.868","0.01","0.01","1.01","0.01","0.01","0.01","0.01","0.175","0.13774193548387098","0.7847826086956522","0.31203389830508477","0.12745762711864408","0.505"
"9","0.30505882352941177","0.25458823529411767","0.7903529411764706","0.26623529411764707","0.01","0.01","0.01","0.01","0.01","1.01","0.01","0.175","0.13774193548387098","0.7847826086956522","0.31203389830508477","0.12745762711864408","0.505"
"8","0.8796470588235294","0.9805882352941176","0.16141176470588237","0.5302352941176471","0.01","0.01","0.01","0.01","1.01","0.01","0.01","0.175","0.13774193548387098","0.7847826086956522","0.31203389830508477","0.14423728813559322","0.505"
"4","0.9301176470588236","0.4875294117647059","0.4098823529411765","0.20023529411764707","0.01","0.01","0.01","0.01","0.01","1.01","0.01","0.175","0.13774193548387098","0.7847826086956522","0.31203389830508477","0.14423728813559322","0.505"
"3","0.6777647058823529","0.7127058823529412","0.3283529411764706","0.3632941176470588","1.01","0.01","0.01","0.01","0.01","0.01","0.01","0.175","0.13774193548387098","0.7847826086956522","0.31203389830508477","0.1610169491525424","0.505"
"2","0.3128235294117647","0.2972941176470589","0.5845882352941177","0.7127058823529412","0.01","0.01","0.01","1.01","0.01","0.01","0.01","0.175","0.13774193548387098","0.7847826086956522","0.31203389830508477","0.1610169491525424","0.505"
"1","0.9572941176470589","0.3594117647058824","0.9883529411764707","0.06435294117647058","1.01","0.01","0.01","0.01","0.01","0.01","0.01","0.175","0.13774193548387098","0.7847826086956522","0.31203389830508477","0.1610169491525424","0.505"
"7","0.48364705882352943","0.36717647058823527","0.1264705882352941","0.35552941176470587","0.01","0.01","0.01","0.01","1.01","0.01","0.01","0.175","0.13774193548387098","0.7847826086956522","0.31203389830508477","0.21135593220338986","0.505"
"1","0.36717647058823527","0.5690588235294117","0.3710588235294118","0.4137647058823529","0.01","0.01","0.01","1.01","0.01","0.01","0.01","0.175","0.13774193548387098","0.7847826086956522","0.31203389830508477","0.24491525423728816","0.505"
"3","0.2390588235294118","0.5496470588235294","0.3089411764705882","0.860235294117647","0.01","0.01","1.01","0.01","0.01","0.01","0.01","0.175","0.13774193548387098","0.7847826086956522","0.31203389830508477","0.26169491525423727","0.505"
"8","0.03329411764705882","0.7476470588235294","0.860235294117647","0.6661176470588235","0.01","0.01","0.01","0.01","0.01","0.01","1.01","0.175","0.13774193548387098","0.7847826086956522","0.31203389830508477","0.2952542372881356","0.505"
"0","0.8835294117647059","0.3322352941176471","0.5845882352941177","0.4681176470588236","0.01","0.01","0.01","0.01","0.01","0.01","1.01","0.175","0.13774193548387098","0.7847826086956522","0.31203389830508477","0.2952542372881356","0.505"
"8","0.7748235294117647","0.7476470588235294","0.5807058823529412","0.9223529411764705","1.01","0.01","0.01","0.01","0.01","0.01","0.01","0.175","0.13774193548387098","0.7847826086956522","0.31203389830508477","0.2952542372881356","0.505"
"4","0.794235294117647","0.9805882352941176","0.8447058823529412","0.7554117647058823","1.01","0.01","0.01","0.01","0.01","0.01","0.01","0.175","0.13774193548387098","0.7847826086956522","0.31203389830508477","0.31203389830508477","0.505"
"6","0.8641176470588235","0.3205882352941177","0.6894117647058824","0.9961176470588236","0.01","1.01","0.01","0.01","0.01","0.01","0.01","0.175","0.13774193548387098","0.7847826086956522","0.31203389830508477","0.31203389830508477","0.505"
"5","0.8524705882352941","0.7321176470588235","0.11094117647058822","0.49917647058823533","0.01","0.01","0.01","1.01","0.01","0.01","0.01","0.175","0.13774193548387098","0.7847826086956522","0.31203389830508477","0.3288135593220339","0.505"
"8","0.029411764705882353","0.7010588235294117","0.20023529411764707","0.13811764705882354","0.01","0.01","0.01","0.01","0.01","1.01","0.01","0.175","0.13774193548387098","0.7847826086956522","0.31203389830508477","0.3288135593220339","0.505"
"1","0.5302352941176471","0.743764705882353","0.4098823529411765","0.5030588235294118","0.01","0.01","0.01","0.01","0.01","1.01","0.01","0.175","0.13774193548387098","0.7847826086956522","0.31203389830508477","0.3288135593220339","0.505"
"1","0.9844705882352941","0.8369411764705883","0.736","0.10705882352941176","0.01","0.01","0.01","0.01","0.01","1.01","0.01","0.175","0.13774193548387098","0.7847826086956522","0.31203389830508477","0.3288135593220339","0.505"
"1","0.9262352941176472","0.15364705882352944","0.7592941176470588","0.6467058823529412","0.01","0.01","0.01","0.01","0.01","1.01","0.01","0.175","0.13774193548387098","0.7847826086956522","0.31203389830508477","0.3288135593220339","0.505"
"0","0.25458823529411767","0.20800000000000002","0.5845882352941177","0.041058823529411766","0.01","0.01","0.01","1.01","0.01","0.01","0.01","0.175","0.13774193548387098","0.7847826086956522","0.31203389830508477","0.3288135593220339","0.505"
"5","0.6078823529411764","0.029411764705882353","0.5845882352941177","0.25070588235294117","1.01","0.01","0.01","0.01","0.01","0.01","0.01","0.175","0.13774193548387098","0.7847826086956522","0.31203389830508477","0.34559322033898304","0.505"
"0","0.274","0.3128235294117647","0.8291764705882353","0.2584705882352941","0.01","1.01","0.01","0.01","0.01","0.01","0.01","0.175","0.13774193548387098","0.7847826086956522","0.31203389830508477","0.34559322033898304","0.505"
"2","0.025529411764705884","0.33999999999999997","0.19247058823529414","0.7631764705882352","0.01","0.01","1.01","0.01","0.01","0.01","0.01","0.175","0.13774193548387098","0.7847826086956522","0.31203389830508477","0.34559322033898304","0.505"
"7","0.5185882352941176","0.6777647058823529","0.39435294117647063","0.9456470588235294","0.01","0.01","1.01","0.01","0.01","0.01","0.01","0.175","0.13774193548387098","0.7847826086956522","0.31203389830508477","0.34559322033898304","0.505"
"2","0.5224705882352941","0.4137647058823529","0.538","0.48364705882352943","0.01","0.01","0.01","0.01","0.01","0.01","1.01","0.175","0.13774193548387098","0.7847826086956522","0.31203389830508477","0.34559322033898304","0.505"
"7","0.1264705882352941","0.16141176470588237","0.025529411764705884","0.9728235294117646","0.01","0.01","0.01","0.01","0.01","1.01","0.01","0.175","0.13774193548387098","0.7847826086956522","0.31203389830508477","0.34559322033898304","0.505"
"9","0.2856470588235294","0.9650588235294117","0.9029411764705882","0.7670588235294117","0.01","0.01","1.01","0.01","0.01","0.01","0.01","0.175","0.13774193548387098","0.7847826086956522","0.31203389830508477","0.34559322033898304","0.505"
"8","0.5418823529411765","0.8835294117647059","0.8990588235294118","0.8136470588235294","0.01","0.01","0.01","0.01","1.01","0.01","0.01","0.175","0.13774193548387098","0.7847826086956522","0.31203389830508477","0.34559322033898304","0.505"
"7","0.09152941176470587","0.9805882352941176","0.8641176470588235","0.7825882352941177","0.01","0.01","1.01","0.01","0.01","0.01","0.01","0.175","0.13774193548387098","0.7847826086956522","0.31203389830508477","0.34559322033898304","0.505"
"1","0.4292941176470588","0.6001176470588235","0.01776470588235294","0.3011764705882353","0.01","0.01","0.01","0.01","0.01","0.01","1.01","0.175","0.13774193548387098","0.7847826086956522","0.31203389830508477","0.3623728813559322","0.505"
"5","0.20800000000000002","0.17694117647058824","0.7515294117647059","0.7748235294117647","1.01","0.01","0.01","0.01","0.01","0.01","0.01","0.175","0.13774193548387098","0.7847826086956522","0.31203389830508477","0.3623728813559322","0.505"
"2","0.8291764705882353","0.6699999999999999","0.9922352941176471","0.6311764705882353","0.01","0.01","0.01","0.01","1.01","0.01","0.01","0.175","0.13774193548387098","0.7847826086956522","0.31203389830508477","0.3623728813559322","0.505"
"0","0.21964705882352942","0.07988235294117646","0.7864705882352941","0.44482352941176473","0.01","0.01","0.01","0.01","0.01","1.01","0.01","0.175","0.13774193548387098","0.7847826086956522","0.31203389830508477","0.3623728813559322","0.505"
"2","0.3438823529411765","0.9805882352941176","0.794235294117647","0.8951764705882354","0.01","1.01","0.01","0.01","0.01","0.01","0.01","0.175","0.13774193548387098","0.7847826086956522","0.31203389830508477","0.3623728813559322","0.505"
"5","0.01388235294117647","0.22741176470588237","0.6855294117647059","0.09541176470588235","0.01","0.01","0.01","1.01","0.01","0.01","0.01","0.175","0.13774193548387098","0.7847826086956522","0.31203389830508477","0.3623728813559322","0.505"
"0","0.3244705882352941","0.21576470588235297","0.9145882352941176","0.17694117647058824","0.01","1.01","0.01","0.01","0.01","0.01","0.01","0.175","0.13774193548387098","0.7847826086956522","0.31203389830508477","0.3623728813559322","0.505"
"6","0.6311764705882353","0.9534117647058823","0.9805882352941176","0.24294117647058824","0.01","1.01","0.01","0.01","0.01","0.01","0.01","0.175","0.13774193548387098","0.7847826086956522","0.31203389830508477","0.3623728813559322","0.505"
"3","0.3011764705882353","0.22741176470588237","0.3749411764705883","0.9650588235294117","0.01","0.01","0.01","1.01","0.01","0.01","0.01","0.175","0.13774193548387098","0.7847826086956522","0.31203389830508477","0.3623728813559322","0.505"
"1","0.1264705882352941","0.8058823529411765","0.08376470588235294","0.8874117647058823","0.01","0.01","0.01","0.01","0.01","0.01","1.01","0.175","0.13774193548387098","0.7847826086956522","0.31203389830508477","0.3623728813559322","0.505"
"0","0.25458823529411767","0.5224705882352941","0.6428235294117647","0.7709411764705882","0.01","0.01","0.01","0.01","1.01","0.01","0.01","0.175","0.13774193548387098","0.7847826086956522","0.31203389830508477","0.3791525423728814","0.505"
"9","0.9262352941176472","0.3904705882352941","0.26235294117647057","0.8058823529411765","0.01","0.01","0.01","1.01","0.01","0.01","0.01","0.175","0.13774193548387098","0.7847826086956522","0.31203389830508477","0.3791525423728814","0.505"
"6","0.7321176470588235","0.7010588235294117","0.36717647058823527","0.794235294117647","1.01","0.01","0.01","0.01","0.01","0.01","0.01","0.175","0.13774193548387098","0.7847826086956522","0.31203389830508477","0.3791525423728814","0.505"
"9","0.6195294117647059","0.01","0.16917647058823532","0.7592941176470588","1.01","0.01","0.01","0.01","0.01","0.01","0.01","0.175","0.13774193548387098","0.7847826086956522","0.31203389830508477","0.3791525423728814","0.505"
"1","0.7088235294117647","0.9145882352941176","0.406","0.6078823529411764","0.01","0.01","1.01","0.01","0.01","0.01","0.01","0.175","0.13774193548387098","0.7847826086956522","0.31203389830508477","0.3791525423728814","0.505"
"4","0.19247058823529414","0.36717647058823527","0.6272941176470588","0.49529411764705883","0.01","0.01","0.01","1.01","0.01","0.01","0.01","0.175","0.13774193548387098","0.7847826086956522","0.31203389830508477","0.3791525423728814","0.505"
"9","0.8718823529411764","0.13811764705882354","0.3710588235294118","0.9883529411764707","0.01","0.01","0.01","0.01","1.01","0.01","0.01","0.175","0.13774193548387098","0.7847826086956522","0.31203389830508477","0.3791525423728814","0.505"
"3","0.025529411764705884","1.0","0.8874117647058823","0.1303529411764706","1.01","0.01","0.01","0.01","0.01","0.01","0.01","0.175","0.13774193548387098","0.7847826086956522","0.31203389830508477","0.3791525423728814","0.505"
"5","0.9495294117647058","0.6389411764705882","0.9767058823529412","0.2856470588235294","0.01","0.01","0.01","0.01","1.01","0.01","0.01","0.175","0.13774193548387098","0.7847826086956522","0.31203389830508477","0.3791525423728814","0.505"
"6","0.3438823529411765","0.3244705882352941","0.6699999999999999","0.9883529411764707","0.01","1.01","0.01","0.01","0.01","0.01","0.01","0.175","0.13774193548387098","0.7847826086956522","0.31203389830508477","0.3791525423728814","0.505"
"0","0.8447058823529412","0.6738823529411764","0.8912941176470588","0.9728235294117646","0.01","0.01","0.01","0.01","0.01","0.01","1.01","0.175","0.13774193548387098","0.7847826086956522","0.31203389830508477","0.3791525423728814","0.505"
"0","0.406","0.13423529411764706","0.01","0.5457647058823529","1.01","0.01","0.01","0.01","0.01","0.01","0.01","0.175","0.13774193548387098","0.7847826086956522","0.31203389830508477","0.39593220338983054","0.505"
"1","0.8796470588235294","0.7243529411764705","0.9534117647058823","0.42152941176470593","0.01","0.01","1.01","0.01","0.01","0.01","0.01","0.175","0.13774193548387098","0.7847826086956522","0.31203389830508477","0.39593220338983054","0.505"
"0","0.7981176470588235","0.42152941176470593","0.9534117647058823","0.17305882352941176","0.01","0.01","1.01","0.01","0.01","0.01","0.01","0.175","0.13774193548387098","0.7847826086956522","0.31203389830508477","0.39593220338983054","0.505"
"7","0.08764705882352941","0.5884705882352942","0.06435294117647058","0.2972941176470589","0.01","0.01","1.01","0.01","0.01","0.01","0.01","0.175","0.13774193548387098","0.7847826086956522","0.31203389830508477","0.39593220338983054","0.505"
"9","0.20800000000000002","0.6156470588235294","0.9262352941176472","0.19247058823529414","0.01","0.01","0.01","0.01","0.01","0.01","1.01","0.175","0.13774193548387098","0.7847826086956522","0.31203389830508477","0.39593220338983054","0.505"
"0","0.15364705882352944","0.060470588235294116","0.5768235294117646","0.5069411764705882","0.01","0.01","0.01","0.01","1.01","0.01","0.01","0.175","0.13774193548387098","0.7847826086956522","0.31203389830508477","0.39593220338983054","0.505"
"0","0.7554117647058823","0.44482352941176473","0.5651764705882353","0.7670588235294117","0.01","0.01","0.01","1.01","0.01","0.01","0.01","0.175","0.13774193548387098","0.7847826086956522","0.31203389830508477","0.39593220338983054","0.505"
"9","0.6350588235294118","0.4254117647058824","0.3205882352941177","0.5651764705882353","1.01","0.01","0.01","0.01","0.01","0.01","0.01","0.175","0.13774193548387098","0.7847826086956522","0.31203389830508477","0.39593220338983054","0.505"
"6","0.8252941176470587","0.6156470588235294","0.3128235294117647","0.11870588235294117","0.01","0.01","1.01","0.01","0.01","0.01","0.01","0.175","0.13774193548387098","0.7847826086956522","0.31203389830508477","0.39593220338983054","0.505"
"7","0.6855294117647059","0.36717647058823527","0.16917647058823532","0.6855294117647059","0.01","0.01","0.01","1.01","0.01","0.01","0.01","0.175","0.13774193548387098","0.7847826086956522","0.31203389830508477","0.39593220338983054","0.505"
"3","0.3904705882352941","0.5069411764705882","0.08764705882352941","0.8330588235294119","0.01","0.01","0.01","0.01","1.01","0.01","0.01","0.175","0.13774193548387098","0.7847826086956522","0.31203389830508477","0.39593220338983054","0.505"
"8","0.4370588235294118","0.35552941176470587","0.868","0.5224705882352941","0.01","1.01","0.01","0.01","0.01","0.01","0.01","0.175","0.13774193548387098","0.7847826086956522","0.31203389830508477","0.4127118644067797","0.505"
"6","0.6661176470588235","0.9922352941176471","0.7709411764705882","0.2856470588235294","1.01","0.01","0.01","0.01","0.01","0.01","0.01","0.175","0.13774193548387098","0.7847826086956522","0.31203389830508477","0.4127118644067797","0.505"
"5","0.4137647058823529","0.3749411764705883","0.13423529411764706","0.20411764705882354","0.01","1.01","0.01","0.01","0.01","0.01","0.01","0.175","0.13774193548387098","0.7847826086956522","0.31203389830508477","0.4127118644067797","0.505"
"1","0.6816470588235295","0.24682352941176472","0.538","0.604","0.01","1.01","0.01","0.01","0.01","0.01","0.01","0.175","0.13774193548387098","0.7847826086956522","0.31203389830508477","0.4127118644067797","0.505"
"0","0.36717647058823527","0.6699999999999999","0.9728235294117646","0.9883529411764707","0.01","0.01","0.01","0.01","0.01","1.01","0.01","0.175","0.13774193548387098","0.7847826086956522","0.31203389830508477","0.4127118644067797","0.505"
"1","0.8058823529411765","0.8835294117647059","0.23129411764705884","0.6699999999999999","0.01","1.01","0.01","0.01","0.01","0.01","0.01","0.175","0.13774193548387098","0.7847826086956522","0.31203389830508477","0.4127118644067797","0.505"
"3","0.7127058823529412","0.3205882352941177","0.8835294117647059","0.2390588235294118","0.01","1.01","0.01","0.01","0.01","0.01","0.01","0.175","0.13774193548387098","0.7847826086956522","0.31203389830508477","0.4127118644067797","0.505"
"6","0.9456470588235294","0.9922352941176471","0.6816470588235295","0.2235294117647059","0.01","0.01","0.01","0.01","1.01","0.01","0.01","0.175","0.13774193548387098","0.7847826086956522","0.31203389830508477","0.4127118644067797","0.505"
"5","0.868","0.20800000000000002","0.9572941176470589","0.8757647058823529","0.01","0.01","0.01","0.01","0.01","1.01","0.01","0.175","0.13774193548387098","0.7847826086956522","0.31203389830508477","0.4127118644067797","0.505"
"1","0.9922352941176471","0.39435294117647063","0.44482352941176473","0.7825882352941177","0.01","0.01","0.01","0.01","1.01","0.01","0.01","0.175","0.13774193548387098","0.7847826086956522","0.31203389830508477","0.4127118644067797","0.505"
"9","0.05658823529411765","0.5147058823529411","0.14200000000000002","0.3710588235294118","0.01","0.01","1.01","0.01","0.01","0.01","0.01","0.175","0.13774193548387098","0.7847826086956522","0.31203389830508477","0.4127118644067797","0.505"
"1","0.662235294117647","0.9767058823529412","0.7709411764705882","0.5302352941176471","0.01","0.01","0.01","0.01","0.01","1.01","0.01","0.175","0.13774193548387098","0.7847826086956522","0.31203389830508477","0.4127118644067797","0.505"
"7","0.3089411764705882","0.9844705882352941","0.9456470588235294","0.060470588235294116","0.01","0.01","0.01","0.01","0.01","1.01","0.01","0.175","0.13774193548387098","0.7847826086956522","0.31203389830508477","0.4294915254237288","0.505"
"9","0.743764705882353","0.3788235294117647","0.274","0.8252941176470587","0.01","1.01","0.01","0.01","0.01","0.01","0.01","0.175","0.13774193548387098","0.7847826086956522","0.31203389830508477","0.4294915254237288","0.505"
"8","0.9456470588235294","0.9145882352941176","0.7670588235294117","0.5147058823529411","0.01","0.01","0.01","1.01","0.01","0.01","0.01","0.175","0.13774193548387098","0.7847826086956522","0.31203389830508477","0.4294915254237288","0.505"
"8","0.5690588235294117","0.3594117647058824","0.8757647058823529","0.17694117647058824","0.01","1.01","0.01","0.01","0.01","0.01","0.01","0.175","0.13774193548387098","0.7847826086956522","0.31203389830508477","0.4294915254237288","0.505"
"9","0.8718823529411764","0.6389411764705882","0.8097647058823529","0.8641176470588235","0.01","0.01","1.01","0.01","0.01","0.01","0.01","0.175","0.13774193548387098","0.7847826086956522","0.31203389830508477","0.4294915254237288","0.505"
"1","0.08764705882352941","0.5030588235294118","0.9534117647058823","0.7592941176470588","0.01","0.01","0.01","0.01","0.01","1.01","0.01","0.175","0.13774193548387098","0.7847826086956522","0.31203389830508477","0.4294915254237288","0.505"
"5","0.5651764705882353","0.9145882352941176","0.3982352941176471","0.14200000000000002","0.01","1.01","0.01","0.01","0.01","0.01","0.01","0.175","0.13774193548387098","0.7847826086956522","0.31203389830508477","0.4294915254237288","0.505"
"4","0.044941176470588234","0.3128235294117647","0.9145882352941176","0.35552941176470587","1.01","0.01","0.01","0.01","0.01","0.01","0.01","0.175","0.13774193548387098","0.7847826086956522","0.31203389830508477","0.4294915254237288","0.505"
"9","0.7787058823529412","0.7554117647058823","0.662235294117647","0.7903529411764706","0.01","1.01","0.01","0.01","0.01","0.01","0.01","0.175","0.13774193548387098","0.7847826086956522","0.31203389830508477","0.4294915254237288","0.505"
"6","0.7127058823529412","0.7864705882352941","0.604","0.9883529411764707","0.01","0.01","0.01","0.01","1.01","0.01","0.01","0.175","0.13774193548387098","0.7847826086956522","0.31203389830508477","0.4294915254237288","0.505"
"2","0.7282352941176471","0.47200000000000003","0.4292941176470588","0.076","0.01","0.01","1.01","0.01","0.01","0.01","0.01","0.175","0.13774193548387098","0.7847826086956522","0.31203389830508477","0.4294915254237288","0.505"
"9","0.49529411764705883","0.3011764705882353","0.6583529411764706","0.8058823529411765","0.01","0.01","0.01","0.01","0.01","0.01","1.01","0.175","0.13774193548387098","0.7847826086956522","0.31203389830508477","0.446271186440678","0.505"
"9","0.281764705882353","0.26623529411764707","0.7554117647058823","0.7825882352941177","0.01","0.01","0.01","0.01","0.01","1.01","0.01","0.175","0.13774193548387098","0.7847826086956522","0.31203389830508477","0.446271186440678","0.505"
"9","0.6661176470588235","0.5496470588235294","0.4487058823529412","0.23129411764705884","0.01","0.01","0.01","0.01","0.01","0.01","1.01","0.175","0.13774193548387098","0.7847826086956522","0.31203389830508477","0.446271186440678","0.505"
"5","0.7709411764705882","0.5729411764705882","0.22741176470588237","0.22741176470588237","0.01","0.01","1.01","0.01","0.01","0.01","0.01","0.175","0.13774193548387098","0.7847826086956522","0.31203389830508477","0.446271186440678","0.505"
"0","0.05270588235294118","0.4331764705882353","0.07211764705882352","0.2584705882352941","0.01","0.01","1.01","0.01","0.01","0.01","0.01","0.175","0.13774193548387098","0.7847826086956522","0.31203389830508477","0.446271186440678","0.505"
"2","0.8136470588235294","0.736","0.5574117647058824","0.9107058823529411","0.01","0.01","0.01","0.01","0.01","0.01","1.01","0.175","0.13774193548387098","0.7847826086956522","0.31203389830508477","0.446271186440678","0.505"
"7","0.35552941176470587","0.9883529411764707","0.8641176470588235","0.6816470588235295","0.01","0.01","0.01","0.01","0.01","1.01","0.01","0.175","0.13774193548387098","0.7847826086956522","0.31203389830508477","0.446271186440678","0.505"
"1","0.21188235294117647","0.01","0.7321176470588235","0.9961176470588236","0.01","0.01","0.01","0.01","0.01","0.01","1.01","0.175","0.13774193548387098","0.7847826086956522","0.31203389830508477","0.446271186440678","0.505"
"9","0.7243529411764705","0.6971764705882353","0.6001176470588235","0.8291764705882353","0.01","0.01","1.01","0.01","0.01","0.01","0.01","0.175","0.13774193548387098","0.7847826086956522","0.31203389830508477","0.446271186440678","0.505"
"3","0.9223529411764705","0.7321176470588235","0.21188235294117647","0.6156470588235294","1.01","0.01","0.01","0.01","0.01","0.01","0.01","0.175","0.13774193548387098","0.7847826086956522","0.31203389830508477","0.446271186440678","0.505"
"7","0.17305882352941176","0.3865882352941176","0.01776470588235294","0.6544705882352941","0.01","0.01","0.01","0.01","0.01","1.01","0.01","0.175","0.13774193548387098","0.7847826086956522","0.31203389830508477","0.446271186440678","0.505"
"5","0.09541176470588235","0.2390588235294118","0.7165882352941176","0.4409411764705882","1.01","0.01","0.01","0.01","0.01","0.01","0.01","0.175","0.13774193548387098","0.7847826086956522","0.31203389830508477","0.46305084745762715","0.505"
"1","0.5263529411764706","0.05658823529411765","0.7631764705882352","0.6428235294117647","0.01","0.01","0.01","0.01","0.01","1.01","0.01","0.175","0.13774193548387098","0.7847826086956522","0.31203389830508477","0.46305084745762715","0.505"
"2","0.406","0.918470588235294","1.0","0.7903529411764706","0.01","1.01","0.01","0.01","0.01","0.01","0.01","0.175","0.13774193548387098","0.7847826086956522","0.31203389830508477","0.46305084745762715","0.505"
"0","0.794235294117647","0.21188235294117647","0.9534117647058823","0.2584705882352941","0.01","0.01","0.01","1.01","0.01","0.01","0.01","0.175","0.13774193548387098","0.7847826086956522","0.31203389830508477","0.46305084745762715","0.505"
"0","0.08376470588235294","0.9611764705882353","0.7748235294117647","0.4409411764705882","1.01","0.01","0.01","0.01","0.01","0.01","0.01","0.175","0.13774193548387098","0.7847826086956522","0.31203389830508477","0.46305084745762715","0.505"
"2","0.5496470588235294","0.3322352941176471","0.3982352941176471","0.6234117647058823","0.01","1.01","0.01","0.01","0.01","0.01","0.01","0.175","0.13774193548387098","0.7847826086956522","0.31203389830508477","0.46305084745762715","0.505"
"6","0.26623529411764707","0.9883529411764707","0.9805882352941176","0.3788235294117647","0.01","1.01","0.01","0.01","0.01","0.01","0.01","0.175","0.13774193548387098","0.7847826086956522","0.31203389830508477","0.46305084745762715","0.505"
"0","0.7631764705882352","0.8951764705882354","0.4758823529411765","0.9650588235294117","0.01","0.01","0.01","0.01","1.01","0.01","0.01","0.175","0.13774193548387098","0.7847826086956522","0.31203389830508477","0.46305084745762715","0.505"
"3","0.7981176470588235","0.4098823529411765","0.27788235294117647","0.9029411764705882","0.01","0.01","1.01","0.01","0.01","0.01","0.01","0.175","0.13774193548387098","0.7847826086956522","0.31203389830508477","0.46305084745762715","0.505"
"8","0.8291764705882353","0.03329411764705882","0.16529411764705884","0.4875294117647059","0.01","1.01","0.01","0.01","0.01","0.01","0.01","0.175","0.13774193548387098","0.7847826086956522","0.31203389830508477","0.46305084745762715","0.505"
"2","0.4525882352941177","0.7010588235294117","0.27788235294117647","0.9145882352941176","0.01","0.01","0.01","0.01","1.01","0.01","0.01","0.175","0.13774193548387098","0.7847826086956522","0.31203389830508477","0.46305084745762715","0.505"
"9","0.8563529411764705","0.7204705882352941","0.4331764705882353","0.6855294117647059","0.01","1.01","0.01","0.01","0.01","0.01","0.01","0.175","0.13774193548387098","0.7847826086956522","0.31203389830508477","0.46305084745762715","0.505"
"3","0.9689411764705882","0.8641176470588235","0.39435294117647063","0.07211764705882352","0.01","1.01","0.01","0.01","0.01","0.01","0.01","0.175","0.13774193548387098","0.7847826086956522","0.31203389830508477","0.46305084745762715","0.505"
"2","0.5302352941176471","0.6505882352941177","0.3904705882352941","0.7476470588235294","1.01","0.01","0.01","0.01","0.01","0.01","0.01","0.175","0.13774193548387098","0.7847826086956522","0.31203389830508477","0.4798305084745763","0.505"
"2","0.1458823529411765","0.5612941176470588","0.3982352941176471","0.36717647058823527","0.01","0.01","0.01","0.01","1.01","0.01","0.01","0.175","0.13774193548387098","0.7847826086956522","0.31203389830508477","0.4798305084745763","0.505"
"7","0.8990588235294118","0.21964705882352942","0.39435294117647063","0.076","0.01","0.01","0.01","0.01","0.01","0.01","1.01","0.175","0.13774193548387098","0.7847826086956522","0.31203389830508477","0.4798305084745763","0.505"
"0","0.8369411764705883","0.860235294117647","0.604","0.5729411764705882","1.01","0.01","0.01","0.01","0.01","0.01","0.01","0.175","0.13774193548387098","0.7847826086956522","0.31203389830508477","0.4798305084745763","0.505"
"7","0.8136470588235294","0.39435294117647063","0.33999999999999997","0.08376470588235294","0.01","0.01","0.01","0.01","0.01","1.01","0.01","0.175","0.13774193548387098","0.7847826086956522","0.31203389830508477","0.4798305084745763","0.505"
"9","0.8757647058823529","0.05270588235294118","0.21576470588235297","0.5263529411764706","0.01","0.01","0.01","0.01","1.01","0.01","0.01","0.175","0.13774193548387098","0.7847826086956522","0.31203389830508477","0.4798305084745763","0.505"
"1","0.406","0.8485882352941176","0.025529411764705884","0.22741176470588237","0.01","0.01","0.01","0.01","0.01","1.01","0.01","0.175","0.13774193548387098","0.7847826086956522","0.31203389830508477","0.4798305084745763","0.505"
"9","0.07988235294117646","0.9805882352941176","0.3011764705882353","0.31670588235294117","0.01","0.01","0.01","0.01","1.01","0.01","0.01","0.175","0.13774193548387098","0.7847826086956522","0.31203389830508477","0.4798305084745763","0.505"
"1","0.5923529411764706","0.860235294117647","0.1458823529411765","0.7165882352941176","0.01","0.01","0.01","0.01","0.01","0.01","1.01","0.175","0.13774193548387098","0.7847826086956522","0.31203389830508477","0.4798305084745763","0.505"
"1","0.6777647058823529","0.9611764705882353","0.4292941176470588","0.22741176470588237","0.01","1.01","0.01","0.01","0.01","0.01","0.01","0.175","0.13774193548387098","0.7847826086956522","0.31203389830508477","0.4798305084745763","0.505"
"7","0.5535294117647059","0.10705882352941176","0.7321176470588235","0.4021176470588235","0.01","1.01","0.01","0.01","0.01","0.01","0.01","0.175","0.13774193548387098","0.7847826086956522","0.31203389830508477","0.4798305084745763","0.505"
"3","0.7515294117647059","0.3788235294117647","0.5418823529411765","0.17694117647058824","0.01","0.01","0.01","0.01","0.01","0.01","1.01","0.175","0.13774193548387098","0.7847826086956522","0.31203389830508477","0.4798305084745763","0.505"
"9","0.4098823529411765","0.25070588235294117","0.8447058823529412","0.3749411764705883","1.01","0.01","0.01","0.01","0.01","0.01","0.01","0.175","0.13774193548387098","0.7847826086956522","0.31203389830508477","0.4966101694915255","0.505"
"5","0.041058823529411766","0.4409411764705882","0.7592941176470588","0.8408235294117647","0.01","0.01","0.01","0.01","0.01","1.01","0.01","0.175","0.13774193548387098","0.7847826086956522","0.31203389830508477","0.4966101694915255","0.505"
"7","0.3361176470588235","0.9883529411764707","0.8990588235294118","0.3244705882352941","0.01","0.01","0.01","0.01","0.01","1.01","0.01","0.175","0.13774193548387098","0.7847826086956522","0.31203389830508477","0.4966101694915255","0.505"
"3","0.3361176470588235","0.934","0.6350588235294118","0.21188235294117647","0.01","0.01","0.01","0.01","1.01","0.01","0.01","0.175","0.13774193548387098","0.7847826086956522","0.31203389830508477","0.4966101694915255","0.505"
"2","0.20023529411764707","0.30505882352941177","0.934","0.8214117647058823","0.01","0.01","1.01","0.01","0.01","0.01","0.01","0.175","0.13774193548387098","0.7847826086956522","0.31203389830508477","0.4966101694915255","0.505"
"6","0.7631764705882352","0.4603529411764706","0.9883529411764707","0.7670588235294117","0.01","0.01","0.01","0.01","0.01","1.01","0.01","0.175","0.13774193548387098","0.7847826086956522","0.31203389830508477","0.4966101694915255","0.505"
"5","0.3128235294117647","0.3244705882352941","0.2701176470588236","0.08764705882352941","0.01","0.01","1.01","0.01","0.01","0.01","0.01","0.175","0.13774193548387098","0.7847826086956522","0.31203389830508477","0.4966101694915255","0.505"
"0","0.11094117647058822","0.09541176470588235","0.918470588235294","0.9767058823529412","0.01","0.01","0.01","1.01","0.01","0.01","0.01","0.175","0.13774193548387098","0.7847826086956522","0.31203389830508477","0.4966101694915255","0.505"
"5","0.9145882352941176","0.2856470588235294","0.1303529411764706","0.604","1.01","0.01","0.01","0.01","0.01","0.01","0.01","0.175","0.13774193548387098","0.7847826086956522","0.31203389830508477","0.4966101694915255","0.505"
"0","1.0","0.6156470588235294","0.5807058823529412","0.2584705882352941","1.01","0.01","0.01","0.01","0.01","0.01","0.01","0.175","0.13774193548387098","0.7847826086956522","0.31203389830508477","0.4966101694915255","0.505"
"1","0.08764705882352941","0.25458823529411767","0.08764705882352941","0.1575294117647059","0.01","0.01","0.01","1.01","0.01","0.01","0.01","0.175","0.13774193548387098","0.7847826086956522","0.31203389830508477","0.4966101694915255","0.505"
"6","0.4137647058823529","0.8408235294117647","0.6428235294117647","0.02164705882352941","0.01","0.01","0.01","0.01","0.01","1.01","0.01","0.175","0.13774193548387098","0.7847826086956522","0.31203389830508477","0.4966101694915255","0.505"
"7","0.4797647058823529","0.05270588235294118","0.8912941176470588","0.8718823529411764","1.01","0.01","0.01","0.01","0.01","0.01","0.01","0.175","0.13774193548387098","0.7847826086956522","0.31203389830508477","0.4966101694915255","0.505"
"3","0.42152941176470593","0.8912941176470588","0.794235294117647","0.406","0.01","0.01","0.01","0.01","0.01","1.01","0.01","0.175","0.13774193548387098","0.7847826086956522","0.31203389830508477","0.5133898305084745","0.505"
"1","0.5185882352941176","0.3244705882352941","0.9301176470588236","0.9844705882352941","0.01","0.01","0.01","0.01","1.01","0.01","0.01","0.175","0.13774193548387098","0.7847826086956522","0.31203389830508477","0.5133898305084745","0.505"
"1","0.8291764705882353","0.5069411764705882","0.6234117647058823","0.9805882352941176","0.01","0.01","1.01","0.01","0.01","0.01","0.01","0.175","0.13774193548387098","0.7847826086956522","0.31203389830508477","0.5133898305084745","0.505"
"5","0.02164705882352941","0.8330588235294119","0.4331764705882353","0.7825882352941177","0.01","0.01","0.01","0.01","0.01","0.01","1.01","0.175","0.13774193548387098","0.7847826086956522","0.31203389830508477","0.5133898305084745","0.505"
"8","0.1148235294117647","0.3904705882352941","0.538","0.8214117647058823","0.01","1.01","0.01","0.01","0.01","0.01","0.01","0.175","0.13774193548387098","0.7847826086956522","0.31203389830508477","0.5133898305084745","0.505"
"2","0.7709411764705882","0.8330588235294119","0.7243529411764705","0.7476470588235294","1.01","0.01","0.01","0.01","0.01","0.01","0.01","0.175","0.13774193548387098","0.7847826086956522","0.31203389830508477","0.5133898305084745","0.505"
"3","0.604","0.934","0.39435294117647063","0.30505882352941177","0.01","0.01","0.01","0.01","1.01","0.01","0.01","0.175","0.13774193548387098","0.7847826086956522","0.31203389830508477","0.5133898305084745","0.505"
"3","0.8252941176470587","0.3244705882352941","0.076","0.4137647058823529","1.01","0.01","0.01","0.01","0.01","0.01","0.01","0.175","0.13774193548387098","0.7847826086956522","0.31203389830508477","0.5133898305084745","0.505"
"8","0.5302352941176471","0.8641176470588235","0.17305882352941176","0.4292941176470588","0.01","0.01","0.01","1.01","0.01","0.01","0.01","0.175","0.13774193548387098","0.7847826086956522","0.31203389830508477","0.5133898305084745","0.505"
"1","0.9650588235294117","0.7515294117647059","0.3827058823529412","0.3128235294117647","0.01","0.01","1.01","0.01","0.01","0.01","0.01","0.175","0.13774193548387098","0.7847826086956522","0.31203389830508477","0.5133898305084745","0.505"
"2","0.076","0.20800000000000002","0.05658823529411765","0.9495294117647058","0.01","1.01","0.01","0.01","0.01","0.01","0.01","0.175","0.13774193548387098","0.7847826086956522","0.31203389830508477","0.5133898305084745","0.505"
"8","0.604","0.9767058823529412","0.5185882352941176","0.1575294117647059","0.01","0.01","0.01","0.01","0.01","0.01","1.01","0.175","0.13774193548387098","0.7847826086956522","0.31203389830508477","0.5133898305084745","0.505"
"8","0.21964705882352942","0.04882352941176471","0.09152941176470587","0.04882352941176471","0.01","1.01","0.01","0.01","0.01","0.01","0.01","0.175","0.13774193548387098","0.7847826086956522","0.31203389830508477","0.5301694915254238","0.505"
"7","0.31670588235294117","0.743764705882353","0.02164705882352941","0.8097647058823529","0.01","0.01","0.01","0.01","0.01","1.01","0.01","0.175","0.13774193548387098","0.7847826086956522","0.31203389830508477","0.5301694915254238","0.505"
"0","0.3011764705882353","0.9689411764705882","0.3011764705882353","0.6467058823529412","0.01","0.01","0.01","0.01","0.01","0.01","1.01","0.175","0.13774193548387098","0.7847826086956522","0.31203389830508477","0.5301694915254238","0.505"
"9","0.041058823529411766","0.3827058823529412","0.6544705882352941","0.3361176470588235","1.01","0.01","0.01","0.01","0.01","0.01","0.01","0.175","0.13774193548387098","0.7847826086956522","0.31203389830508477","0.5301694915254238","0.505"
"8","0.1148235294117647","0.20411764705882354","0.5962352941176471","0.3632941176470588","0.01","0.01","0.01","0.01","0.01","0.01","1.01","0.175","0.13774193548387098","0.7847826086956522","0.31203389830508477","0.5301694915254238","0.505"
"0","0.14976470588235294","0.05658823529411765","0.8951764705882354","0.7631764705882352","0.01","0.01","0.01","0.01","1.01","0.01","0.01","0.175","0.13774193548387098","0.7847826086956522","0.31203389830508477","0.5301694915254238","0.505"
"7","0.7748235294117647","0.9805882352941176","0.8485882352941176","0.1847058823529412","0.01","0.01","0.01","0.01","0.01","1.01","0.01","0.175","0.13774193548387098","0.7847826086956522","0.31203389830508477","0.5301694915254238","0.505"
"3","0.28952941176470587","0.7127058823529412","0.4292941176470588","0.736","0.01","0.01","0.01","0.01","1.01","0.01","0.01","0.175","0.13774193548387098","0.7847826086956522","0.31203389830508477","0.5301694915254238","0.505"
"4","0.9572941176470589","0.01776470588235294","0.9767058823529412","0.01776470588235294","0.01","0.01","0.01","0.01","1.01","0.01","0.01","0.175","0.13774193548387098","0.7847826086956522","0.31203389830508477","0.5301694915254238","0.505"
"3","0.5341176470588236","0.07211764705882352","0.3632941176470588","0.9301176470588236","1.01","0.01","0.01","0.01","0.01","0.01","0.01","0.175","0.13774193548387098","0.7847826086956522","0.31203389830508477","0.5301694915254238","0.505"
"0","0.02164705882352941","0.274","0.7165882352941176","0.7592941176470588","0.01","0.01","0.01","1.01","0.01","0.01","0.01","0.175","0.13774193548387098","0.7847826086956522","0.31203389830508477","0.5301694915254238","0.505"
"6","0.7476470588235294","0.4370588235294118","0.5729411764705882","0.6428235294117647","0.01","0.01","0.01","0.01","0.01","1.01","0.01","0.175","0.13774193548387098","0.7847826086956522","0.31203389830508477","0.5301694915254238","0.505"
"8","0.8757647058823529","0.9961176470588236","0.5418823529411765","0.868","0.01","1.01","0.01","0.01","0.01","0.01","0.01","0.175","0.13774193548387098","0.7847826086956522","0.31203389830508477","0.5469491525423729","0.505"
"3","0.41764705882352937","0.9107058823529411","0.35552941176470587","0.9922352941176471","1.01","0.01","0.01","0.01","0.01","0.01","0.01","0.175","0.13774193548387098","0.7847826086956522","0.31203389830508477","0.5469491525423729","0.505"
"3","0.13423529411764706","0.9456470588235294","0.2390588235294118","0.4021176470588235","0.01","1.01","0.01","0.01","0.01","0.01","0.01","0.175","0.13774193548387098","0.7847826086956522","0.31203389830508477","0.5469491525423729","0.505"
"1","0.9068235294117647","0.941764705882353","0.44482352941176473","0.9107058823529411","0.01","0.01","0.01","0.01","1.01","0.01","0.01","0.175","0.13774193548387098","0.7847826086956522","0.31203389830508477","0.5469491525423729","0.505"
"7","0.5651764705882353","0.20800000000000002","0.604","0.9029411764705882","1.01","0.01","0.01","0.01","0.01","0.01","0.01","0.175","0.13774193548387098","0.7847826086956522","0.31203389830508477","0.5469491525423729","0.505"
"6","0.8214117647058823","0.347764705882353","0.05658823529411765","0.7592941176470588","0.01","0.01","1.01","0.01","0.01","0.01","0.01","0.175","0.13774193548387098","0.7847826086956522","0.31203389830508477","0.5469491525423729","0.505"
"3","0.5418823529411765","0.21576470588235297","0.2351764705882353","0.3749411764705883","0.01","0.01","0.01","0.01","1.01","0.01","0.01","0.175","0.13774193548387098","0.7847826086956522","0.31203389830508477","0.5469491525423729","0.505"
"1","0.09929411764705881","0.1148235294117647","0.5185882352941176","0.2701176470588236","0.01","0.01","1.01","0.01","0.01","0.01","0.01","0.175","0.13774193548387098","0.7847826086956522","0.31203389830508477","0.5469491525423729","0.505"
"6","0.9961176470588236","0.041058823529411766","0.4758823529411765","0.7165882352941176","1.01","0.01","0.01","0.01","0.01","0.01","0.01","0.175","0.13774193548387098","0.7847826086956522","0.31203389830508477","0.5469491525423729","0.505"
"0","0.5807058823529412","0.464235294117647","0.5224705882352941","0.3322352941176471","0.01","1.01","0.01","0.01","0.01","0.01","0.01","0.175","0.13774193548387098","0.7847826086956522","0.31203389830508477","0.5469491525423729","0.505"
"1","0.7243529411764705","0.7010588235294117","0.2390588235294118","0.26623529411764707","0.01","0.01","0.01","0.01","0.01","1.01","0.01","0.175","0.13774193548387098","0.7847826086956522","0.31203389830508477","0.5469491525423729","0.505"
"4","0.5651764705882353","0.9029411764705882","0.4292941176470588","0.1148235294117647","0.01","1.01","0.01","0.01","0.01","0.01","0.01","0.175","0.13774193548387098","0.7847826086956522","0.31203389830508477","0.5469491525423729","0.505"
"9","0.6971764705882353","0.24294117647058824","0.20800000000000002","0.06435294117647058","0.01","0.01","0.01","0.01","0.01","1.01","0.01","0.175","0.13774193548387098","0.7847826086956522","0.31203389830508477","0.5469491525423729","0.505"
"9","0.347764705882353","0.041058823529411766","0.9844705882352941","0.3904705882352941","0.01","0.01","0.01","1.01","0.01","0.01","0.01","0.175","0.13774193548387098","0.7847826086956522","0.31203389830508477","0.563728813559322","0.505"
"8","0.14200000000000002","0.941764705882353","0.7127058823529412","0.6156470588235294","0.01","0.01","0.01","1.01","0.01","0.01","0.01","0.175","0.13774193548387098","0.7847826086956522","0.31203389830508477","0.563728813559322","0.505"
"9","0.6350588235294118","0.6894117647058824","0.05658823529411765","0.743764705882353","0.01","1.01","0.01","0.01","0.01","0.01","0.01","0.175","0.13774193548387098","0.7847826086956522","0.31203389830508477","0.563728813559322","0.505"
"1","0.9805882352941176","0.14200000000000002","0.9961176470588236","0.01388235294117647","0.01","0.01","0.01","1.01","0.01","0.01","0.01","0.175","0.13774193548387098","0.7847826086956522","0.31203389830508477","0.563728813559322","0.505"
"5","0.17305882352941176","1.0","0.7049411764705882","0.1303529411764706","0.01","0.01","0.01","1.01","0.01","0.01","0.01","0.175","0.13774193548387098","0.7847826086956522","0.31203389830508477","0.5805084745762712","0.505"
"9","0.5341176470588236","0.6234117647058823","0.4758823529411765","0.8369411764705883","0.01","0.01","1.01","0.01","0.01","0.01","0.01","0.175","0.13774193548387098","0.7847826086956522","0.31203389830508477","0.5805084745762712","0.505"
"6","0.9572941176470589","0.8330588235294119","0.8990588235294118","0.7981176470588235","0.01","1.01","0.01","0.01","0.01","0.01","0.01","0.175","0.13774193548387098","0.7847826086956522","0.31203389830508477","0.5805084745762712","0.505"
"6","0.45647058823529413","0.28952941176470587","0.918470588235294","0.23129411764705884","1.01","0.01","0.01","0.01","0.01","0.01","0.01","0.175","0.13774193548387098","0.7847826086956522","0.31203389830508477","0.5805084745762712","0.505"
"0","0.7709411764705882","0.23129411764705884","0.6505882352941177","0.5807058823529412","1.01","0.01","0.01","0.01","0.01","0.01","0.01","0.175","0.13774193548387098","0.7847826086956522","0.31203389830508477","0.5805084745762712","0.505"
"3","0.604","0.9301176470588236","0.15364705882352944","0.7592941176470588","0.01","0.01","0.01","0.01","1.01","0.01","0.01","0.175","0.13774193548387098","0.7847826086956522","0.31203389830508477","0.5805084745762712","0.505"
"1","0.1148235294117647","0.7165882352941176","0.8990588235294118","0.3982352941176471","0.01","1.01","0.01","0.01","0.01","0.01","0.01","0.175","0.13774193548387098","0.7847826086956522","0.31203389830508477","0.5972881355932204","0.505"
"3","0.5457647058823529","0.6272941176470588","0.9883529411764707","0.3710588235294118","0.01","1.01","0.01","0.01","0.01","0.01","0.01","0.175","0.13774193548387098","0.7847826086956522","0.31203389830508477","0.5972881355932204","0.505"
"4","0.4292941176470588","0.6350588235294118","0.736","0.3982352941176471","0.01","1.01","0.01","0.01","0.01","0.01","0.01","0.175","0.13774193548387098","0.7847826086956522","0.31203389830508477","0.5972881355932204","0.505"
"2","0.01776470588235294","0.3205882352941177","0.4525882352941177","0.09152941176470587","0.01","1.01","0.01","0.01","0.01","0.01","0.01","0.175","0.13774193548387098","0.7847826086956522","0.31203389830508477","0.5972881355932204","0.505"
"7","0.4254117647058824","0.0371764705882353","0.6777647058823529","0.8757647058823529","0.01","0.01","0.01","0.01","0.01","0.01","1.01","0.175","0.13774193548387098","0.7847826086956522","0.31203389830508477","0.5972881355932204","0.505"
"5","0.7321176470588235","0.4331764705882353","0.5496470588235294","0.6544705882352941","0.01","0.01","0.01","0.01","0.01","1.01","0.01","0.175","0.13774193548387098","0.7847826086956522","0.31203389830508477","0.5972881355932204","0.505"
"0","0.4137647058823529","0.7282352941176471","0.4758823529411765","0.26235294117647057","0.01","0.01","0.01","0.01","1.01","0.01","0.01","0.175","0.13774193548387098","0.7847826086956522","0.31203389830508477","0.5972881355932204","0.505"
"2","0.7127058823529412","0.802","0.3982352941176471","0.4021176470588235","1.01","0.01","0.01","0.01","0.01","0.01","0.01","0.175","0.13774193548387098","0.7847826086956522","0.31203389830508477","0.5972881355932204","0.505"
"9","0.5457647058823529","0.406","0.8951764705882354","0.3438823529411765","0.01","0.01","1.01","0.01","0.01","0.01","0.01","0.175","0.13774193548387098","0.7847826086956522","0.31203389830508477","0.5972881355932204","0.505"
"9","0.6117647058823529","0.7127058823529412","0.9262352941176472","0.0371764705882353","0.01","1.01","0.01","0.01","0.01","0.01","0.01","0.175","0.13774193548387098","0.7847826086956522","0.31203389830508477","0.5972881355932204","0.505"
"2","0.281764705882353","0.10317647058823529","0.1148235294117647","0.4914117647058823","0.01","1.01","0.01","0.01","0.01","0.01","0.01","0.175","0.13774193548387098","0.7847826086956522","0.31203389830508477","0.5972881355932204","0.505"
"8","0.3632941176470588","0.2584705882352941","0.5729411764705882","0.6350588235294118","0.01","0.01","1.01","0.01","0.01","0.01","0.01","0.175","0.13774193548387098","0.7847826086956522","0.31203389830508477","0.6140677966101695","0.505"
"7","0.8912941176470588","0.5729411764705882","0.7670588235294117","0.8563529411764705","0.01","0.01","0.01","1.01","0.01","0.01","0.01","0.175","0.13774193548387098","0.7847826086956522","0.31203389830508477","0.6140677966101695","0.505"
"7","0.9883529411764707","0.3516470588235294","0.39435294117647063","0.10705882352941176","0.01","0.01","0.01","0.01","1.01","0.01","0.01","0.175","0.13774193548387098","0.7847826086956522","0.31203389830508477","0.6140677966101695","0.505"
"6","0.7554117647058823","0.30505882352941177","0.538","0.6894117647058824","0.01","0.01","0.01","0.01","0.01","0.01","1.01","0.175","0.13774193548387098","0.7847826086956522","0.31203389830508477","0.6140677966101695","0.505"
"9","0.05658823529411765","0.49529411764705883","0.041058823529411766","0.2351764705882353","0.01","1.01","0.01","0.01","0.01","0.01","0.01","0.175","0.13774193548387098","0.7847826086956522","0.31203389830508477","0.6140677966101695","0.505"
"3","0.21576470588235297","0.7243529411764705","0.9767058823529412","0.4875294117647059","0.01","0.01","0.01","0.01","0.01","1.01","0.01","0.175","0.13774193548387098","0.7847826086956522","0.31203389830508477","0.6140677966101695","0.505"
"8","0.1303529411764706","0.3089411764705882","0.19247058823529414","0.8097647058823529","0.01","0.01","0.01","0.01","0.01","1.01","0.01","0.175","0.13774193548387098","0.7847826086956522","0.31203389830508477","0.6140677966101695","0.505"
"1","0.39435294117647063","0.08376470588235294","0.8951764705882354","0.6505882352941177","0.01","0.01","0.01","0.01","1.01","0.01","0.01","0.175","0.13774193548387098","0.7847826086956522","0.31203389830508477","0.6140677966101695","0.505"
"7","0.42152941176470593","0.01","0.4098823529411765","0.918470588235294","0.01","1.01","0.01","0.01","0.01","0.01","0.01","0.175","0.13774193548387098","0.7847826086956522","0.31203389830508477","0.6140677966101695","0.505"
"1","0.03329411764705882","0.1575294117647059","0.6699999999999999","0.076","0.01","0.01","0.01","0.01","1.01","0.01","0.01","0.175","0.13774193548387098","0.7847826086956522","0.31203389830508477","0.6140677966101695","0.505"
"5","0.9650588235294117","0.49529411764705883","0.2934117647058823","0.4797647058823529","1.01","0.01","0.01","0.01","0.01","0.01","0.01","0.175","0.13774193548387098","0.7847826086956522","0.31203389830508477","0.6140677966101695","0.505"
"3","0.3632941176470588","0.9262352941176472","0.8563529411764705","0.20023529411764707","0.01","0.01","0.01","0.01","0.01","0.01","1.01","0.175","0.13774193548387098","0.7847826086956522","0.31203389830508477","0.6308474576271187","0.505"
"7","0.8369411764705883","0.25458823529411767","0.5496470588235294","0.4254117647058824","0.01","0.01","1.01","0.01","0.01","0.01","0.01","0.175","0.13774193548387098","0.7847826086956522","0.31203389830508477","0.6308474576271187","0.505"
"8","0.076","0.28952941176470587","0.6311764705882353","0.3244705882352941","0.01","0.01","0.01","0.01","0.01","1.01","0.01","0.175","0.13774193548387098","0.7847826086956522","0.31203389830508477","0.6308474576271187","0.505"
"8","0.4914117647058823","0.347764705882353","0.281764705882353","0.36717647058823527","0.01","0.01","0.01","0.01","0.01","0.01","1.01","0.175","0.13774193548387098","0.7847826086956522","0.31203389830508477","0.6308474576271187","0.505"
"7","0.5651764705882353","1.0","0.4021176470588235","0.2390588235294118","0.01","1.01","0.01","0.01","0.01","0.01","0.01","0.175","0.13774193548387098","0.7847826086956522","0.31203389830508477","0.6308474576271187","0.505"
"4","0.7088235294117647","0.5030588235294118","0.22741176470588237","0.7204705882352941","1.01","0.01","0.01","0.01","0.01","0.01","0.01","0.175","0.13774193548387098","0.7847826086956522","0.31203389830508477","0.6308474576271187","0.505"
"9","0.6234117647058823","0.860235294117647","0.736","0.10705882352941176","0.01","0.01","0.01","0.01","1.01","0.01","0.01","0.175","0.13774193548387098","0.7847826086956522","0.31203389830508477","0.6308474576271187","0.505"
"4","0.7825882352941177","0.3205882352941177","0.9572941176470589","0.4409411764705882","0.01","0.01","0.01","0.01","0.01","0.01","1.01","0.175","0.13774193548387098","0.7847826086956522","0.31203389830508477","0.6308474576271187","0.505"
"6","0.4292941176470588","0.7864705882352941","0.5069411764705882","0.8175294117647058","0.01","0.01","0.01","1.01","0.01","0.01","0.01","0.175","0.13774193548387098","0.7847826086956522","0.31203389830508477","0.6308474576271187","0.505"
"6","0.16917647058823532","0.743764705882353","0.406","0.44482352941176473","0.01","0.01","0.01","0.01","1.01","0.01","0.01","0.175","0.13774193548387098","0.7847826086956522","0.31203389830508477","0.6308474576271187","0.505"
"9","0.3594117647058824","0.868","0.6350588235294118","0.1303529411764706","0.01","1.01","0.01","0.01","0.01","0.01","0.01","0.175","0.13774193548387098","0.7847826086956522","0.31203389830508477","0.6308474576271187","0.505"
"6","0.8874117647058823","0.09541176470588235","0.10317647058823529","0.4603529411764706","0.01","0.01","0.01","1.01","0.01","0.01","0.01","0.175","0.13774193548387098","0.7847826086956522","0.31203389830508477","0.6308474576271187","0.505"
"2","0.044941176470588234","0.18858823529411764","0.21964705882352942","0.934","0.01","0.01","0.01","0.01","1.01","0.01","0.01","0.175","0.13774193548387098","0.7847826086956522","0.31203389830508477","0.6308474576271187","0.505"
"7","0.3827058823529412","0.5845882352941177","0.7010588235294117","0.8835294117647059","0.01","1.01","0.01","0.01","0.01","0.01","0.01","0.175","0.13774193548387098","0.7847826086956522","0.31203389830508477","0.6476271186440677","0.505"
"1","0.4098823529411765","0.5418823529411765","0.2351764705882353","0.3904705882352941","0.01","0.01","0.01","0.01","1.01","0.01","0.01","0.175","0.13774193548387098","0.7847826086956522","0.31203389830508477","0.6476271186440677","0.505"
"1","0.2701176470588236","0.3283529411764706","0.0371764705882353","0.26623529411764707","0.01","1.01","0.01","0.01","0.01","0.01","0.01","0.175","0.13774193548387098","0.7847826086956522","0.31203389830508477","0.6476271186440677","0.505"
"3","0.464235294117647","0.7010588235294117","0.5535294117647059","0.2972941176470589","0.01","0.01","0.01","0.01","1.01","0.01","0.01","0.175","0.13774193548387098","0.7847826086956522","0.31203389830508477","0.6476271186440677","0.505"
"4","0.49529411764705883","0.03329411764705882","0.8718823529411764","0.6661176470588235","0.01","1.01","0.01","0.01","0.01","0.01","0.01","0.175","0.13774193548387098","0.7847826086956522","0.31203389830508477","0.6476271186440677","0.505"
"1","0.6234117647058823","0.6467058823529412","0.029411764705882353","0.3128235294117647","0.01","0.01","0.01","0.01","1.01","0.01","0.01","0.175","0.13774193548387098","0.7847826086956522","0.31203389830508477","0.6476271186440677","0.505"
"1","0.3438823529411765","0.2972941176470589","0.5457647058823529","0.28952941176470587","1.01","0.01","0.01","0.01","0.01","0.01","0.01","0.175","0.13774193548387098","0.7847826086956522","0.31203389830508477","0.6476271186440677","0.505"
"9","0.6738823529411764","0.8097647058823529","0.6932941176470588","0.918470588235294","0.01","1.01","0.01","0.01","0.01","0.01","0.01","0.175","0.13774193548387098","0.7847826086956522","0.31203389830508477","0.6476271186440677","0.505"
"3","0.5263529411764706","0.4254117647058824","0.25070588235294117","0.1963529411764706","0.01","0.01","0.01","0.01","0.01","1.01","0.01","0.175","0.13774193548387098","0.7847826086956522","0.31203389830508477","0.6476271186440677","0.505"
"9","0.941764705882353","0.21576470588235297","0.6234117647058823","0.6272941176470588","0.01","1.01","0.01","0.01","0.01","0.01","0.01","0.175","0.13774193548387098","0.7847826086956522","0.31203389830508477","0.6476271186440677","0.505"
"7","0.5496470588235294","0.44482352941176473","0.44482352941176473","0.16529411764705884","0.01","0.01","0.01","1.01","0.01","0.01","0.01","0.175","0.13774193548387098","0.7847826086956522","0.31203389830508477","0.6476271186440677","0.505"
"7","0.1264705882352941","0.6195294117647059","0.16529411764705884","0.08764705882352941","0.01","0.01","0.01","0.01","0.01","1.01","0.01","0.175","0.13774193548387098","0.7847826086956522","0.31203389830508477","0.664406779661017","0.505"
"1","0.01776470588235294","0.3361176470588235","0.6932941176470588","0.3011764705882353","0.01","0.01","0.01","1.01","0.01","0.01","0.01","0.175","0.13774193548387098","0.7847826086956522","0.31203389830508477","0.664406779661017","0.505"
"7","0.5962352941176471","0.3788235294117647","0.7165882352941176","0.406","0.01","0.01","0.01","1.01","0.01","0.01","0.01","0.175","0.13774193548387098","0.7847826086956522","0.31203389830508477","0.664406779661017","0.505"
"2","0.5845882352941177","0.8835294117647059","0.3128235294117647","0.8447058823529412","0.01","0.01","0.01","1.01","0.01","0.01","0.01","0.175","0.13774193548387098","0.7847826086956522","0.31203389830508477","0.664406779661017","0.505"
"4","0.2934117647058823","0.3982352941176471","0.27788235294117647","0.5224705882352941","1.01","0.01","0.01","0.01","0.01","0.01","0.01","0.175","0.13774193548387098","0.7847826086956522","0.31203389830508477","0.664406779661017","0.505"
"6","0.6272941176470588","0.934","0.1847058823529412","0.7243529411764705","1.01","0.01","0.01","0.01","0.01","0.01","0.01","0.175","0.13774193548387098","0.7847826086956522","0.31203389830508477","0.664406779661017","0.505"
"9","0.3361176470588235","0.1575294117647059","0.2235294117647059","0.14200000000000002","0.01","0.01","1.01","0.01","0.01","0.01","0.01","0.175","0.13774193548387098","0.7847826086956522","0.31203389830508477","0.664406779661017","0.505"
"1","0.3827058823529412","0.14976470588235294","0.5185882352941176","0.8718823529411764","1.01","0.01","0.01","0.01","0.01","0.01","0.01","0.175","0.13774193548387098","0.7847826086956522","0.31203389830508477","0.664406779661017","0.505"
"8","0.20800000000000002","0.0371764705882353","0.044941176470588234","0.3089411764705882","0.01","0.01","0.01","1.01","0.01","0.01","0.01","0.175","0.13774193548387098","0.7847826086956522","0.31203389830508477","0.664406779661017","0.505"
"8","0.7670588235294117","0.3516470588235294","0.8718823529411764","0.3749411764705883","0.01","0.01","0.01","1.01","0.01","0.01","0.01","0.175","0.13774193548387098","0.7847826086956522","0.31203389830508477","0.664406779661017","0.505"
"1","0.5147058823529411","0.23129411764705884","0.4292941176470588","0.3865882352941176","0.01","0.01","1.01","0.01","0.01","0.01","0.01","0.175","0.13774193548387098","0.7847826086956522","0.31203389830508477","0.664406779661017","0.505"
"3","0.5457647058823529","0.7088235294117647","0.15364705882352944","0.05658823529411765","0.01","0.01","0.01","1.01","0.01","0.01","0.01","0.175","0.13774193548387098","0.7847826086956522","0.31203389830508477","0.664406779661017","0.505"
"8","0.274","0.9650588235294117","0.4914117647058823","0.3516470588235294","0.01","0.01","1.01","0.01","0.01","0.01","0.01","0.175","0.13774193548387098","0.7847826086956522","0.31203389830508477","0.6811864406779661","0.505"
"5","0.3904705882352941","0.18082352941176472","0.5651764705882353","0.1458823529411765","0.01","0.01","0.01","0.01","1.01","0.01","0.01","0.175","0.13774193548387098","0.7847826086956522","0.31203389830508477","0.6811864406779661","0.505"
"2","0.5185882352941176","0.8369411764705883","0.8330588235294119","0.4098823529411765","0.01","0.01","1.01","0.01","0.01","0.01","0.01","0.175","0.13774193548387098","0.7847826086956522","0.31203389830508477","0.6811864406779661","0.505"
"5","0.16529411764705884","0.604","0.20800000000000002","0.08764705882352941","1.01","0.01","0.01","0.01","0.01","0.01","0.01","0.175","0.13774193548387098","0.7847826086956522","0.31203389830508477","0.6811864406779661","0.505"
"5","0.9650588235294117","0.5690588235294117","0.8408235294117647","0.6777647058823529","0.01","0.01","0.01","0.01","1.01","0.01","0.01","0.175","0.13774193548387098","0.7847826086956522","0.31203389830508477","0.6811864406779661","0.505"
"9","0.7825882352941177","0.8291764705882353","0.9767058823529412","0.27788235294117647","0.01","0.01","0.01","1.01","0.01","0.01","0.01","0.175","0.13774193548387098","0.7847826086956522","0.31203389830508477","0.6811864406779661","0.505"
"1","0.25458823529411767","0.21188235294117647","0.5651764705882353","0.9029411764705882","0.01","0.01","0.01","1.01","0.01","0.01","0.01","0.175","0.13774193548387098","0.7847826086956522","0.31203389830508477","0.6811864406779661","0.505"
"2","0.8214117647058823","0.09541176470588235","0.4681176470588236","0.5030588235294118","0.01","0.01","1.01","0.01","0.01","0.01","0.01","0.175","0.13774193548387098","0.7847826086956522","0.31203389830508477","0.6811864406779661","0.505"
"4","0.17305882352941176","0.8097647058823529","0.6777647058823529","0.8524705882352941","1.01","0.01","0.01","0.01","0.01","0.01","0.01","0.175","0.13774193548387098","0.7847826086956522","0.31203389830508477","0.6811864406779661","0.505"
"0","0.274","0.9883529411764707","0.6932941176470588","0.18082352941176472","0.01","0.01","0.01","0.01","1.01","0.01","0.01","0.175","0.13774193548387098","0.7847826086956522","0.31203389830508477","0.6811864406779661","0.505"
"5","0.15364705882352944","0.41764705882352937","0.24682352941176472","0.7903529411764706","0.01","1.01","0.01","0.01","0.01","0.01","0.01","0.175","0.13774193548387098","0.7847826086956522","0.31203389830508477","0.6811864406779661","0.505"
"8","0.743764705882353","0.30505882352941177","0.8175294117647058","0.3322352941176471","0.01","0.01","0.01","1.01","0.01","0.01","0.01","0.175","0.13774193548387098","0.7847826086956522","0.31203389830508477","0.6811864406779661","0.505"
"4","0.7825882352941177","0.4603529411764706","0.5690588235294117","0.9456470588235294","0.01","0.01","0.01","0.01","1.01","0.01","0.01","0.175","0.13774193548387098","0.7847826086956522","0.31203389830508477","0.6979661016949152","0.505"
"7","0.19247058823529414","0.6544705882352941","0.23129411764705884","0.8912941176470588","0.01","0.01","0.01","0.01","0.01","1.01","0.01","0.175","0.13774193548387098","0.7847826086956522","0.31203389830508477","0.6979661016949152","0.505"
"3","0.9029411764705882","0.802","0.7592941176470588","0.9029411764705882","0.01","0.01","0.01","0.01","1.01","0.01","0.01","0.175","0.13774193548387098","0.7847826086956522","0.31203389830508477","0.6979661016949152","0.505"
"5","0.5651764705882353","0.8097647058823529","0.28952941176470587","0.22741176470588237","0.01","0.01","0.01","1.01","0.01","0.01","0.01","0.175","0.13774193548387098","0.7847826086956522","0.31203389830508477","0.6979661016949152","0.505"
"9","0.7631764705882352","0.45647058823529413","0.7127058823529412","0.7282352941176471","0.01","1.01","0.01","0.01","0.01","0.01","0.01","0.175","0.13774193548387098","0.7847826086956522","0.31203389830508477","0.6979661016949152","0.505"
"0","0.868","0.8718823529411764","0.3788235294117647","0.41764705882352937","0.01","0.01","0.01","1.01","0.01","0.01","0.01","0.175","0.13774193548387098","0.7847826086956522","0.31203389830508477","0.6979661016949152","0.505"
"5","0.041058823529411766","0.5923529411764706","0.30505882352941177","0.9961176470588236","0.01","0.01","0.01","0.01","1.01","0.01","0.01","0.175","0.13774193548387098","0.7847826086956522","0.31203389830508477","0.6979661016949152","0.505"
"3","0.3982352941176471","0.934","0.9107058823529411","0.5341176470588236","1.01","0.01","0.01","0.01","0.01","0.01","0.01","0.175","0.13774193548387098","0.7847826086956522","0.31203389830508477","0.6979661016949152","0.505"
"2","0.25458823529411767","0.04882352941176471","0.35552941176470587","0.8874117647058823","0.01","0.01","0.01","1.01","0.01","0.01","0.01","0.175","0.13774193548387098","0.7847826086956522","0.31203389830508477","0.6979661016949152","0.505"
"3","0.45647058823529413","0.8447058823529412","0.406","0.4292941176470588","0.01","0.01","0.01","0.01","0.01","1.01","0.01","0.175","0.13774193548387098","0.7847826086956522","0.31203389830508477","0.6979661016949152","0.505"
"7","0.1148235294117647","0.347764705882353","0.8175294117647058","0.09152941176470587","0.01","0.01","0.01","0.01","0.01","0.01","1.01","0.175","0.13774193548387098","0.7847826086956522","0.31203389830508477","0.6979661016949152","0.505"
"6","0.604","0.1575294117647059","0.736","0.2856470588235294","0.01","0.01","0.01","1.01","0.01","0.01","0.01","0.175","0.13774193548387098","0.7847826086956522","0.31203389830508477","0.6979661016949152","0.505"
"1","0.7321176470588235","0.5418823529411765","0.8718823529411764","0.9728235294117646","0.01","0.01","1.01","0.01","0.01","0.01","0.01","0.175","0.13774193548387098","0.7847826086956522","0.31203389830508477","0.7147457627118644","0.505"
"9","0.22741176470588237","0.3438823529411765","0.0371764705882353","0.7787058823529412","0.01","1.01","0.01","0.01","0.01","0.01","0.01","0.175","0.13774193548387098","0.7847826086956522","0.31203389830508477","0.7147457627118644","0.505"
"1","0.5612941176470588","0.7748235294117647","0.5341176470588236","0.5069411764705882","0.01","1.01","0.01","0.01","0.01","0.01","0.01","0.175","0.13774193548387098","0.7847826086956522","0.31203389830508477","0.7147457627118644","0.505"
"4","0.6661176470588235","0.09929411764705881","0.5729411764705882","0.4487058823529412","0.01","0.01","0.01","0.01","1.01","0.01","0.01","0.175","0.13774193548387098","0.7847826086956522","0.31203389830508477","0.7147457627118644","0.505"
"4","0.10705882352941176","0.16141176470588237","0.2584705882352941","0.6001176470588235","0.01","1.01","0.01","0.01","0.01","0.01","0.01","0.175","0.13774193548387098","0.7847826086956522","0.31203389830508477","0.7147457627118644","0.505"
"9","0.8408235294117647","0.8990588235294118","0.20411764705882354","0.6894117647058824","0.01","0.01","1.01","0.01","0.01","0.01","0.01","0.175","0.13774193548387098","0.7847826086956522","0.31203389830508477","0.7147457627118644","0.505"
"1","0.5574117647058824","0.9534117647058823","0.7864705882352941","0.7864705882352941","0.01","1.01","0.01","0.01","0.01","0.01","0.01","0.175","0.13774193548387098","0.7847826086956522","0.31203389830508477","0.7147457627118644","0.505"
"0","0.7631764705882352","0.3089411764705882","0.4914117647058823","0.09929411764705881","0.01","0.01","0.01","0.01","0.01","1.01","0.01","0.175","0.13774193548387098","0.7847826086956522","0.31203389830508477","0.7147457627118644","0.505"
"1","0.07988235294117646","0.5147058823529411","0.3361176470588235","0.662235294117647","0.01","0.01","1.01","0.01","0.01","0.01","0.01","0.175","0.13774193548387098","0.7847826086956522","0.31203389830508477","0.7147457627118644","0.505"
"3","0.05270588235294118","0.8835294117647059","0.3438823529411765","0.743764705882353","0.01","0.01","0.01","0.01","0.01","0.01","1.01","0.175","0.13774193548387098","0.7847826086956522","0.31203389830508477","0.7147457627118644","0.505"
"6","0.6156470588235294","0.794235294117647","0.3322352941176471","0.35552941176470587","0.01","0.01","0.01","0.01","0.01","0.01","1.01","0.175","0.13774193548387098","0.7847826086956522","0.31203389830508477","0.7147457627118644","0.505"
"9","0.4292941176470588","0.39435294117647063","0.4254117647058824","0.2235294117647059","0.01","0.01","0.01","1.01","0.01","0.01","0.01","0.175","0.13774193548387098","0.7847826086956522","0.31203389830508477","0.7147457627118644","0.505"
"4","0.9689411764705882","0.4758823529411765","0.8990588235294118","0.662235294117647","0.01","0.01","0.01","0.01","0.01","1.01","0.01","0.175","0.13774193548387098","0.7847826086956522","0.31203389830508477","0.7315254237288135","0.505"
"7","0.35552941176470587","1.0","0.868","0.9301176470588236","0.01","0.01","0.01","0.01","0.01","0.01","1.01","0.175","0.13774193548387098","0.7847826086956522","0.31203389830508477","0.7315254237288135","0.505"
"0","0.5768235294117646","0.9689411764705882","0.060470588235294116","0.8214117647058823","0.01","0.01","0.01","0.01","0.01","1.01","0.01","0.175","0.13774193548387098","0.7847826086956522","0.31203389830508477","0.7315254237288135","0.505"
"2","0.6855294117647059","0.3283529411764706","0.5690588235294117","0.6699999999999999","0.01","0.01","0.01","0.01","0.01","0.01","1.01","0.175","0.13774193548387098","0.7847826086956522","0.31203389830508477","0.7315254237288135","0.505"
"6","0.4487058823529412","0.10317647058823529","0.6932941176470588","0.4021176470588235","0.01","0.01","0.01","0.01","0.01","1.01","0.01","0.175","0.13774193548387098","0.7847826086956522","0.31203389830508477","0.7315254237288135","0.505"
"0","0.3205882352941177","0.347764705882353","0.8718823529411764","0.5807058823529412","0.01","0.01","1.01","0.01","0.01","0.01","0.01","0.175","0.13774193548387098","0.7847826086956522","0.31203389830508477","0.7315254237288135","0.505"
"6","0.9805882352941176","0.6777647058823529","0.9689411764705882","0.07988235294117646","0.01","1.01","0.01","0.01","0.01","0.01","0.01","0.175","0.13774193548387098","0.7847826086956522","0.31203389830508477","0.7315254237288135","0.505"
"7","0.9223529411764705","0.4875294117647059","0.9262352941176472","0.1575294117647059","0.01","0.01","0.01","0.01","0.01","1.01","0.01","0.175","0.13774193548387098","0.7847826086956522","0.31203389830508477","0.7315254237288135","0.505"
"1","0.5923529411764706","0.6234117647058823","0.14976470588235294","0.0371764705882353","0.01","0.01","0.01","0.01","1.01","0.01","0.01","0.175","0.13774193548387098","0.7847826086956522","0.31203389830508477","0.7315254237288135","0.505"
"8","0.5612941176470588","0.26623529411764707","0.2390588235294118","0.5224705882352941","0.01","1.01","0.01","0.01","0.01","0.01","0.01","0.175","0.13774193548387098","0.7847826086956522","0.31203389830508477","0.7315254237288135","0.505"
"5","0.5418823529411765","0.6544705882352941","0.7631764705882352","0.5496470588235294","0.01","0.01","0.01","0.01","1.01","0.01","0.01","0.175","0.13774193548387098","0.7847826086956522","0.31203389830508477","0.7483050847457627","0.505"
"3","0.5651764705882353","0.076","0.5030588235294118","0.9844705882352941","0.01","0.01","0.01","0.01","1.01","0.01","0.01","0.175","0.13774193548387098","0.7847826086956522","0.31203389830508477","0.7483050847457627","0.505"
"4","0.23129411764705884","0.9262352941176472","0.8641176470588235","0.8447058823529412","0.01","0.01","0.01","0.01","0.01","1.01","0.01","0.175","0.13774193548387098","0.7847826086956522","0.31203389830508477","0.7483050847457627","0.505"
"7","0.934","0.4914117647058823","0.1148235294117647","0.11094117647058822","1.01","0.01","0.01","0.01","0.01","0.01","0.01","0.175","0.13774193548387098","0.7847826086956522","0.31203389830508477","0.7483050847457627","0.505"
"5","0.02164705882352941","0.18082352941176472","0.4254117647058824","0.736","0.01","1.01","0.01","0.01","0.01","0.01","0.01","0.175","0.13774193548387098","0.7847826086956522","0.31203389830508477","0.7483050847457627","0.505"
"7","0.6583529411764706","0.2934117647058823","0.8718823529411764","0.7049411764705882","0.01","1.01","0.01","0.01","0.01","0.01","0.01","0.175","0.13774193548387098","0.7847826086956522","0.31203389830508477","0.7483050847457627","0.505"
"0","0.7127058823529412","0.9572941176470589","0.4409411764705882","0.1303529411764706","0.01","0.01","0.01","0.01","0.01","0.01","1.01","0.175","0.13774193548387098","0.7847826086956522","0.31203389830508477","0.7483050847457627","0.505"
"9","0.8874117647058823","0.16141176470588237","0.42152941176470593","0.5962352941176471","0.01","0.01","0.01","0.01","1.01","0.01","0.01","0.175","0.13774193548387098","0.7847826086956522","0.31203389830508477","0.7483050847457627","0.505"
"7","0.7787058823529412","0.8214117647058823","0.9223529411764705","0.4875294117647059","0.01","0.01","0.01","0.01","1.01","0.01","0.01","0.175","0.13774193548387098","0.7847826086956522","0.31203389830508477","0.7483050847457627","0.505"
"4","1.0","0.5185882352941176","0.6311764705882353","0.8835294117647059","0.01","0.01","0.01","1.01","0.01","0.01","0.01","0.175","0.13774193548387098","0.7847826086956522","0.31203389830508477","0.7483050847457627","0.505"
"9","0.5884705882352942","0.6428235294117647","0.7670588235294117","0.8718823529411764","0.01","0.01","0.01","1.01","0.01","0.01","0.01","0.175","0.13774193548387098","0.7847826086956522","0.31203389830508477","0.7483050847457627","0.505"
"4","0.6272941176470588","0.8563529411764705","0.20023529411764707","0.041058823529411766","0.01","0.01","1.01","0.01","0.01","0.01","0.01","0.175","0.13774193548387098","0.7847826086956522","0.31203389830508477","0.7483050847457627","0.505"
"0","0.7825882352941177","0.802","0.8757647058823529","0.19247058823529414","0.01","0.01","0.01","1.01","0.01","0.01","0.01","0.175","0.13774193548387098","0.7847826086956522","0.31203389830508477","0.7650847457627118","0.505"
"9","0.1303529411764706","0.860235294117647","0.08764705882352941","0.3788235294117647","1.01","0.01","0.01","0.01","0.01","0.01","0.01","0.175","0.13774193548387098","0.7847826086956522","0.31203389830508477","0.7650847457627118","0.505"
"8","0.5768235294117646","0.2390588235294118","0.6428235294117647","0.5108235294117647","0.01","0.01","0.01","0.01","0.01","1.01","0.01","0.175","0.13774193548387098","0.7847826086956522","0.31203389830508477","0.7650847457627118","0.505"
"6","0.7398823529411765","0.3128235294117647","0.7981176470588235","0.5496470588235294","0.01","0.01","0.01","1.01","0.01","0.01","0.01","0.175","0.13774193548387098","0.7847826086956522","0.31203389830508477","0.7650847457627118","0.505"
"6","0.18082352941176472","0.1148235294117647","0.4797647058823529","0.33999999999999997","0.01","0.01","0.01","0.01","1.01","0.01","0.01","0.175","0.13774193548387098","0.7847826086956522","0.31203389830508477","0.7650847457627118","0.505"
"8","0.2351764705882353","0.5807058823529412","0.347764705882353","0.5457647058823529","0.01","0.01","0.01","0.01","0.01","1.01","0.01","0.175","0.13774193548387098","0.7847826086956522","0.31203389830508477","0.7650847457627118","0.505"
"6","0.8058823529411765","0.3516470588235294","0.18082352941176472","0.6544705882352941","0.01","0.01","0.01","0.01","0.01","0.01","1.01","0.175","0.13774193548387098","0.7847826086956522","0.31203389830508477","0.7650847457627118","0.505"
"0","0.868","0.7010588235294117","0.5690588235294117","0.5341176470588236","0.01","1.01","0.01","0.01","0.01","0.01","0.01","0.175","0.13774193548387098","0.7847826086956522","0.31203389830508477","0.7650847457627118","0.505"
"6","0.5612941176470588","0.3827058823529412","0.8718823529411764","0.8369411764705883","0.01","0.01","0.01","0.01","0.01","1.01","0.01","0.175","0.13774193548387098","0.7847826086956522","0.31203389830508477","0.7650847457627118","0.505"
"0","0.7515294117647059","0.6234117647058823","0.7825882352941177","0.7787058823529412","1.01","0.01","0.01","0.01","0.01","0.01","0.01","0.175","0.13774193548387098","0.7847826086956522","0.31203389830508477","0.7650847457627118","0.505"
"2","0.8136470588235294","0.5341176470588236","0.9068235294117647","0.2390588235294118","0.01","0.01","0.01","0.01","0.01","0.01","1.01","0.175","0.13774193548387098","0.7847826086956522","0.31203389830508477","0.7818644067796611","0.505"
"1","0.7282352941176471","0.9922352941176471","0.9844705882352941","0.860235294117647","0.01","0.01","1.01","0.01","0.01","0.01","0.01","0.175","0.13774193548387098","0.7847826086956522","0.31203389830508477","0.7818644067796611","0.505"
"4","0.08376470588235294","0.1847058823529412","0.3128235294117647","0.2390588235294118","0.01","1.01","0.01","0.01","0.01","0.01","0.01","0.175","0.13774193548387098","0.7847826086956522","0.31203389830508477","0.7818644067796611","0.505"
"9","0.802","0.6583529411764706","0.8874117647058823","0.10705882352941176","0.01","0.01","1.01","0.01","0.01","0.01","0.01","0.175","0.13774193548387098","0.7847826086956522","0.31203389830508477","0.7818644067796611","0.505"
"6","0.6971764705882353","0.2701176470588236","0.5729411764705882","0.13423529411764706","0.01","0.01","0.01","0.01","0.01","1.01","0.01","0.175","0.13774193548387098","0.7847826086956522","0.31203389830508477","0.7818644067796611","0.505"
"7","0.5418823529411765","0.6311764705882353","0.5185882352941176","0.4681176470588236","0.01","0.01","0.01","0.01","0.01","0.01","1.01","0.175","0.13774193548387098","0.7847826086956522","0.31203389830508477","0.7818644067796611","0.505"
"0","0.3982352941176471","0.7592941176470588","0.736","0.6661176470588235","0.01","0.01","0.01","0.01","0.01","1.01","0.01","0.175","0.13774193548387098","0.7847826086956522","0.31203389830508477","0.7818644067796611","0.505"
"2","0.7515294117647059","0.7825882352941177","0.25070588235294117","0.6195294117647059","0.01","0.01","0.01","0.01","0.01","0.01","1.01","0.175","0.13774193548387098","0.7847826086956522","0.31203389830508477","0.7818644067796611","0.505"
"1","0.025529411764705884","0.3089411764705882","0.8524705882352941","0.25458823529411767","0.01","0.01","0.01","0.01","1.01","0.01","0.01","0.175","0.13774193548387098","0.7847826086956522","0.31203389830508477","0.7818644067796611","0.505"
"1","0.3788235294117647","0.7748235294117647","0.5845882352941177","0.9495294117647058","0.01","0.01","0.01","1.01","0.01","0.01","0.01","0.175","0.13774193548387098","0.7847826086956522","0.31203389830508477","0.7818644067796611","0.505"
"6","0.6389411764705882","0.6389411764705882","0.8563529411764705","0.3128235294117647","0.01","1.01","0.01","0.01","0.01","0.01","0.01","0.175","0.13774193548387098","0.7847826086956522","0.31203389830508477","0.7818644067796611","0.505"
"7","0.3322352941176471","0.7748235294117647","0.3322352941176471","0.05658823529411765","0.01","1.01","0.01","0.01","0.01","0.01","0.01","0.175","0.13774193548387098","0.7847826086956522","0.31203389830508477","0.7818644067796611","0.505"
"3","0.9029411764705882","0.1458823529411765","0.24294117647058824","0.538","0.01","0.01","0.01","0.01","1.01","0.01","0.01","0.175","0.13774193548387098","0.7847826086956522","0.31203389830508477","0.7986440677966101","0.505"
"7","0.13423529411764706","0.8214117647058823","0.01388235294117647","0.2235294117647059","0.01","0.01","0.01","0.01","0.01","1.01","0.01","0.175","0.13774193548387098","0.7847826086956522","0.31203389830508477","0.7986440677966101","0.505"
"1","0.7243529411764705","0.1264705882352941","0.8641176470588235","0.06435294117647058","0.01","0.01","0.01","0.01","0.01","0.01","1.01","0.175","0.13774193548387098","0.7847826086956522","0.31203389830508477","0.7986440677966101","0.505"
"9","0.19247058823529414","0.4370588235294118","0.4331764705882353","0.8912941176470588","0.01","0.01","0.01","0.01","1.01","0.01","0.01","0.175","0.13774193548387098","0.7847826086956522","0.31203389830508477","0.7986440677966101","0.505"
"8","0.604","0.4409411764705882","0.7165882352941176","0.4137647058823529","0.01","0.01","1.01","0.01","0.01","0.01","0.01","0.175","0.13774193548387098","0.7847826086956522","0.31203389830508477","0.7986440677966101","0.505"
"4","0.7088235294117647","0.05658823529411765","0.5962352941176471","0.5147058823529411","0.01","0.01","0.01","0.01","0.01","1.01","0.01","0.175","0.13774193548387098","0.7847826086956522","0.31203389830508477","0.7986440677966101","0.505"
"4","0.406","0.01","0.6311764705882353","0.27788235294117647","1.01","0.01","0.01","0.01","0.01","0.01","0.01","0.175","0.13774193548387098","0.7847826086956522","0.31203389830508477","0.7986440677966101","0.505"
"2","0.3089411764705882","0.274","0.5535294117647059","0.6738823529411764","0.01","0.01","0.01","0.01","0.01","1.01","0.01","0.175","0.13774193548387098","0.7847826086956522","0.31203389830508477","0.7986440677966101","0.505"
"2","0.6117647058823529","0.14200000000000002","0.01","0.4875294117647059","0.01","0.01","0.01","0.01","0.01","1.01","0.01","0.175","0.13774193548387098","0.7847826086956522","0.31203389830508477","0.7986440677966101","0.505"
"6","0.4603529411764706","0.47200000000000003","0.934","0.49917647058823533","1.01","0.01","0.01","0.01","0.01","0.01","0.01","0.175","0.13774193548387098","0.7847826086956522","0.31203389830508477","0.7986440677966101","0.505"
"5","0.3827058823529412","0.8563529411764705","0.4021176470588235","0.5302352941176471","0.01","0.01","0.01","0.01","0.01","1.01","0.01","0.175","0.13774193548387098","0.7847826086956522","0.31203389830508477","0.8154237288135594","0.505"
"3","0.4331764705882353","0.39435294117647063","0.6894117647058824","0.24294117647058824","0.01","0.01","0.01","0.01","0.01","0.01","1.01","0.175","0.13774193548387098","0.7847826086956522","0.31203389830508477","0.8154237288135594","0.505"
"4","0.3128235294117647","0.21576470588235297","0.6894117647058824","0.8524705882352941","0.01","0.01","0.01","1.01","0.01","0.01","0.01","0.175","0.13774193548387098","0.7847826086956522","0.31203389830508477","0.8154237288135594","0.505"
"7","0.3827058823529412","0.8369411764705883","0.05270588235294118","0.8408235294117647","0.01","1.01","0.01","0.01","0.01","0.01","0.01","0.175","0.13774193548387098","0.7847826086956522","0.31203389830508477","0.8154237288135594","0.505"
"6","0.3516470588235294","0.2390588235294118","0.7476470588235294","0.7243529411764705","0.01","0.01","0.01","0.01","0.01","0.01","1.01","0.175","0.13774193548387098","0.7847826086956522","0.31203389830508477","0.8154237288135594","0.505"
"7","0.3205882352941177","0.8990588235294118","0.6234117647058823","0.802","0.01","1.01","0.01","0.01","0.01","0.01","0.01","0.175","0.13774193548387098","0.7847826086956522","0.31203389830508477","0.8154237288135594","0.505"
"7","0.6583529411764706","0.02164705882352941","0.7127058823529412","0.26623529411764707","0.01","1.01","0.01","0.01","0.01","0.01","0.01","0.175","0.13774193548387098","0.7847826086956522","0.31203389830508477","0.8154237288135594","0.505"
"8","0.3128235294117647","0.24682352941176472","0.22741176470588237","0.9689411764705882","0.01","0.01","1.01","0.01","0.01","0.01","0.01","0.175","0.13774193548387098","0.7847826086956522","0.31203389830508477","0.8154237288135594","0.505"
"7","0.11870588235294117","0.27788235294117647","0.7049411764705882","0.5651764705882353","0.01","0.01","0.01","0.01","0.01","1.01","0.01","0.175","0.13774193548387098","0.7847826086956522","0.31203389830508477","0.8154237288135594","0.505"
"5","0.9961176470588236","0.4797647058823529","0.7554117647058823","0.7282352941176471","1.01","0.01","0.01","0.01","0.01","0.01","0.01","0.175","0.13774193548387098","0.7847826086956522","0.31203389830508477","0.8154237288135594","0.505"
"7","0.7748235294117647","0.8951764705882354","0.2856470588235294","0.6505882352941177","0.01","0.01","0.01","0.01","0.01","0.01","1.01","0.175","0.13774193548387098","0.7847826086956522","0.31203389830508477","0.8154237288135594","0.505"
"4","0.3632941176470588","0.9029411764705882","0.16141176470588237","0.041058823529411766","0.01","1.01","0.01","0.01","0.01","0.01","0.01","0.175","0.13774193548387098","0.7847826086956522","0.31203389830508477","0.8154237288135594","0.505"
"1","0.8252941176470587","0.8175294117647058","0.30505882352941177","0.6389411764705882","0.01","0.01","0.01","0.01","0.01","1.01","0.01","0.175","0.13774193548387098","0.7847826086956522","0.31203389830508477","0.8322033898305085","0.505"
"5","0.2701176470588236","0.8757647058823529","0.8757647058823529","0.25458823529411767","0.01","0.01","0.01","1.01","0.01","0.01","0.01","0.175","0.13774193548387098","0.7847826086956522","0.31203389830508477","0.8322033898305085","0.505"
"3","0.44482352941176473","0.0371764705882353","0.662235294117647","0.9689411764705882","0.01","1.01","0.01","0.01","0.01","0.01","0.01","0.175","0.13774193548387098","0.7847826086956522","0.31203389830508477","0.8322033898305085","0.505"
"2","0.7010588235294117","0.3594117647058824","0.3982352941176471","0.6272941176470588","0.01","0.01","0.01","0.01","1.01","0.01","0.01","0.175","0.13774193548387098","0.7847826086956522","0.31203389830508477","0.8322033898305085","0.505"
"2","0.8641176470588235","0.6389411764705882","0.736","0.03329411764705882","0.01","0.01","0.01","1.01","0.01","0.01","0.01","0.175","0.13774193548387098","0.7847826086956522","0.31203389830508477","0.8322033898305085","0.505"
"2","0.918470588235294","0.281764705882353","1.0","0.6932941176470588","1.01","0.01","0.01","0.01","0.01","0.01","0.01","0.175","0.13774193548387098","0.7847826086956522","0.31203389830508477","0.8322033898305085","0.505"
"7","0.01","0.9107058823529411","0.4797647058823529","0.5496470588235294","0.01","0.01","0.01","0.01","0.01","0.01","1.01","0.175","0.13774193548387098","0.7847826086956522","0.31203389830508477","0.8322033898305085","0.505"
"6","0.6311764705882353","0.2701176470588236","0.8330588235294119","0.7787058823529412","0.01","0.01","0.01","0.01","0.01","0.01","1.01","0.175","0.13774193548387098","0.7847826086956522","0.31203389830508477","0.8322033898305085","0.505"
"0","0.9961176470588236","0.9223529411764705","0.4409411764705882","0.7127058823529412","0.01","0.01","0.01","0.01","1.01","0.01","0.01","0.175","0.13774193548387098","0.7847826086956522","0.31203389830508477","0.8489830508474576","0.505"
"2","0.5651764705882353","0.22741176470588237","0.06435294117647058","0.06823529411764706","0.01","0.01","0.01","0.01","0.01","0.01","1.01","0.175","0.13774193548387098","0.7847826086956522","0.31203389830508477","0.8489830508474576","0.505"
"0","0.07211764705882352","0.4021176470588235","0.6932941176470588","0.4370588235294118","0.01","0.01","0.01","1.01","0.01","0.01","0.01","0.175","0.13774193548387098","0.7847826086956522","0.31203389830508477","0.8489830508474576","0.505"
"8","0.2972941176470589","0.0371764705882353","0.2235294117647059","0.9611764705882353","0.01","1.01","0.01","0.01","0.01","0.01","0.01","0.175","0.13774193548387098","0.7847826086956522","0.31203389830508477","0.8489830508474576","0.505"
"3","0.5147058823529411","0.3322352941176471","0.11094117647058822","0.33999999999999997","0.01","0.01","1.01","0.01","0.01","0.01","0.01","0.175","0.13774193548387098","0.7847826086956522","0.31203389830508477","0.8489830508474576","0.505"
"6","0.2972941176470589","0.41764705882352937","0.49529411764705883","0.9922352941176471","0.01","0.01","1.01","0.01","0.01","0.01","0.01","0.175","0.13774193548387098","0.7847826086956522","0.31203389830508477","0.8489830508474576","0.505"
"0","0.4254117647058824","0.868","0.5108235294117647","0.5496470588235294","0.01","0.01","0.01","0.01","0.01","0.01","1.01","0.175","0.13774193548387098","0.7847826086956522","0.31203389830508477","0.8489830508474576","0.505"
"0","0.5845882352941177","0.6428235294117647","0.7903529411764706","0.3361176470588235","1.01","0.01","0.01","0.01","0.01","0.01","0.01","0.175","0.13774193548387098","0.7847826086956522","0.31203389830508477","0.8489830508474576","0.505"
"3","0.3011764705882353","0.743764705882353","0.6195294117647059","0.6855294117647059","1.01","0.01","0.01","0.01","0.01","0.01","0.01","0.175","0.13774193548387098","0.7847826086956522","0.31203389830508477","0.8489830508474576","0.505"
"9","0.4021176470588235","0.7748235294117647","0.9883529411764707","0.5030588235294118","0.01","0.01","0.01","0.01","0.01","0.01","1.01","0.175","0.13774193548387098","0.7847826086956522","0.31203389830508477","0.8657627118644068","0.505"
"3","0.1963529411764706","0.8175294117647058","0.13811764705882354","0.9922352941176471","0.01","0.01","0.01","1.01","0.01","0.01","0.01","0.175","0.13774193548387098","0.7847826086956522","0.31203389830508477","0.8657627118644068","0.505"
"8","0.8252941176470587","0.4914117647058823","0.6544705882352941","0.7864705882352941","0.01","0.01","0.01","0.01","1.01","0.01","0.01","0.175","0.13774193548387098","0.7847826086956522","0.31203389830508477","0.8657627118644068","0.505"
"6","0.3283529411764706","0.6467058823529412","0.24294117647058824","0.8330588235294119","0.01","1.01","0.01","0.01","0.01","0.01","0.01","0.175","0.13774193548387098","0.7847826086956522","0.31203389830508477","0.8657627118644068","0.505"
"0","0.9689411764705882","0.26623529411764707","0.7981176470588235","0.35552941176470587","0.01","0.01","0.01","0.01","1.01","0.01","0.01","0.175","0.13774193548387098","0.7847826086956522","0.31203389830508477","0.8657627118644068","0.505"
"3","0.8291764705882353","0.09541176470588235","0.3788235294117647","0.3322352941176471","0.01","0.01","0.01","0.01","0.01","1.01","0.01","0.175","0.13774193548387098","0.7847826086956522","0.31203389830508477","0.8657627118644068","0.505"
"6","0.9262352941176472","0.4254117647058824","0.3749411764705883","0.6544705882352941","0.01","0.01","0.01","0.01","1.01","0.01","0.01","0.175","0.13774193548387098","0.7847826086956522","0.31203389830508477","0.8657627118644068","0.505"
"9","0.8252941176470587","0.934","0.8485882352941176","0.7515294117647059","0.01","0.01","1.01","0.01","0.01","0.01","0.01","0.175","0.13774193548387098","0.7847826086956522","0.31203389830508477","0.8657627118644068","0.505"
"2","0.347764705882353","0.041058823529411766","0.1264705882352941","0.6311764705882353","0.01","1.01","0.01","0.01","0.01","0.01","0.01","0.175","0.13774193548387098","0.7847826086956522","0.31203389830508477","0.8657627118644068","0.505"
"2","0.538","0.21576470588235297","0.7204705882352941","0.934","0.01","0.01","0.01","1.01","0.01","0.01","0.01","0.175","0.13774193548387098","0.7847826086956522","0.31203389830508477","0.8657627118644068","0.505"
"2","0.6195294117647059","0.4758823529411765","0.743764705882353","0.9068235294117647","0.01","0.01","0.01","0.01","0.01","1.01","0.01","0.175","0.13774193548387098","0.7847826086956522","0.31203389830508477","0.8657627118644068","0.505"
"5","0.12258823529411764","0.3749411764705883","0.5612941176470588","0.5224705882352941","0.01","0.01","0.01","0.01","0.01","0.01","1.01","0.175","0.13774193548387098","0.7847826086956522","0.31203389830508477","0.8657627118644068","0.505"
"2","0.2972941176470589","0.7981176470588235","0.5418823529411765","0.4914117647058823","0.01","0.01","0.01","0.01","1.01","0.01","0.01","0.175","0.13774193548387098","0.7847826086956522","0.31203389830508477","0.882542372881356","0.505"
"7","0.9611764705882353","0.7127058823529412","0.7825882352941177","0.4254117647058824","0.01","1.01","0.01","0.01","0.01","0.01","0.01","0.175","0.13774193548387098","0.7847826086956522","0.31203389830508477","0.882542372881356","0.505"
"1","0.5457647058823529","0.934","0.5302352941176471","0.4292941176470588","1.01","0.01","0.01","0.01","0.01","0.01","0.01","0.175","0.13774193548387098","0.7847826086956522","0.31203389830508477","0.882542372881356","0.505"
"8","0.4331764705882353","0.14976470588235294","0.041058823529411766","0.8718823529411764","0.01","0.01","1.01","0.01","0.01","0.01","0.01","0.175","0.13774193548387098","0.7847826086956522","0.31203389830508477","0.882542372881356","0.505"
"5","0.6234117647058823","0.11094117647058822","0.6389411764705882","0.743764705882353","0.01","0.01","0.01","0.01","0.01","0.01","1.01","0.175","0.13774193548387098","0.7847826086956522","0.31203389830508477","0.882542372881356","0.505"
"4","0.06823529411764706","0.8291764705882353","0.04882352941176471","0.9805882352941176","0.01","0.01","0.01","0.01","0.01","0.01","1.01","0.175","0.13774193548387098","0.7847826086956522","0.31203389830508477","0.882542372881356","0.505"
"8","0.8951764705882354","0.2390588235294118","0.934","0.1264705882352941","0.01","1.01","0.01","0.01","0.01","0.01","0.01","0.175","0.13774193548387098","0.7847826086956522","0.31203389830508477","0.882542372881356","0.505"
"5","0.8718823529411764","0.26235294117647057","0.6156470588235294","0.6932941176470588","0.01","0.01","1.01","0.01","0.01","0.01","0.01","0.175","0.13774193548387098","0.7847826086956522","0.31203389830508477","0.882542372881356","0.505"
"1","0.604","0.868","0.076","0.5185882352941176","0.01","0.01","0.01","1.01","0.01","0.01","0.01","0.175","0.13774193548387098","0.7847826086956522","0.31203389830508477","0.882542372881356","0.505"
"6","0.8330588235294119","0.02164705882352941","0.5030588235294118","0.47200000000000003","0.01","0.01","0.01","0.01","0.01","0.01","1.01","0.175","0.13774193548387098","0.7847826086956522","0.31203389830508477","0.882542372881356","0.505"
"6","0.5651764705882353","0.9495294117647058","0.25458823529411767","0.1458823529411765","0.01","0.01","0.01","0.01","0.01","1.01","0.01","0.175","0.13774193548387098","0.7847826086956522","0.31203389830508477","0.882542372881356","0.505"
"8","0.3011764705882353","0.076","0.12258823529411764","0.9145882352941176","0.01","0.01","0.01","0.01","1.01","0.01","0.01","0.175","0.13774193548387098","0.7847826086956522","0.31203389830508477","0.882542372881356","0.505"
"7","0.01388235294117647","0.0371764705882353","0.5224705882352941","0.4331764705882353","0.01","0.01","0.01","0.01","1.01","0.01","0.01","0.175","0.13774193548387098","0.7847826086956522","0.31203389830508477","0.8993220338983051","0.505"
"2","0.4292941176470588","0.4603529411764706","0.5341176470588236","0.7825882352941177","0.01","0.01","0.01","0.01","0.01","0.01","1.01","0.175","0.13774193548387098","0.7847826086956522","0.31203389830508477","0.8993220338983051","0.505"
"6","0.06435294117647058","0.029411764705882353","0.9223529411764705","0.044941176470588234","0.01","1.01","0.01","0.01","0.01","0.01","0.01","0.175","0.13774193548387098","0.7847826086956522","0.31203389830508477","0.8993220338983051","0.505"
"8","0.464235294117647","0.1575294117647059","0.7398823529411765","0.8874117647058823","0.01","0.01","0.01","1.01","0.01","0.01","0.01","0.175","0.13774193548387098","0.7847826086956522","0.31203389830508477","0.8993220338983051","0.505"
"7","0.1148235294117647","0.17694117647058824","0.5535294117647059","0.06823529411764706","0.01","0.01","0.01","0.01","1.01","0.01","0.01","0.175","0.13774193548387098","0.7847826086956522","0.31203389830508477","0.8993220338983051","0.505"
"6","0.8641176470588235","0.6894117647058824","0.06823529411764706","0.7670588235294117","0.01","0.01","0.01","0.01","0.01","1.01","0.01","0.175","0.13774193548387098","0.7847826086956522","0.31203389830508477","0.8993220338983051","0.505"
"4","0.13811764705882354","0.2235294117647059","0.6777647058823529","0.3205882352941177","0.01","0.01","0.01","1.01","0.01","0.01","0.01","0.175","0.13774193548387098","0.7847826086956522","0.31203389830508477","0.8993220338983051","0.505"
"8","0.5923529411764706","0.9223529411764705","0.5418823529411765","0.7592941176470588","0.01","0.01","0.01","0.01","0.01","1.01","0.01","0.175","0.13774193548387098","0.7847826086956522","0.31203389830508477","0.8993220338983051","0.505"
"7","0.9650588235294117","0.8408235294117647","0.794235294117647","0.15364705882352944","1.01","0.01","0.01","0.01","0.01","0.01","0.01","0.175","0.13774193548387098","0.7847826086956522","0.31203389830508477","0.8993220338983051","0.505"
"8","0.16917647058823532","0.041058823529411766","0.7088235294117647","0.26623529411764707","0.01","0.01","0.01","0.01","0.01","1.01","0.01","0.175","0.13774193548387098","0.7847826086956522","0.31203389830508477","0.8993220338983051","0.505"
"3","0.9961176470588236","0.9534117647058823","0.1264705882352941","0.538","0.01","0.01","0.01","0.01","1.01","0.01","0.01","0.175","0.13774193548387098","0.7847826086956522","0.31203389830508477","0.8993220338983051","0.505"
"4","0.3283529411764706","0.9029411764705882","0.06435294117647058","0.464235294117647","0.01","0.01","0.01","0.01","1.01","0.01","0.01","0.175","0.13774193548387098","0.7847826086956522","0.31203389830508477","0.9161016949152543","0.505"
"6","0.4409411764705882","0.48364705882352943","0.3516470588235294","0.8058823529411765","0.01","0.01","0.01","0.01","0.01","0.01","1.01","0.175","0.13774193548387098","0.7847826086956522","0.31203389830508477","0.9161016949152543","0.505"
"0","0.2235294117647059","0.7825882352941177","0.6389411764705882","0.604","0.01","1.01","0.01","0.01","0.01","0.01","0.01","0.175","0.13774193548387098","0.7847826086956522","0.31203389830508477","0.9161016949152543","0.505"
"0","0.3827058823529412","0.9922352941176471","0.49529411764705883","0.3322352941176471","0.01","0.01","0.01","0.01","0.01","1.01","0.01","0.175","0.13774193548387098","0.7847826086956522","0.31203389830508477","0.9161016949152543","0.505"
"4","0.6971764705882353","0.2856470588235294","0.9883529411764707","0.15364705882352944","0.01","0.01","0.01","0.01","0.01","1.01","0.01","0.175","0.13774193548387098","0.7847826086956522","0.31203389830508477","0.9161016949152543","0.505"
"3","0.7670588235294117","0.5496470588235294","0.8485882352941176","0.868","0.01","0.01","0.01","1.01","0.01","0.01","0.01","0.175","0.13774193548387098","0.7847826086956522","0.31203389830508477","0.9161016949152543","0.505"
"7","0.8214117647058823","0.19247058823529414","0.9534117647058823","0.10317647058823529","0.01","0.01","1.01","0.01","0.01","0.01","0.01","0.175","0.13774193548387098","0.7847826086956522","0.31203389830508477","0.9161016949152543","0.505"
"6","0.274","0.11094117647058822","0.7864705882352941","0.07988235294117646","0.01","0.01","0.01","0.01","0.01","1.01","0.01","0.175","0.13774193548387098","0.7847826086956522","0.31203389830508477","0.9161016949152543","0.505"
"8","0.9650588235294117","0.09929411764705881","0.743764705882353","0.8951764705882354","0.01","0.01","0.01","0.01","0.01","0.01","1.01","0.175","0.13774193548387098","0.7847826086956522","0.31203389830508477","0.9161016949152543","0.505"
"2","0.10317647058823529","0.03329411764705882","0.33999999999999997","0.794235294117647","0.01","0.01","0.01","1.01","0.01","0.01","0.01","0.175","0.13774193548387098","0.7847826086956522","0.31203389830508477","0.9161016949152543","0.505"
"3","0.6661176470588235","0.7282352941176471","0.9572941176470589","0.8136470588235294","0.01","0.01","0.01","1.01","0.01","0.01","0.01","0.175","0.13774193548387098","0.7847826086956522","0.31203389830508477","0.9161016949152543","0.505"
"5","0.9961176470588236","0.14200000000000002","0.4254117647058824","0.9611764705882353","0.01","0.01","0.01","0.01","1.01","0.01","0.01","0.175","0.13774193548387098","0.7847826086956522","0.31203389830508477","0.9161016949152543","0.505"
"3","0.9961176470588236","0.3904705882352941","0.4098823529411765","0.7165882352941176","0.01","0.01","0.01","0.01","1.01","0.01","0.01","0.175","0.13774193548387098","0.7847826086956522","0.31203389830508477","0.9161016949152543","0.505"
"2","0.3089411764705882","0.36717647058823527","0.5030588235294118","0.02164705882352941","0.01","0.01","0.01","0.01","0.01","0.01","1.01","0.175","0.13774193548387098","0.7847826086956522","0.31203389830508477","0.9328813559322033","0.505"
"2","0.4758823529411765","0.48364705882352943","0.736","0.9534117647058823","0.01","0.01","0.01","0.01","1.01","0.01","0.01","0.175","0.13774193548387098","0.7847826086956522","0.31203389830508477","0.9328813559322033","0.505"
"0","0.6855294117647059","0.25070588235294117","0.1575294117647059","0.025529411764705884","0.01","0.01","0.01","1.01","0.01","0.01","0.01","0.175","0.13774193548387098","0.7847826086956522","0.31203389830508477","0.9328813559322033","0.505"
"2","0.794235294117647","0.5418823529411765","0.9456470588235294","0.49529411764705883","0.01","0.01","0.01","1.01","0.01","0.01","0.01","0.175","0.13774193548387098","0.7847826086956522","0.31203389830508477","0.9328813559322033","0.505"
"4","0.5263529411764706","0.918470588235294","0.9922352941176471","0.3516470588235294","0.01","0.01","0.01","0.01","1.01","0.01","0.01","0.175","0.13774193548387098","0.7847826086956522","0.31203389830508477","0.9328813559322033","0.505"
"3","0.8912941176470588","0.7515294117647059","0.029411764705882353","0.2584705882352941","0.01","0.01","0.01","0.01","1.01","0.01","0.01","0.175","0.13774193548387098","0.7847826086956522","0.31203389830508477","0.9328813559322033","0.505"
"4","0.20800000000000002","0.4758823529411765","0.7709411764705882","0.4797647058823529","0.01","0.01","1.01","0.01","0.01","0.01","0.01","0.175","0.13774193548387098","0.7847826086956522","0.31203389830508477","0.9328813559322033","0.505"
"3","0.9689411764705882","0.9728235294117646","0.3516470588235294","0.4758823529411765","1.01","0.01","0.01","0.01","0.01","0.01","0.01","0.175","0.13774193548387098","0.7847826086956522","0.31203389830508477","0.9328813559322033","0.505"
"6","0.26623529411764707","0.20023529411764707","0.8097647058823529","0.42152941176470593","0.01","0.01","0.01","0.01","0.01","1.01","0.01","0.175","0.13774193548387098","0.7847826086956522","0.31203389830508477","0.9328813559322033","0.505"
"3","0.26623529411764707","0.09541176470588235","0.4137647058823529","0.09541176470588235","0.01","0.01","0.01","1.01","0.01","0.01","0.01","0.175","0.13774193548387098","0.7847826086956522","0.31203389830508477","0.9328813559322033","0.505"
"4","0.7321176470588235","0.24682352941176472","0.6699999999999999","0.8097647058823529","0.01","1.01","0.01","0.01","0.01","0.01","0.01","0.175","0.13774193548387098","0.7847826086956522","0.31203389830508477","0.9328813559322033","0.505"
"4","0.1458823529411765","0.9378823529411765","0.08764705882352941","0.7243529411764705","0.01","0.01","0.01","0.01","0.01","1.01","0.01","0.175","0.13774193548387098","0.7847826086956522","0.31203389830508477","0.9496610169491526","0.505"
"2","0.13811764705882354","0.49917647058823533","0.4292941176470588","0.8214117647058823","1.01","0.01","0.01","0.01","0.01","0.01","0.01","0.175","0.13774193548387098","0.7847826086956522","0.31203389830508477","0.9496610169491526","0.505"
"3","0.4758823529411765","0.19247058823529414","0.9961176470588236","0.6272941176470588","0.01","0.01","0.01","0.01","0.01","0.01","1.01","0.175","0.13774193548387098","0.7847826086956522","0.31203389830508477","0.9496610169491526","0.505"
"1","0.3438823529411765","0.8563529411764705","0.01776470588235294","0.6428235294117647","0.01","0.01","0.01","0.01","1.01","0.01","0.01","0.175","0.13774193548387098","0.7847826086956522","0.31203389830508477","0.9496610169491526","0.505"
"3","0.9262352941176472","0.22741176470588237","0.23129411764705884","0.347764705882353","0.01","0.01","0.01","0.01","1.01","0.01","0.01","0.175","0.13774193548387098","0.7847826086956522","0.31203389830508477","0.9496610169491526","0.505"
"2","0.9922352941176471","0.3089411764705882","0.24294117647058824","0.6738823529411764","0.01","0.01","0.01","0.01","0.01","0.01","1.01","0.175","0.13774193548387098","0.7847826086956522","0.31203389830508477","0.9496610169491526","0.505"
"2","0.8097647058823529","0.2856470588235294","0.9145882352941176","0.09152941176470587","0.01","1.01","0.01","0.01","0.01","0.01","0.01","0.175","0.13774193548387098","0.7847826086956522","0.31203389830508477","0.9496610169491526","0.505"
"1","0.934","0.21576470588235297","0.45647058823529413","0.48364705882352943","0.01","0.01","0.01","1.01","0.01","0.01","0.01","0.175","0.13774193548387098","0.7847826086956522","0.31203389830508477","0.9496610169491526","0.505"
"2","0.802","0.8718823529411764","0.3827058823529412","0.06435294117647058","0.01","0.01","0.01","1.01","0.01","0.01","0.01","0.175","0.13774193548387098","0.7847826086956522","0.31203389830508477","0.9496610169491526","0.505"
"8","0.5496470588235294","0.7825882352941177","0.26623529411764707","0.07988235294117646","0.01","0.01","1.01","0.01","0.01","0.01","0.01","0.175","0.13774193548387098","0.7847826086956522","0.31203389830508477","0.9496610169491526","0.505"
"1","0.4603529411764706","0.2972941176470589","0.09541176470588235","0.6661176470588235","0.01","0.01","1.01","0.01","0.01","0.01","0.01","0.175","0.13774193548387098","0.7847826086956522","0.31203389830508477","0.9496610169491526","0.505"
"3","0.860235294117647","0.9029411764705882","0.8563529411764705","0.6971764705882353","0.01","0.01","1.01","0.01","0.01","0.01","0.01","0.175","0.13774193548387098","0.7847826086956522","0.31203389830508477","0.9496610169491526","0.505"
"3","0.4487058823529412","0.6777647058823529","0.6544705882352941","0.4137647058823529","1.01","0.01","0.01","0.01","0.01","0.01","0.01","0.175","0.13774193548387098","0.7847826086956522","0.31203389830508477","0.9664406779661017","0.505"
"0","0.4487058823529412","0.3128235294117647","0.39435294117647063","0.5962352941176471","0.01","1.01","0.01","0.01","0.01","0.01","0.01","0.175","0.13774193548387098","0.7847826086956522","0.31203389830508477","0.9664406779661017","0.505"
"1","0.9611764705882353","0.07211764705882352","0.794235294117647","0.802","0.01","0.01","1.01","0.01","0.01","0.01","0.01","0.175","0.13774193548387098","0.7847826086956522","0.31203389830508477","0.9664406779661017","0.505"
"5","0.8524705882352941","0.5729411764705882","0.6428235294117647","0.30505882352941177","1.01","0.01","0.01","0.01","0.01","0.01","0.01","0.175","0.13774193548387098","0.7847826086956522","0.31203389830508477","0.9664406779661017","0.505"
"1","0.20411764705882354","0.5651764705882353","0.4875294117647059","0.08376470588235294","0.01","0.01","0.01","0.01","0.01","1.01","0.01","0.175","0.13774193548387098","0.7847826086956522","0.31203389830508477","0.9664406779661017","0.505"
"6","0.47200000000000003","0.06435294117647058","0.03329411764705882","0.281764705882353","1.01","0.01","0.01","0.01","0.01","0.01","0.01","0.175","0.13774193548387098","0.7847826086956522","0.31203389830508477","0.9664406779661017","0.505"
"4","0.02164705882352941","0.31670588235294117","0.9456470588235294","0.14200000000000002","1.01","0.01","0.01","0.01","0.01","0.01","0.01","0.175","0.13774193548387098","0.7847826086956522","0.31203389830508477","0.9664406779661017","0.505"
"8","0.2390588235294118","0.02164705882352941","0.6777647058823529","0.1303529411764706","0.01","0.01","1.01","0.01","0.01","0.01","0.01","0.175","0.13774193548387098","0.7847826086956522","0.31203389830508477","0.9664406779661017","0.505"
"2","0.11094117647058822","0.4331764705882353","0.6932941176470588","0.16529411764705884","0.01","0.01","0.01","0.01","1.01","0.01","0.01","0.175","0.13774193548387098","0.7847826086956522","0.31203389830508477","0.9664406779661017","0.505"
"7","0.19247058823529414","0.05270588235294118","0.19247058823529414","0.6078823529411764","0.01","0.01","0.01","0.01","0.01","0.01","1.01","0.175","0.13774193548387098","0.7847826086956522","0.31203389830508477","0.9664406779661017","0.505"
"1","0.16529411764705884","0.7825882352941177","0.23129411764705884","0.5845882352941177","0.01","1.01","0.01","0.01","0.01","0.01","0.01","0.175","0.13774193548387098","0.7847826086956522","0.31203389830508477","0.9664406779661017","0.505"
"1","0.3904705882352941","0.4409411764705882","0.3516470588235294","0.538","0.01","0.01","0.01","0.01","0.01","0.01","1.01","0.175","0.13774193548387098","0.7847826086956522","0.31203389830508477","0.9664406779661017","0.505"
"8","0.5807058823529412","0.15364705882352944","0.3438823529411765","0.21576470588235297","1.01","0.01","0.01","0.01","0.01","0.01","0.01","0.175","0.13774193548387098","0.7847826086956522","0.31203389830508477","0.983220338983051","0.505"
"9","0.7903529411764706","0.6389411764705882","0.6894117647058824","0.3632941176470588","0.01","0.01","0.01","0.01","1.01","0.01","0.01","0.175","0.13774193548387098","0.7847826086956522","0.31203389830508477","0.983220338983051","0.505"
"4","0.9223529411764705","0.6505882352941177","0.2701176470588236","0.9728235294117646","0.01","0.01","0.01","0.01","0.01","0.01","1.01","0.175","0.13774193548387098","0.7847826086956522","0.31203389830508477","0.983220338983051","0.505"
"1","0.2235294117647059","0.5147058823529411","0.3865882352941176","0.07211764705882352","0.01","0.01","0.01","1.01","0.01","0.01","0.01","0.175","0.13774193548387098","0.7847826086956522","0.31203389830508477","0.983220338983051","0.505"
"4","0.3283529411764706","0.7903529411764706","0.02164705882352941","0.16917647058823532","1.01","0.01","0.01","0.01","0.01","0.01","0.01","0.175","0.13774193548387098","0.7847826086956522","0.31203389830508477","0.983220338983051","0.505"
"9","0.18858823529411764","0.2390588235294118","0.26623529411764707","0.7165882352941176","0.01","0.01","0.01","0.01","0.01","0.01","1.01","0.175","0.13774193548387098","0.7847826086956522","0.31203389830508477","0.983220338983051","0.505"
"7","0.5457647058823529","0.0371764705882353","0.4758823529411765","0.16917647058823532","0.01","0.01","0.01","0.01","0.01","0.01","1.01","0.175","0.13774193548387098","0.7847826086956522","0.31203389830508477","0.983220338983051","0.505"
"8","0.19247058823529414","0.8291764705882353","0.8951764705882354","0.5612941176470588","0.01","0.01","0.01","0.01","0.01","1.01","0.01","0.175","0.13774193548387098","0.7847826086956522","0.31203389830508477","0.983220338983051","0.505"
"2","0.9107058823529411","0.1148235294117647","0.281764705882353","0.9883529411764707","0.01","0.01","0.01","0.01","1.01","0.01","0.01","0.175","0.13774193548387098","0.7847826086956522","0.31203389830508477","0.983220338983051","0.505"
"8","0.2972941176470589","0.5884705882352942","0.45647058823529413","0.7981176470588235","0.01","0.01","0.01","0.01","0.01","0.01","1.01","0.175","0.13774193548387098","0.7847826086956522","0.31203389830508477","0.983220338983051","0.505"
"7","0.6505882352941177","0.3749411764705883","0.7088235294117647","0.1847058823529412","0.01","0.01","1.01","0.01","0.01","0.01","0.01","0.175","0.13774193548387098","0.7847826086956522","0.31203389830508477","0.983220338983051","0.505"
"8","0.6272941176470588","0.3244705882352941","0.4525882352941177","0.6117647058823529","0.01","0.01","0.01","0.01","0.01","1.01","0.01","0.175","0.13774193548387098","0.7847826086956522","0.31203389830508477","0.983220338983051","0.505"
"5","0.5690588235294117","0.3128235294117647","0.794235294117647","0.5690588235294117","0.01","0.01","0.01","0.01","0.01","1.01","0.01","0.175","0.13774193548387098","0.7847826086956522","0.31203389830508477","1.0","0.505"
"2","0.7049411764705882","0.21576470588235297","0.21576470588235297","0.736","1.01","0.01","0.01","0.01","0.01","0.01","0.01","0.175","0.13774193548387098","0.7847826086956522","0.31203389830508477","1.0","0.505"
"4","0.4603529411764706","0.9689411764705882","0.9262352941176472","0.44482352941176473","0.01","0.01","0.01","0.01","0.01","1.01","0.01","0.175","0.13774193548387098","0.7847826086956522","0.31203389830508477","1.0","0.505"
"5","0.347764705882353","0.5768235294117646","0.7631764705882352","0.6932941176470588","0.01","0.01","0.01","0.01","1.01","0.01","0.01","0.175","0.13774193548387098","0.7847826086956522","0.31203389830508477","1.0","0.505"
"5","0.16141176470588237","0.5341176470588236","0.5030588235294118","0.6505882352941177","0.01","0.01","0.01","0.01","0.01","1.01","0.01","0.175","0.13774193548387098","0.7847826086956522","0.31203389830508477","1.0","0.505"
"1","0.13423529411764706","0.406","0.5690588235294117","0.1575294117647059","0.01","0.01","0.01","0.01","0.01","0.01","1.01","0.175","0.13774193548387098","0.7847826086956522","0.31203389830508477","1.0","0.505"
"1","0.8718823529411764","0.11870588235294117","0.9611764705882353","0.538","0.01","0.01","0.01","0.01","0.01","1.01","0.01","0.175","0.13774193548387098","0.7847826086956522","0.31203389830508477","1.0","0.505"
"9","0.30505882352941177","0.30505882352941177","0.14200000000000002","0.0371764705882353","0.01","0.01","0.01","0.01","0.01","0.01","1.01","0.175","0.13774193548387098","0.7847826086956522","0.31203389830508477","1.0","0.505"
"3","0.10705882352941176","0.8641176470588235","0.406","0.6350588235294118","0.01","0.01","0.01","0.01","1.01","0.01","0.01","0.175","0.13774193548387098","0.7847826086956522","0.31203389830508477","1.0","0.505"
"6","0.6350588235294118","0.7787058823529412","0.7748235294117647","0.6350588235294118","0.01","0.01","0.01","1.01","0.01","0.01","0.01","0.175","0.13774193548387098","0.7847826086956522","0.31203389830508477","1.0","0.505"
"6","0.05658823529411765","0.6350588235294118","0.4758823529411765","0.4603529411764706","0.01","0.01","0.01","1.01","0.01","0.01","0.01","0.175","0.13774193548387098","0.7847826086956522","0.31203389830508477","1.0","0.505"
"8","0.743764705882353","0.9223529411764705","0.04882352941176471","0.281764705882353","1.01","0.01","0.01","0.01","0.01","0.01","0.01","0.175","0.13774193548387098","0.7847826086956522","0.31203389830508477","1.0","0.505"
"1","0.5690588235294117","0.3749411764705883","0.6117647058823529","0.6971764705882353","1.01","0.01","0.01","0.01","0.01","0.01","0.01","0.175","0.13774193548387098","0.7847826086956522","0.3288135593220339","0.01","0.505"
"9","0.5574117647058824","0.736","0.9689411764705882","0.604","0.01","0.01","1.01","0.01","0.01","0.01","0.01","0.175","0.13774193548387098","0.7847826086956522","0.3288135593220339","0.01","0.505"
"1","0.794235294117647","0.8058823529411765","0.5535294117647059","0.4681176470588236","0.01","0.01","0.01","0.01","1.01","0.01","0.01","0.175","0.13774193548387098","0.7847826086956522","0.3288135593220339","0.01","0.505"
"2","0.6932941176470588","0.6777647058823529","0.23129411764705884","0.3865882352941176","0.01","0.01","0.01","0.01","0.01","1.01","0.01","0.175","0.13774193548387098","0.7847826086956522","0.3288135593220339","0.01","0.505"
"2","0.8408235294117647","0.7864705882352941","0.49917647058823533","0.4254117647058824","0.01","1.01","0.01","0.01","0.01","0.01","0.01","0.175","0.13774193548387098","0.7847826086956522","0.3288135593220339","0.01","0.505"
"4","0.9883529411764707","0.7476470588235294","0.860235294117647","0.9805882352941176","0.01","0.01","0.01","0.01","1.01","0.01","0.01","0.175","0.13774193548387098","0.7847826086956522","0.3288135593220339","0.01","0.505"
"0","0.5341176470588236","0.6816470588235295","0.7825882352941177","0.20800000000000002","0.01","0.01","1.01","0.01","0.01","0.01","0.01","0.175","0.13774193548387098","0.7847826086956522","0.3288135593220339","0.01","0.505"
"0","0.2390588235294118","0.13811764705882354","0.802","0.41764705882352937","0.01","0.01","0.01","0.01","0.01","1.01","0.01","0.175","0.13774193548387098","0.7847826086956522","0.3288135593220339","0.026779661016949154","0.505"
"8","0.4370588235294118","0.9767058823529412","0.5807058823529412","0.3788235294117647","0.01","0.01","0.01","0.01","1.01","0.01","0.01","0.175","0.13774193548387098","0.7847826086956522","0.3288135593220339","0.026779661016949154","0.505"
"3","0.07988235294117646","0.5224705882352941","0.7049411764705882","0.8408235294117647","0.01","0.01","0.01","0.01","0.01","1.01","0.01","0.175","0.13774193548387098","0.7847826086956522","0.3288135593220339","0.026779661016949154","0.505"
"9","0.7088235294117647","0.4098823529411765","0.6816470588235295","0.14200000000000002","0.01","0.01","0.01","1.01","0.01","0.01","0.01","0.175","0.13774193548387098","0.7847826086956522","0.3288135593220339","0.026779661016949154","0.505"
"4","0.28952941176470587","0.08376470588235294","0.03329411764705882","0.5962352941176471","0.01","0.01","0.01","0.01","0.01","1.01","0.01","0.175","0.13774193548387098","0.7847826086956522","0.3288135593220339","0.026779661016949154","0.505"
"3","0.8291764705882353","0.6583529411764706","0.538","0.2584705882352941","0.01","0.01","0.01","1.01","0.01","0.01","0.01","0.175","0.13774193548387098","0.7847826086956522","0.3288135593220339","0.026779661016949154","0.505"
"6","0.8252941176470587","0.8796470588235294","0.4137647058823529","0.6661176470588235","0.01","0.01","0.01","0.01","1.01","0.01","0.01","0.175","0.13774193548387098","0.7847826086956522","0.3288135593220339","0.026779661016949154","0.505"
"6","0.8563529411764705","0.6467058823529412","0.5418823529411765","0.5069411764705882","0.01","0.01","0.01","0.01","0.01","0.01","1.01","0.175","0.13774193548387098","0.7847826086956522","0.3288135593220339","0.026779661016949154","0.505"
"3","0.9805882352941176","0.9844705882352941","0.6777647058823529","0.5302352941176471","0.01","0.01","0.01","0.01","1.01","0.01","0.01","0.175","0.13774193548387098","0.7847826086956522","0.3288135593220339","0.026779661016949154","0.505"
"6","0.10317647058823529","0.5147058823529411","0.16529411764705884","0.5108235294117647","0.01","0.01","0.01","1.01","0.01","0.01","0.01","0.175","0.13774193548387098","0.7847826086956522","0.3288135593220339","0.026779661016949154","0.505"
"6","0.12258823529411764","0.7903529411764706","0.9495294117647058","0.8408235294117647","0.01","0.01","0.01","0.01","0.01","0.01","1.01","0.175","0.13774193548387098","0.7847826086956522","0.3288135593220339","0.026779661016949154","0.505"
"9","0.21964705882352942","1.0","0.8136470588235294","0.3361176470588235","0.01","0.01","0.01","1.01","0.01","0.01","0.01","0.175","0.13774193548387098","0.7847826086956522","0.3288135593220339","0.043559322033898305","0.505"
"4","0.6738823529411764","0.6350588235294118","0.11094117647058822","0.16917647058823532","0.01","0.01","0.01","0.01","0.01","1.01","0.01","0.175","0.13774193548387098","0.7847826086956522","0.3288135593220339","0.043559322033898305","0.505"
"6","0.06823529411764706","0.41764705882352937","0.5574117647058824","0.662235294117647","0.01","1.01","0.01","0.01","0.01","0.01","0.01","0.175","0.13774193548387098","0.7847826086956522","0.3288135593220339","0.043559322033898305","0.505"
"1","0.5418823529411765","0.42152941176470593","0.6894117647058824","0.7864705882352941","1.01","0.01","0.01","0.01","0.01","0.01","0.01","0.175","0.13774193548387098","0.7847826086956522","0.3288135593220339","0.043559322033898305","0.505"
"6","0.4758823529411765","0.8874117647058823","0.9961176470588236","0.22741176470588237","0.01","0.01","1.01","0.01","0.01","0.01","0.01","0.175","0.13774193548387098","0.7847826086956522","0.3288135593220339","0.043559322033898305","0.505"
"1","0.6428235294117647","0.6544705882352941","0.9883529411764707","0.8252941176470587","1.01","0.01","0.01","0.01","0.01","0.01","0.01","0.175","0.13774193548387098","0.7847826086956522","0.3288135593220339","0.043559322033898305","0.505"
"9","0.15364705882352944","0.01388235294117647","0.3749411764705883","0.3283529411764706","1.01","0.01","0.01","0.01","0.01","0.01","0.01","0.175","0.13774193548387098","0.7847826086956522","0.3288135593220339","0.043559322033898305","0.505"
"9","0.6272941176470588","0.9650588235294117","0.7787058823529412","0.35552941176470587","0.01","0.01","1.01","0.01","0.01","0.01","0.01","0.175","0.13774193548387098","0.7847826086956522","0.3288135593220339","0.043559322033898305","0.505"
"2","0.4254117647058824","0.8835294117647059","0.5263529411764706","0.12258823529411764","0.01","1.01","0.01","0.01","0.01","0.01","0.01","0.175","0.13774193548387098","0.7847826086956522","0.3288135593220339","0.043559322033898305","0.505"
"5","0.7592941176470588","0.9534117647058823","0.8408235294117647","0.8175294117647058","0.01","0.01","0.01","0.01","0.01","1.01","0.01","0.175","0.13774193548387098","0.7847826086956522","0.3288135593220339","0.043559322033898305","0.505"
"4","0.3361176470588235","0.20411764705882354","0.8524705882352941","0.5729411764705882","0.01","0.01","0.01","0.01","1.01","0.01","0.01","0.175","0.13774193548387098","0.7847826086956522","0.3288135593220339","0.043559322033898305","0.505"
"0","0.5108235294117647","0.1264705882352941","0.7049411764705882","0.42152941176470593","0.01","0.01","0.01","0.01","1.01","0.01","0.01","0.175","0.13774193548387098","0.7847826086956522","0.3288135593220339","0.060338983050847464","0.505"
"7","0.9029411764705882","0.7864705882352941","0.5147058823529411","0.6234117647058823","0.01","0.01","0.01","0.01","0.01","1.01","0.01","0.175","0.13774193548387098","0.7847826086956522","0.3288135593220339","0.060338983050847464","0.505"
"8","0.6505882352941177","0.3594117647058824","0.5185882352941176","0.10317647058823529","0.01","0.01","0.01","1.01","0.01","0.01","0.01","0.175","0.13774193548387098","0.7847826086956522","0.3288135593220339","0.060338983050847464","0.505"
"9","0.060470588235294116","0.06823529411764706","0.23129411764705884","0.2856470588235294","0.01","0.01","0.01","0.01","0.01","1.01","0.01","0.175","0.13774193548387098","0.7847826086956522","0.3288135593220339","0.060338983050847464","0.505"
"4","0.15364705882352944","0.3827058823529412","0.3322352941176471","0.1575294117647059","0.01","0.01","0.01","1.01","0.01","0.01","0.01","0.175","0.13774193548387098","0.7847826086956522","0.3288135593220339","0.060338983050847464","0.505"
"0","0.6971764705882353","0.8058823529411765","0.05270588235294118","0.4021176470588235","0.01","0.01","0.01","0.01","1.01","0.01","0.01","0.175","0.13774193548387098","0.7847826086956522","0.3288135593220339","0.060338983050847464","0.505"
"4","0.7787058823529412","0.5108235294117647","0.9495294117647058","0.7204705882352941","0.01","0.01","0.01","1.01","0.01","0.01","0.01","0.175","0.13774193548387098","0.7847826086956522","0.3288135593220339","0.060338983050847464","0.505"
"0","0.9611764705882353","0.5418823529411765","0.6816470588235295","0.6234117647058823","0.01","0.01","1.01","0.01","0.01","0.01","0.01","0.175","0.13774193548387098","0.7847826086956522","0.3288135593220339","0.060338983050847464","0.505"
"2","0.09929411764705881","0.08376470588235294","0.8097647058823529","0.3827058823529412","0.01","0.01","0.01","0.01","1.01","0.01","0.01","0.175","0.13774193548387098","0.7847826086956522","0.3288135593220339","0.060338983050847464","0.505"
"1","0.02164705882352941","0.5341176470588236","0.5185882352941176","0.16529411764705884","0.01","0.01","0.01","0.01","0.01","1.01","0.01","0.175","0.13774193548387098","0.7847826086956522","0.3288135593220339","0.0771186440677966","0.505"
"1","0.8447058823529412","0.47200000000000003","0.06435294117647058","0.8912941176470588","0.01","0.01","0.01","0.01","0.01","1.01","0.01","0.175","0.13774193548387098","0.7847826086956522","0.3288135593220339","0.0771186440677966","0.505"
"2","0.13811764705882354","0.538","0.5768235294117646","0.3089411764705882","0.01","1.01","0.01","0.01","0.01","0.01","0.01","0.175","0.13774193548387098","0.7847826086956522","0.3288135593220339","0.0771186440677966","0.505"
"8","0.6117647058823529","0.3011764705882353","0.08376470588235294","0.9534117647058823","0.01","0.01","0.01","1.01","0.01","0.01","0.01","0.175","0.13774193548387098","0.7847826086956522","0.3288135593220339","0.0771186440677966","0.505"
"7","0.9301176470588236","0.28952941176470587","0.9767058823529412","0.3516470588235294","1.01","0.01","0.01","0.01","0.01","0.01","0.01","0.175","0.13774193548387098","0.7847826086956522","0.3288135593220339","0.0771186440677966","0.505"
"6","0.8641176470588235","0.21188235294117647","0.9611764705882353","0.04882352941176471","0.01","0.01","0.01","0.01","0.01","0.01","1.01","0.175","0.13774193548387098","0.7847826086956522","0.3288135593220339","0.0771186440677966","0.505"
"8","0.4875294117647059","0.8524705882352941","0.7049411764705882","0.7748235294117647","0.01","0.01","1.01","0.01","0.01","0.01","0.01","0.175","0.13774193548387098","0.7847826086956522","0.3288135593220339","0.0771186440677966","0.505"
"1","0.1575294117647059","0.868","0.7010588235294117","0.4021176470588235","0.01","0.01","0.01","0.01","1.01","0.01","0.01","0.175","0.13774193548387098","0.7847826086956522","0.3288135593220339","0.0771186440677966","0.505"
"6","0.9805882352941176","0.41764705882352937","0.14200000000000002","0.1458823529411765","0.01","0.01","1.01","0.01","0.01","0.01","0.01","0.175","0.13774193548387098","0.7847826086956522","0.3288135593220339","0.0771186440677966","0.505"
"7","0.07211764705882352","0.9029411764705882","0.6932941176470588","0.4370588235294118","0.01","0.01","1.01","0.01","0.01","0.01","0.01","0.175","0.13774193548387098","0.7847826086956522","0.3288135593220339","0.0771186440677966","0.505"
"8","0.4914117647058823","0.2701176470588236","0.8990588235294118","1.0","0.01","0.01","0.01","0.01","0.01","0.01","1.01","0.175","0.13774193548387098","0.7847826086956522","0.3288135593220339","0.0771186440677966","0.505"
"7","0.7748235294117647","0.743764705882353","0.3632941176470588","0.25070588235294117","0.01","0.01","0.01","0.01","0.01","0.01","1.01","0.175","0.13774193548387098","0.7847826086956522","0.3288135593220339","0.0771186440677966","0.505"
"1","0.6544705882352941","0.7903529411764706","0.7049411764705882","0.2856470588235294","0.01","0.01","0.01","1.01","0.01","0.01","0.01","0.175","0.13774193548387098","0.7847826086956522","0.3288135593220339","0.09389830508474575","0.505"
"4","0.1264705882352941","0.15364705882352944","0.7165882352941176","0.7903529411764706","1.01","0.01","0.01","0.01","0.01","0.01","0.01","0.175","0.13774193548387098","0.7847826086956522","0.3288135593220339","0.09389830508474575","0.505"
"4","0.9922352941176471","0.604","0.802","0.6699999999999999","0.01","0.01","1.01","0.01","0.01","0.01","0.01","0.175","0.13774193548387098","0.7847826086956522","0.3288135593220339","0.09389830508474575","0.505"
"1","0.029411764705882353","0.5418823529411765","0.4797647058823529","0.868","0.01","1.01","0.01","0.01","0.01","0.01","0.01","0.175","0.13774193548387098","0.7847826086956522","0.3288135593220339","0.09389830508474575","0.505"
"5","0.4797647058823529","0.8291764705882353","0.08376470588235294","0.868","0.01","0.01","0.01","1.01","0.01","0.01","0.01","0.175","0.13774193548387098","0.7847826086956522","0.3288135593220339","0.09389830508474575","0.505"
"8","0.28952941176470587","0.5030588235294118","0.33999999999999997","0.7321176470588235","0.01","1.01","0.01","0.01","0.01","0.01","0.01","0.175","0.13774193548387098","0.7847826086956522","0.3288135593220339","0.09389830508474575","0.505"
"5","0.7321176470588235","0.9805882352941176","0.5574117647058824","0.5457647058823529","0.01","0.01","0.01","1.01","0.01","0.01","0.01","0.175","0.13774193548387098","0.7847826086956522","0.3288135593220339","0.09389830508474575","0.505"
"1","0.30505882352941177","0.604","0.9767058823529412","0.2856470588235294","0.01","1.01","0.01","0.01","0.01","0.01","0.01","0.175","0.13774193548387098","0.7847826086956522","0.3288135593220339","0.09389830508474575","0.505"
"1","0.6234117647058823","0.3865882352941176","0.9844705882352941","0.6350588235294118","0.01","0.01","1.01","0.01","0.01","0.01","0.01","0.175","0.13774193548387098","0.7847826086956522","0.3288135593220339","0.09389830508474575","0.505"
"5","0.44482352941176473","0.7010588235294117","0.9495294117647058","0.7670588235294117","1.01","0.01","0.01","0.01","0.01","0.01","0.01","0.175","0.13774193548387098","0.7847826086956522","0.3288135593220339","0.09389830508474575","0.505"
"2","0.6932941176470588","0.9883529411764707","0.6816470588235295","0.35552941176470587","0.01","0.01","0.01","0.01","0.01","0.01","1.01","0.175","0.13774193548387098","0.7847826086956522","0.3288135593220339","0.09389830508474575","0.505"
"5","0.3788235294117647","0.464235294117647","0.1458823529411765","0.3594117647058824","0.01","0.01","0.01","0.01","0.01","0.01","1.01","0.175","0.13774193548387098","0.7847826086956522","0.3288135593220339","0.11067796610169492","0.505"
"4","0.3632941176470588","0.6350588235294118","0.662235294117647","0.4098823529411765","0.01","0.01","0.01","0.01","0.01","1.01","0.01","0.175","0.13774193548387098","0.7847826086956522","0.3288135593220339","0.11067796610169492","0.505"
"3","0.09152941176470587","0.7864705882352941","0.09929411764705881","0.5341176470588236","0.01","0.01","0.01","1.01","0.01","0.01","0.01","0.175","0.13774193548387098","0.7847826086956522","0.3288135593220339","0.11067796610169492","0.505"
"9","0.01","0.3283529411764706","0.06823529411764706","0.7398823529411765","1.01","0.01","0.01","0.01","0.01","0.01","0.01","0.175","0.13774193548387098","0.7847826086956522","0.3288135593220339","0.11067796610169492","0.505"
"6","0.2235294117647059","0.025529411764705884","0.08764705882352941","0.7748235294117647","0.01","0.01","0.01","0.01","1.01","0.01","0.01","0.175","0.13774193548387098","0.7847826086956522","0.3288135593220339","0.11067796610169492","0.505"
"1","0.7476470588235294","0.9572941176470589","0.35552941176470587","0.5535294117647059","1.01","0.01","0.01","0.01","0.01","0.01","0.01","0.175","0.13774193548387098","0.7847826086956522","0.3288135593220339","0.11067796610169492","0.505"
"5","0.1847058823529412","0.8097647058823529","0.076","0.8330588235294119","0.01","0.01","0.01","0.01","0.01","0.01","1.01","0.175","0.13774193548387098","0.7847826086956522","0.3288135593220339","0.11067796610169492","0.505"
"8","0.7049411764705882","0.6777647058823529","0.3865882352941176","0.3516470588235294","0.01","1.01","0.01","0.01","0.01","0.01","0.01","0.175","0.13774193548387098","0.7847826086956522","0.3288135593220339","0.11067796610169492","0.505"
"9","0.10317647058823529","0.4098823529411765","0.7903529411764706","0.33999999999999997","1.01","0.01","0.01","0.01","0.01","0.01","0.01","0.175","0.13774193548387098","0.7847826086956522","0.3288135593220339","0.11067796610169492","0.505"
"2","0.8291764705882353","0.025529411764705884","0.9378823529411765","0.11870588235294117","0.01","0.01","0.01","0.01","1.01","0.01","0.01","0.175","0.13774193548387098","0.7847826086956522","0.3288135593220339","0.11067796610169492","0.505"
"1","0.26623529411764707","0.12258823529411764","0.9728235294117646","0.9145882352941176","0.01","0.01","0.01","0.01","0.01","0.01","1.01","0.175","0.13774193548387098","0.7847826086956522","0.3288135593220339","0.11067796610169492","0.505"
"2","0.4409411764705882","0.794235294117647","0.15364705882352944","0.3128235294117647","0.01","0.01","0.01","0.01","1.01","0.01","0.01","0.175","0.13774193548387098","0.7847826086956522","0.3288135593220339","0.12745762711864408","0.505"
"2","0.8757647058823529","0.8796470588235294","0.4098823529411765","0.01388235294117647","0.01","0.01","0.01","0.01","0.01","0.01","1.01","0.175","0.13774193548387098","0.7847826086956522","0.3288135593220339","0.12745762711864408","0.505"
"0","0.8252941176470587","0.1458823529411765","0.05270588235294118","0.3011764705882353","1.01","0.01","0.01","0.01","0.01","0.01","0.01","0.175","0.13774193548387098","0.7847826086956522","0.3288135593220339","0.12745762711864408","0.505"
"5","0.4525882352941177","0.49917647058823533","0.4525882352941177","0.9456470588235294","0.01","0.01","0.01","1.01","0.01","0.01","0.01","0.175","0.13774193548387098","0.7847826086956522","0.3288135593220339","0.12745762711864408","0.505"
"1","0.42152941176470593","0.8874117647058823","0.01776470588235294","0.5690588235294117","0.01","0.01","1.01","0.01","0.01","0.01","0.01","0.175","0.13774193548387098","0.7847826086956522","0.3288135593220339","0.12745762711864408","0.505"
"0","0.4098823529411765","0.5185882352941176","0.9456470588235294","0.060470588235294116","0.01","0.01","0.01","1.01","0.01","0.01","0.01","0.175","0.13774193548387098","0.7847826086956522","0.3288135593220339","0.12745762711864408","0.505"
"7","0.8757647058823529","0.44482352941176473","0.4021176470588235","0.4603529411764706","0.01","1.01","0.01","0.01","0.01","0.01","0.01","0.175","0.13774193548387098","0.7847826086956522","0.3288135593220339","0.12745762711864408","0.505"
"6","0.2390588235294118","0.20411764705882354","0.2235294117647059","0.22741176470588237","0.01","0.01","0.01","1.01","0.01","0.01","0.01","0.175","0.13774193548387098","0.7847826086956522","0.3288135593220339","0.12745762711864408","0.505"
"0","0.6544705882352941","0.7515294117647059","0.347764705882353","0.6855294117647059","0.01","1.01","0.01","0.01","0.01","0.01","0.01","0.175","0.13774193548387098","0.7847826086956522","0.3288135593220339","0.12745762711864408","0.505"
"8","0.33999999999999997","0.7554117647058823","0.8369411764705883","0.5108235294117647","1.01","0.01","0.01","0.01","0.01","0.01","0.01","0.175","0.13774193548387098","0.7847826086956522","0.3288135593220339","0.12745762711864408","0.505"
"4","0.21964705882352942","0.7515294117647059","0.47200000000000003","0.1303529411764706","0.01","0.01","1.01","0.01","0.01","0.01","0.01","0.175","0.13774193548387098","0.7847826086956522","0.3288135593220339","0.12745762711864408","0.505"
"6","0.918470588235294","0.39435294117647063","0.2972941176470589","0.16529411764705884","1.01","0.01","0.01","0.01","0.01","0.01","0.01","0.175","0.13774193548387098","0.7847826086956522","0.3288135593220339","0.12745762711864408","0.505"
"6","0.347764705882353","0.5535294117647059","0.860235294117647","0.9650588235294117","1.01","0.01","0.01","0.01","0.01","0.01","0.01","0.175","0.13774193548387098","0.7847826086956522","0.3288135593220339","0.14423728813559322","0.505"
"5","0.5574117647058824","0.3516470588235294","0.5574117647058824","0.7981176470588235","0.01","0.01","0.01","0.01","1.01","0.01","0.01","0.175","0.13774193548387098","0.7847826086956522","0.3288135593220339","0.14423728813559322","0.505"
"3","0.03329411764705882","0.3788235294117647","0.9029411764705882","0.3205882352941177","1.01","0.01","0.01","0.01","0.01","0.01","0.01","0.175","0.13774193548387098","0.7847826086956522","0.3288135593220339","0.14423728813559322","0.505"
"6","0.6505882352941177","0.3904705882352941","0.3788235294117647","0.1963529411764706","0.01","0.01","0.01","1.01","0.01","0.01","0.01","0.175","0.13774193548387098","0.7847826086956522","0.3288135593220339","0.14423728813559322","0.505"
"3","0.21576470588235297","0.23129411764705884","0.1148235294117647","0.26623529411764707","0.01","1.01","0.01","0.01","0.01","0.01","0.01","0.175","0.13774193548387098","0.7847826086956522","0.3288135593220339","0.14423728813559322","0.505"
"1","0.7787058823529412","0.3632941176470588","0.9456470588235294","0.9728235294117646","0.01","0.01","0.01","1.01","0.01","0.01","0.01","0.175","0.13774193548387098","0.7847826086956522","0.3288135593220339","0.14423728813559322","0.505"
"7","0.5962352941176471","0.31670588235294117","0.6738823529411764","0.8369411764705883","1.01","0.01","0.01","0.01","0.01","0.01","0.01","0.175","0.13774193548387098","0.7847826086956522","0.3288135593220339","0.14423728813559322","0.505"
"5","0.3244705882352941","0.7748235294117647","0.4914117647058823","0.743764705882353","0.01","1.01","0.01","0.01","0.01","0.01","0.01","0.175","0.13774193548387098","0.7847826086956522","0.3288135593220339","0.14423728813559322","0.505"
"3","0.09929411764705881","0.33999999999999997","0.06435294117647058","0.7825882352941177","0.01","0.01","0.01","0.01","0.01","0.01","1.01","0.175","0.13774193548387098","0.7847826086956522","0.3288135593220339","0.14423728813559322","0.505"
"9","0.4370588235294118","0.281764705882353","0.281764705882353","0.8447058823529412","1.01","0.01","0.01","0.01","0.01","0.01","0.01","0.175","0.13774193548387098","0.7847826086956522","0.3288135593220339","0.14423728813559322","0.505"
"3","0.17694117647058824","0.49529411764705883","0.21576470588235297","0.5263529411764706","0.01","1.01","0.01","0.01","0.01","0.01","0.01","0.175","0.13774193548387098","0.7847826086956522","0.3288135593220339","0.14423728813559322","0.505"
"5","0.538","0.3788235294117647","0.7476470588235294","0.2390588235294118","0.01","0.01","0.01","0.01","0.01","1.01","0.01","0.175","0.13774193548387098","0.7847826086956522","0.3288135593220339","0.14423728813559322","0.505"
"8","0.48364705882352943","0.11094117647058822","0.7476470588235294","0.7787058823529412","0.01","0.01","0.01","1.01","0.01","0.01","0.01","0.175","0.13774193548387098","0.7847826086956522","0.3288135593220339","0.1610169491525424","0.505"
"3","0.5069411764705882","0.538","0.6777647058823529","0.2701176470588236","0.01","1.01","0.01","0.01","0.01","0.01","0.01","0.175","0.13774193548387098","0.7847826086956522","0.3288135593220339","0.1610169491525424","0.505"
"2","0.41764705882352937","0.47200000000000003","0.6117647058823529","0.1458823529411765","0.01","0.01","0.01","0.01","0.01","1.01","0.01","0.175","0.13774193548387098","0.7847826086956522","0.3288135593220339","0.1610169491525424","0.505"
"2","0.5690588235294117","0.3516470588235294","0.5768235294117646","0.8951764705882354","0.01","0.01","1.01","0.01","0.01","0.01","0.01","0.175","0.13774193548387098","0.7847826086956522","0.3288135593220339","0.1610169491525424","0.505"
"3","0.3361176470588235","0.0371764705882353","0.8136470588235294","0.2584705882352941","0.01","1.01","0.01","0.01","0.01","0.01","0.01","0.175","0.13774193548387098","0.7847826086956522","0.3288135593220339","0.1610169491525424","0.505"
"8","0.2972941176470589","0.4021176470588235","0.28952941176470587","0.3865882352941176","0.01","0.01","0.01","0.01","0.01","1.01","0.01","0.175","0.13774193548387098","0.7847826086956522","0.3288135593220339","0.1610169491525424","0.505"
"5","0.06435294117647058","0.7165882352941176","0.27788235294117647","0.5574117647058824","0.01","0.01","0.01","0.01","0.01","0.01","1.01","0.175","0.13774193548387098","0.7847826086956522","0.3288135593220339","0.1610169491525424","0.505"
"0","0.4603529411764706","0.1148235294117647","0.5535294117647059","0.7554117647058823","0.01","1.01","0.01","0.01","0.01","0.01","0.01","0.175","0.13774193548387098","0.7847826086956522","0.3288135593220339","0.1610169491525424","0.505"
"1","0.8330588235294119","0.6816470588235295","0.4603529411764706","0.5418823529411765","0.01","0.01","1.01","0.01","0.01","0.01","0.01","0.175","0.13774193548387098","0.7847826086956522","0.3288135593220339","0.1610169491525424","0.505"
"9","0.9145882352941176","0.406","0.9301176470588236","0.076","0.01","0.01","0.01","1.01","0.01","0.01","0.01","0.175","0.13774193548387098","0.7847826086956522","0.3288135593220339","0.1610169491525424","0.505"
"0","0.16529411764705884","0.6467058823529412","0.9922352941176471","0.09929411764705881","0.01","0.01","0.01","0.01","0.01","1.01","0.01","0.175","0.13774193548387098","0.7847826086956522","0.3288135593220339","0.1610169491525424","0.505"
"6","0.5651764705882353","0.8291764705882353","1.0","0.7088235294117647","0.01","0.01","0.01","0.01","1.01","0.01","0.01","0.175","0.13774193548387098","0.7847826086956522","0.3288135593220339","0.17779661016949153","0.505"
"1","0.06823529411764706","0.16141176470588237","0.9107058823529411","0.029411764705882353","1.01","0.01","0.01","0.01","0.01","0.01","0.01","0.175","0.13774193548387098","0.7847826086956522","0.3288135593220339","0.17779661016949153","0.505"
"8","0.15364705882352944","0.8718823529411764","0.6311764705882353","0.45647058823529413","0.01","0.01","0.01","0.01","1.01","0.01","0.01","0.175","0.13774193548387098","0.7847826086956522","0.3288135593220339","0.17779661016949153","0.505"
"4","0.1264705882352941","0.6467058823529412","0.3089411764705882","1.0","0.01","0.01","0.01","0.01","1.01","0.01","0.01","0.175","0.13774193548387098","0.7847826086956522","0.3288135593220339","0.17779661016949153","0.505"
"8","0.6350588235294118","0.5302352941176471","0.8175294117647058","0.24294117647058824","0.01","1.01","0.01","0.01","0.01","0.01","0.01","0.175","0.13774193548387098","0.7847826086956522","0.3288135593220339","0.17779661016949153","0.505"
"6","0.14976470588235294","0.09541176470588235","0.3632941176470588","0.5574117647058824","0.01","0.01","0.01","0.01","1.01","0.01","0.01","0.175","0.13774193548387098","0.7847826086956522","0.3288135593220339","0.17779661016949153","0.505"
"6","0.7864705882352941","0.21188235294117647","0.5224705882352941","0.7398823529411765","0.01","0.01","0.01","1.01","0.01","0.01","0.01","0.175","0.13774193548387098","0.7847826086956522","0.3288135593220339","0.17779661016949153","0.505"
"3","0.16529411764705884","0.3827058823529412","0.5108235294117647","0.05658823529411765","0.01","0.01","1.01","0.01","0.01","0.01","0.01","0.175","0.13774193548387098","0.7847826086956522","0.3288135593220339","0.17779661016949153","0.505"
"0","0.3438823529411765","0.47200000000000003","0.23129411764705884","0.8563529411764705","0.01","0.01","0.01","1.01","0.01","0.01","0.01","0.175","0.13774193548387098","0.7847826086956522","0.3288135593220339","0.17779661016949153","0.505"
"7","0.7398823529411765","0.02164705882352941","0.794235294117647","0.24682352941176472","0.01","0.01","0.01","0.01","0.01","1.01","0.01","0.175","0.13774193548387098","0.7847826086956522","0.3288135593220339","0.17779661016949153","0.505"
"7","0.33999999999999997","0.281764705882353","0.04882352941176471","0.060470588235294116","0.01","0.01","1.01","0.01","0.01","0.01","0.01","0.175","0.13774193548387098","0.7847826086956522","0.3288135593220339","0.17779661016949153","0.505"
"8","0.7554117647058823","0.3011764705882353","0.36717647058823527","0.9534117647058823","0.01","0.01","0.01","0.01","1.01","0.01","0.01","0.175","0.13774193548387098","0.7847826086956522","0.3288135593220339","0.17779661016949153","0.505"
"0","0.3089411764705882","0.4098823529411765","0.15364705882352944","0.5341176470588236","0.01","0.01","0.01","1.01","0.01","0.01","0.01","0.175","0.13774193548387098","0.7847826086956522","0.3288135593220339","0.17779661016949153","0.505"
"0","0.42152941176470593","0.8485882352941176","0.8369411764705883","0.7321176470588235","0.01","0.01","0.01","0.01","0.01","1.01","0.01","0.175","0.13774193548387098","0.7847826086956522","0.3288135593220339","0.1945762711864407","0.505"
"7","0.10317647058823529","0.33999999999999997","0.5457647058823529","0.9029411764705882","0.01","0.01","0.01","0.01","0.01","1.01","0.01","0.175","0.13774193548387098","0.7847826086956522","0.3288135593220339","0.1945762711864407","0.505"
"9","0.09541176470588235","0.941764705882353","0.5768235294117646","0.6001176470588235","0.01","0.01","0.01","0.01","0.01","1.01","0.01","0.175","0.13774193548387098","0.7847826086956522","0.3288135593220339","0.1945762711864407","0.505"
"3","0.3788235294117647","0.35552941176470587","0.8408235294117647","0.941764705882353","0.01","0.01","1.01","0.01","0.01","0.01","0.01","0.175","0.13774193548387098","0.7847826086956522","0.3288135593220339","0.1945762711864407","0.505"
"0","0.406","0.18858823529411764","0.10317647058823529","0.3516470588235294","0.01","1.01","0.01","0.01","0.01","0.01","0.01","0.175","0.13774193548387098","0.7847826086956522","0.3288135593220339","0.1945762711864407","0.505"
"4","0.05658823529411765","0.2235294117647059","0.5923529411764706","0.13811764705882354","0.01","0.01","0.01","0.01","0.01","0.01","1.01","0.175","0.13774193548387098","0.7847826086956522","0.3288135593220339","0.1945762711864407","0.505"
"9","0.03329411764705882","0.3788235294117647","0.6699999999999999","0.4914117647058823","0.01","1.01","0.01","0.01","0.01","0.01","0.01","0.175","0.13774193548387098","0.7847826086956522","0.3288135593220339","0.1945762711864407","0.505"
"0","0.27788235294117647","0.0371764705882353","0.5845882352941177","0.9145882352941176","0.01","0.01","0.01","0.01","1.01","0.01","0.01","0.175","0.13774193548387098","0.7847826086956522","0.3288135593220339","0.1945762711864407","0.505"
"8","0.7243529411764705","0.6661176470588235","0.736","0.918470588235294","0.01","1.01","0.01","0.01","0.01","0.01","0.01","0.175","0.13774193548387098","0.7847826086956522","0.3288135593220339","0.1945762711864407","0.505"
"7","0.4098823529411765","0.7864705882352941","0.3749411764705883","0.01388235294117647","0.01","0.01","0.01","0.01","1.01","0.01","0.01","0.175","0.13774193548387098","0.7847826086956522","0.3288135593220339","0.1945762711864407","0.505"
"0","0.918470588235294","0.22741176470588237","0.3089411764705882","0.2972941176470589","0.01","0.01","0.01","0.01","0.01","0.01","1.01","0.175","0.13774193548387098","0.7847826086956522","0.3288135593220339","0.1945762711864407","0.505"
"0","0.48364705882352943","0.49917647058823533","0.3904705882352941","0.7398823529411765","0.01","0.01","0.01","0.01","0.01","0.01","1.01","0.175","0.13774193548387098","0.7847826086956522","0.3288135593220339","0.1945762711864407","0.505"
"2","0.8175294117647058","0.2390588235294118","0.9301176470588236","0.4525882352941177","0.01","0.01","0.01","0.01","0.01","1.01","0.01","0.175","0.13774193548387098","0.7847826086956522","0.3288135593220339","0.21135593220338986","0.505"
"7","0.05270588235294118","0.4370588235294118","0.4292941176470588","0.17305882352941176","1.01","0.01","0.01","0.01","0.01","0.01","0.01","0.175","0.13774193548387098","0.7847826086956522","0.3288135593220339","0.21135593220338986","0.505"
"0","0.5962352941176471","0.2235294117647059","0.662235294117647","1.0","0.01","1.01","0.01","0.01","0.01","0.01","0.01","0.175","0.13774193548387098","0.7847826086956522","0.3288135593220339","0.21135593220338986","0.505"
"6","0.20411764705882354","0.6894117647058824","0.03329411764705882","0.12258823529411764","0.01","0.01","1.01","0.01","0.01","0.01","0.01","0.175","0.13774193548387098","0.7847826086956522","0.3288135593220339","0.21135593220338986","0.505"
"9","0.16917647058823532","0.31670588235294117","0.4681176470588236","0.5185882352941176","1.01","0.01","0.01","0.01","0.01","0.01","0.01","0.175","0.13774193548387098","0.7847826086956522","0.3288135593220339","0.21135593220338986","0.505"
"8","0.8951764705882354","0.01388235294117647","0.7049411764705882","0.05658823529411765","0.01","0.01","1.01","0.01","0.01","0.01","0.01","0.175","0.13774193548387098","0.7847826086956522","0.3288135593220339","0.21135593220338986","0.505"
"8","0.934","0.5962352941176471","0.9572941176470589","0.26235294117647057","0.01","0.01","1.01","0.01","0.01","0.01","0.01","0.175","0.13774193548387098","0.7847826086956522","0.3288135593220339","0.21135593220338986","0.505"
"1","0.05658823529411765","0.35552941176470587","0.21964705882352942","0.5030588235294118","0.01","0.01","0.01","0.01","1.01","0.01","0.01","0.175","0.13774193548387098","0.7847826086956522","0.3288135593220339","0.21135593220338986","0.505"
"7","0.9456470588235294","0.49917647058823533","0.8757647058823529","0.8369411764705883","0.01","0.01","1.01","0.01","0.01","0.01","0.01","0.175","0.13774193548387098","0.7847826086956522","0.3288135593220339","0.21135593220338986","0.505"
"5","0.25070588235294117","0.15364705882352944","0.20411764705882354","0.7709411764705882","1.01","0.01","0.01","0.01","0.01","0.01","0.01","0.175","0.13774193548387098","0.7847826086956522","0.3288135593220339","0.21135593220338986","0.505"
"3","0.4409411764705882","0.9844705882352941","0.7243529411764705","0.8175294117647058","0.01","0.01","0.01","0.01","0.01","1.01","0.01","0.175","0.13774193548387098","0.7847826086956522","0.3288135593220339","0.21135593220338986","0.505"
"1","0.3516470588235294","0.7165882352941176","0.17305882352941176","0.9611764705882353","0.01","0.01","0.01","0.01","0.01","0.01","1.01","0.175","0.13774193548387098","0.7847826086956522","0.3288135593220339","0.21135593220338986","0.505"
"5","0.3749411764705883","0.860235294117647","0.9495294117647058","0.3788235294117647","0.01","0.01","0.01","0.01","0.01","0.01","1.01","0.175","0.13774193548387098","0.7847826086956522","0.3288135593220339","0.228135593220339","0.505"
"3","0.06435294117647058","0.49917647058823533","0.9805882352941176","0.4254117647058824","0.01","0.01","0.01","1.01","0.01","0.01","0.01","0.175","0.13774193548387098","0.7847826086956522","0.3288135593220339","0.228135593220339","0.505"
"9","0.7010588235294117","0.12258823529411764","0.8485882352941176","0.3438823529411765","0.01","0.01","0.01","0.01","0.01","1.01","0.01","0.175","0.13774193548387098","0.7847826086956522","0.3288135593220339","0.228135593220339","0.505"
"2","0.5147058823529411","0.8175294117647058","0.5341176470588236","0.1303529411764706","1.01","0.01","0.01","0.01","0.01","0.01","0.01","0.175","0.13774193548387098","0.7847826086956522","0.3288135593220339","0.228135593220339","0.505"
"7","0.5030588235294118","0.5884705882352942","0.6195294117647059","0.9650588235294117","0.01","0.01","0.01","0.01","1.01","0.01","0.01","0.175","0.13774193548387098","0.7847826086956522","0.3288135593220339","0.228135593220339","0.505"
"9","0.1575294117647059","0.4875294117647059","0.6311764705882353","0.918470588235294","0.01","0.01","1.01","0.01","0.01","0.01","0.01","0.175","0.13774193548387098","0.7847826086956522","0.3288135593220339","0.228135593220339","0.505"
"3","0.6583529411764706","0.09929411764705881","0.4603529411764706","0.7165882352941176","0.01","0.01","1.01","0.01","0.01","0.01","0.01","0.175","0.13774193548387098","0.7847826086956522","0.3288135593220339","0.228135593220339","0.505"
"1","0.20023529411764707","0.19247058823529414","0.7515294117647059","0.9301176470588236","0.01","0.01","0.01","0.01","0.01","0.01","1.01","0.175","0.13774193548387098","0.7847826086956522","0.3288135593220339","0.228135593220339","0.505"
"8","0.3904705882352941","0.9961176470588236","0.5651764705882353","1.0","0.01","0.01","0.01","0.01","0.01","1.01","0.01","0.175","0.13774193548387098","0.7847826086956522","0.3288135593220339","0.228135593220339","0.505"
"1","0.20023529411764707","0.3827058823529412","0.5612941176470588","0.7398823529411765","0.01","0.01","0.01","0.01","1.01","0.01","0.01","0.175","0.13774193548387098","0.7847826086956522","0.3288135593220339","0.228135593220339","0.505"
"3","0.31670588235294117","0.7981176470588235","0.1264705882352941","0.1458823529411765","1.01","0.01","0.01","0.01","0.01","0.01","0.01","0.175","0.13774193548387098","0.7847826086956522","0.3288135593220339","0.228135593220339","0.505"
"5","0.13423529411764706","0.7554117647058823","0.7165882352941176","0.10705882352941176","0.01","0.01","0.01","0.01","0.01","1.01","0.01","0.175","0.13774193548387098","0.7847826086956522","0.3288135593220339","0.228135593220339","0.505"
"7","0.20800000000000002","0.16917647058823532","0.3089411764705882","0.6234117647058823","0.01","0.01","1.01","0.01","0.01","0.01","0.01","0.175","0.13774193548387098","0.7847826086956522","0.3288135593220339","0.228135593220339","0.505"
"1","0.3788235294117647","0.18858823529411764","0.3205882352941177","0.14976470588235294","0.01","0.01","0.01","0.01","1.01","0.01","0.01","0.175","0.13774193548387098","0.7847826086956522","0.3288135593220339","0.24491525423728816","0.505"
"9","0.7282352941176471","0.12258823529411764","0.16141176470588237","0.9107058823529411","0.01","0.01","0.01","0.01","0.01","1.01","0.01","0.175","0.13774193548387098","0.7847826086956522","0.3288135593220339","0.24491525423728816","0.505"
"8","0.9844705882352941","0.4021176470588235","0.19247058823529414","0.6699999999999999","0.01","1.01","0.01","0.01","0.01","0.01","0.01","0.175","0.13774193548387098","0.7847826086956522","0.3288135593220339","0.24491525423728816","0.505"
"0","0.20023529411764707","0.01","0.4487058823529412","0.6699999999999999","1.01","0.01","0.01","0.01","0.01","0.01","0.01","0.175","0.13774193548387098","0.7847826086956522","0.3288135593220339","0.24491525423728816","0.505"
"4","0.24294117647058824","0.1847058823529412","0.7010588235294117","0.604","0.01","0.01","0.01","0.01","0.01","1.01","0.01","0.175","0.13774193548387098","0.7847826086956522","0.3288135593220339","0.24491525423728816","0.505"
"8","0.5574117647058824","0.8796470588235294","0.662235294117647","0.42152941176470593","0.01","0.01","1.01","0.01","0.01","0.01","0.01","0.175","0.13774193548387098","0.7847826086956522","0.3288135593220339","0.24491525423728816","0.505"
"2","0.06823529411764706","0.6078823529411764","0.6195294117647059","0.281764705882353","0.01","0.01","0.01","1.01","0.01","0.01","0.01","0.175","0.13774193548387098","0.7847826086956522","0.3288135593220339","0.24491525423728816","0.505"
"2","0.044941176470588234","0.3089411764705882","0.6311764705882353","0.4292941176470588","0.01","0.01","1.01","0.01","0.01","0.01","0.01","0.175","0.13774193548387098","0.7847826086956522","0.3288135593220339","0.24491525423728816","0.505"
"0","0.4758823529411765","0.21188235294117647","0.6505882352941177","0.27788235294117647","0.01","0.01","0.01","0.01","0.01","0.01","1.01","0.175","0.13774193548387098","0.7847826086956522","0.3288135593220339","0.24491525423728816","0.505"
"9","0.736","0.8641176470588235","0.17694117647058824","0.44482352941176473","0.01","0.01","0.01","0.01","0.01","0.01","1.01","0.175","0.13774193548387098","0.7847826086956522","0.3288135593220339","0.24491525423728816","0.505"
"8","0.3865882352941176","0.7709411764705882","0.604","0.8136470588235294","0.01","0.01","0.01","0.01","0.01","1.01","0.01","0.175","0.13774193548387098","0.7847826086956522","0.3288135593220339","0.24491525423728816","0.505"
"9","0.4603529411764706","0.6389411764705882","0.8136470588235294","0.7748235294117647","0.01","0.01","1.01","0.01","0.01","0.01","0.01","0.175","0.13774193548387098","0.7847826086956522","0.3288135593220339","0.26169491525423727","0.505"
"0","0.5496470588235294","0.12258823529411764","0.21188235294117647","0.02164705882352941","0.01","0.01","0.01","1.01","0.01","0.01","0.01","0.175","0.13774193548387098","0.7847826086956522","0.3288135593220339","0.26169491525423727","0.505"
"8","0.11870588235294117","0.5690588235294117","0.9728235294117646","0.9534117647058823","0.01","0.01","0.01","1.01","0.01","0.01","0.01","0.175","0.13774193548387098","0.7847826086956522","0.3288135593220339","0.26169491525423727","0.505"
"2","0.6932941176470588","0.3089411764705882","0.5962352941176471","0.7243529411764705","0.01","0.01","0.01","1.01","0.01","0.01","0.01","0.175","0.13774193548387098","0.7847826086956522","0.3288135593220339","0.26169491525423727","0.505"
"7","0.7010588235294117","0.868","0.2972941176470589","0.7748235294117647","0.01","0.01","0.01","0.01","0.01","1.01","0.01","0.175","0.13774193548387098","0.7847826086956522","0.3288135593220339","0.26169491525423727","0.505"
"6","0.3322352941176471","0.3361176470588235","0.4875294117647059","0.18858823529411764","0.01","0.01","0.01","0.01","0.01","1.01","0.01","0.175","0.13774193548387098","0.7847826086956522","0.3288135593220339","0.26169491525423727","0.505"
"0","0.6699999999999999","0.4487058823529412","0.9922352941176471","0.1264705882352941","0.01","0.01","1.01","0.01","0.01","0.01","0.01","0.175","0.13774193548387098","0.7847826086956522","0.3288135593220339","0.26169491525423727","0.505"
"2","0.044941176470588234","0.8796470588235294","0.4487058823529412","0.6816470588235295","0.01","0.01","0.01","1.01","0.01","0.01","0.01","0.175","0.13774193548387098","0.7847826086956522","0.3288135593220339","0.26169491525423727","0.505"
"9","0.3244705882352941","0.5496470588235294","0.8990588235294118","0.7282352941176471","0.01","1.01","0.01","0.01","0.01","0.01","0.01","0.175","0.13774193548387098","0.7847826086956522","0.3288135593220339","0.26169491525423727","0.505"
"4","0.5651764705882353","1.0","0.8330588235294119","0.07988235294117646","0.01","0.01","1.01","0.01","0.01","0.01","0.01","0.175","0.13774193548387098","0.7847826086956522","0.3288135593220339","0.26169491525423727","0.505"
"7","0.7127058823529412","0.3710588235294118","0.8951764705882354","0.1148235294117647","0.01","0.01","1.01","0.01","0.01","0.01","0.01","0.175","0.13774193548387098","0.7847826086956522","0.3288135593220339","0.26169491525423727","0.505"
"2","0.2351764705882353","0.5418823529411765","0.21188235294117647","0.860235294117647","0.01","1.01","0.01","0.01","0.01","0.01","0.01","0.175","0.13774193548387098","0.7847826086956522","0.3288135593220339","0.26169491525423727","0.505"
"2","0.6234117647058823","0.5574117647058824","0.27788235294117647","0.09152941176470587","0.01","0.01","0.01","0.01","1.01","0.01","0.01","0.175","0.13774193548387098","0.7847826086956522","0.3288135593220339","0.27847457627118644","0.505"
"0","0.23129411764705884","0.7864705882352941","0.27788235294117647","0.6311764705882353","0.01","1.01","0.01","0.01","0.01","0.01","0.01","0.175","0.13774193548387098","0.7847826086956522","0.3288135593220339","0.27847457627118644","0.505"
"7","0.7981176470588235","0.538","0.7321176470588235","0.6738823529411764","0.01","0.01","0.01","1.01","0.01","0.01","0.01","0.175","0.13774193548387098","0.7847826086956522","0.3288135593220339","0.27847457627118644","0.505"
"4","0.4098823529411765","0.5574117647058824","0.6428235294117647","0.47200000000000003","0.01","1.01","0.01","0.01","0.01","0.01","0.01","0.175","0.13774193548387098","0.7847826086956522","0.3288135593220339","0.27847457627118644","0.505"
"9","0.2584705882352941","0.39435294117647063","0.860235294117647","0.9572941176470589","0.01","0.01","0.01","1.01","0.01","0.01","0.01","0.175","0.13774193548387098","0.7847826086956522","0.3288135593220339","0.27847457627118644","0.505"
"8","0.8136470588235294","0.025529411764705884","0.8447058823529412","0.3982352941176471","0.01","0.01","1.01","0.01","0.01","0.01","0.01","0.175","0.13774193548387098","0.7847826086956522","0.3288135593220339","0.27847457627118644","0.505"
"8","0.743764705882353","0.8718823529411764","0.45647058823529413","0.39435294117647063","0.01","0.01","0.01","0.01","0.01","0.01","1.01","0.175","0.13774193548387098","0.7847826086956522","0.3288135593220339","0.27847457627118644","0.505"
"6","0.8136470588235294","0.802","0.9844705882352941","0.5690588235294117","1.01","0.01","0.01","0.01","0.01","0.01","0.01","0.175","0.13774193548387098","0.7847826086956522","0.3288135593220339","0.27847457627118644","0.505"
"1","0.7709411764705882","0.5923529411764706","0.7476470588235294","0.918470588235294","0.01","0.01","0.01","0.01","0.01","1.01","0.01","0.175","0.13774193548387098","0.7847826086956522","0.3288135593220339","0.27847457627118644","0.505"
"6","0.9301176470588236","0.45647058823529413","0.9650588235294117","0.21964705882352942","0.01","0.01","0.01","0.01","1.01","0.01","0.01","0.175","0.13774193548387098","0.7847826086956522","0.3288135593220339","0.27847457627118644","0.505"
"7","0.0371764705882353","0.3788235294117647","0.8369411764705883","0.7670588235294117","0.01","0.01","0.01","0.01","0.01","1.01","0.01","0.175","0.13774193548387098","0.7847826086956522","0.3288135593220339","0.27847457627118644","0.505"
"1","0.6078823529411764","0.5108235294117647","0.1303529411764706","0.5263529411764706","0.01","0.01","0.01","0.01","0.01","0.01","1.01","0.175","0.13774193548387098","0.7847826086956522","0.3288135593220339","0.2952542372881356","0.505"
"5","0.35552941176470587","0.6777647058823529","0.8796470588235294","0.11094117647058822","0.01","0.01","0.01","0.01","0.01","1.01","0.01","0.175","0.13774193548387098","0.7847826086956522","0.3288135593220339","0.2952542372881356","0.505"
"8","0.12258823529411764","0.9107058823529411","0.538","0.1148235294117647","0.01","0.01","0.01","1.01","0.01","0.01","0.01","0.175","0.13774193548387098","0.7847826086956522","0.3288135593220339","0.2952542372881356","0.505"
"8","0.8990588235294118","0.8330588235294119","0.04882352941176471","0.464235294117647","0.01","0.01","0.01","1.01","0.01","0.01","0.01","0.175","0.13774193548387098","0.7847826086956522","0.3288135593220339","0.2952542372881356","0.505"
"2","0.8990588235294118","0.1148235294117647","0.16529411764705884","0.8951764705882354","0.01","1.01","0.01","0.01","0.01","0.01","0.01","0.175","0.13774193548387098","0.7847826086956522","0.3288135593220339","0.2952542372881356","0.505"
"2","0.2235294117647059","0.07988235294117646","0.7049411764705882","0.3438823529411765","0.01","0.01","0.01","0.01","0.01","1.01","0.01","0.175","0.13774193548387098","0.7847826086956522","0.3288135593220339","0.2952542372881356","0.505"
"2","0.8252941176470587","0.5457647058823529","0.13423529411764706","0.3982352941176471","0.01","0.01","0.01","0.01","0.01","0.01","1.01","0.175","0.13774193548387098","0.7847826086956522","0.3288135593220339","0.2952542372881356","0.505"
"2","0.1575294117647059","0.9262352941176472","0.6117647058823529","0.4681176470588236","0.01","0.01","0.01","0.01","0.01","0.01","1.01","0.175","0.13774193548387098","0.7847826086956522","0.3288135593220339","0.2952542372881356","0.505"
"6","0.6156470588235294","0.8757647058823529","0.21576470588235297","0.8136470588235294","0.01","1.01","0.01","0.01","0.01","0.01","0.01","0.175","0.13774193548387098","0.7847826086956522","0.3288135593220339","0.2952542372881356","0.505"
"4","0.5962352941176471","0.4681176470588236","0.281764705882353","0.1303529411764706","0.01","0.01","0.01","1.01","0.01","0.01","0.01","0.175","0.13774193548387098","0.7847826086956522","0.3288135593220339","0.2952542372881356","0.505"
"9","0.4487058823529412","0.03329411764705882","0.17305882352941176","0.9378823529411765","0.01","1.01","0.01","0.01","0.01","0.01","0.01","0.175","0.13774193548387098","0.7847826086956522","0.3288135593220339","0.2952542372881356","0.505"
"6","0.9883529411764707","0.11094117647058822","0.5457647058823529","0.3632941176470588","1.01","0.01","0.01","0.01","0.01","0.01","0.01","0.175","0.13774193548387098","0.7847826086956522","0.3288135593220339","0.31203389830508477","0.505"
"7","0.3089411764705882","0.4021176470588235","0.7282352941176471","0.464235294117647","0.01","0.01","0.01","1.01","0.01","0.01","0.01","0.175","0.13774193548387098","0.7847826086956522","0.3288135593220339","0.31203389830508477","0.505"
"5","0.8291764705882353","0.39435294117647063","0.9611764705882353","0.4875294117647059","0.01","0.01","0.01","0.01","0.01","1.01","0.01","0.175","0.13774193548387098","0.7847826086956522","0.3288135593220339","0.31203389830508477","0.505"
"6","0.21576470588235297","0.24682352941176472","0.31670588235294117","0.2235294117647059","0.01","1.01","0.01","0.01","0.01","0.01","0.01","0.175","0.13774193548387098","0.7847826086956522","0.3288135593220339","0.31203389830508477","0.505"
"4","0.08376470588235294","0.8058823529411765","0.5302352941176471","0.3283529411764706","0.01","0.01","0.01","0.01","1.01","0.01","0.01","0.175","0.13774193548387098","0.7847826086956522","0.3288135593220339","0.31203389830508477","0.505"
"6","0.5418823529411765","0.09152941176470587","0.7825882352941177","0.03329411764705882","0.01","0.01","0.01","0.01","1.01","0.01","0.01","0.175","0.13774193548387098","0.7847826086956522","0.3288135593220339","0.31203389830508477","0.505"
"1","0.6505882352941177","0.8136470588235294","0.8835294117647059","0.8136470588235294","0.01","0.01","1.01","0.01","0.01","0.01","0.01","0.175","0.13774193548387098","0.7847826086956522","0.3288135593220339","0.31203389830508477","0.505"
"3","0.7321176470588235","0.7049411764705882","0.8563529411764705","0.4875294117647059","0.01","0.01","0.01","0.01","1.01","0.01","0.01","0.175","0.13774193548387098","0.7847826086956522","0.3288135593220339","0.31203389830508477","0.505"
"5","0.20800000000000002","0.8291764705882353","0.7748235294117647","0.5185882352941176","0.01","0.01","0.01","0.01","0.01","0.01","1.01","0.175","0.13774193548387098","0.7847826086956522","0.3288135593220339","0.31203389830508477","0.505"
"7","0.4331764705882353","0.2934117647058823","0.3244705882352941","0.7088235294117647","0.01","0.01","1.01","0.01","0.01","0.01","0.01","0.175","0.13774193548387098","0.7847826086956522","0.3288135593220339","0.31203389830508477","0.505"
"7","0.8097647058823529","0.9689411764705882","0.09929411764705881","0.8835294117647059","1.01","0.01","0.01","0.01","0.01","0.01","0.01","0.175","0.13774193548387098","0.7847826086956522","0.3288135593220339","0.31203389830508477","0.505"
"4","0.8175294117647058","0.4525882352941177","0.1458823529411765","0.7825882352941177","0.01","1.01","0.01","0.01","0.01","0.01","0.01","0.175","0.13774193548387098","0.7847826086956522","0.3288135593220339","0.31203389830508477","0.505"
"7","0.35552941176470587","0.7321176470588235","0.3865882352941176","0.3982352941176471","1.01","0.01","0.01","0.01","0.01","0.01","0.01","0.175","0.13774193548387098","0.7847826086956522","0.3288135593220339","0.3288135593220339","0.505"
"9","0.7825882352941177","0.1575294117647059","0.03329411764705882","0.4409411764705882","0.01","0.01","0.01","1.01","0.01","0.01","0.01","0.175","0.13774193548387098","0.7847826086956522","0.3288135593220339","0.3288135593220339","0.505"
"5","0.7631764705882352","0.3011764705882353","0.8291764705882353","0.4331764705882353","0.01","1.01","0.01","0.01","0.01","0.01","0.01","0.175","0.13774193548387098","0.7847826086956522","0.3288135593220339","0.3288135593220339","0.505"
"7","0.41764705882352937","0.47200000000000003","0.3749411764705883","0.9068235294117647","0.01","0.01","0.01","0.01","0.01","1.01","0.01","0.175","0.13774193548387098","0.7847826086956522","0.3288135593220339","0.3288135593220339","0.505"
"4","0.6350588235294118","0.6544705882352941","0.6583529411764706","0.5108235294117647","0.01","0.01","0.01","0.01","1.01","0.01","0.01","0.175","0.13774193548387098","0.7847826086956522","0.3288135593220339","0.3288135593220339","0.505"
"3","0.36717647058823527","0.17694117647058824","0.9572941176470589","0.8097647058823529","0.01","0.01","0.01","0.01","0.01","0.01","1.01","0.175","0.13774193548387098","0.7847826086956522","0.3288135593220339","0.3288135593220339","0.505"
"0","0.9029411764705882","0.8874117647058823","0.17694117647058824","0.4758823529411765","0.01","0.01","0.01","0.01","0.01","0.01","1.01","0.175","0.13774193548387098","0.7847826086956522","0.3288135593220339","0.3288135593220339","0.505"
"3","0.9728235294117646","0.7709411764705882","0.16529411764705884","0.17694117647058824","0.01","0.01","0.01","0.01","1.01","0.01","0.01","0.175","0.13774193548387098","0.7847826086956522","0.3288135593220339","0.3288135593220339","0.505"
"9","0.6234117647058823","0.39435294117647063","0.13811764705882354","0.17305882352941176","0.01","0.01","1.01","0.01","0.01","0.01","0.01","0.175","0.13774193548387098","0.7847826086956522","0.3288135593220339","0.3288135593220339","0.505"
"2","0.4525882352941177","0.44482352941176473","0.1963529411764706","0.9534117647058823","1.01","0.01","0.01","0.01","0.01","0.01","0.01","0.175","0.13774193548387098","0.7847826086956522","0.3288135593220339","0.3288135593220339","0.505"
"6","0.9883529411764707","0.2934117647058823","0.5768235294117646","0.6001176470588235","0.01","0.01","1.01","0.01","0.01","0.01","0.01","0.175","0.13774193548387098","0.7847826086956522","0.3288135593220339","0.3288135593220339","0.505"
"2","0.4681176470588236","0.7398823529411765","0.8447058823529412","0.025529411764705884","0.01","0.01","1.01","0.01","0.01","0.01","0.01","0.175","0.13774193548387098","0.7847826086956522","0.3288135593220339","0.34559322033898304","0.505"
"6","0.6350588235294118","0.27788235294117647","0.11870588235294117","0.281764705882353","1.01","0.01","0.01","0.01","0.01","0.01","0.01","0.175","0.13774193548387098","0.7847826086956522","0.3288135593220339","0.34559322033898304","0.505"
"9","0.9767058823529412","0.3205882352941177","0.9262352941176472","0.860235294117647","0.01","0.01","0.01","0.01","0.01","0.01","1.01","0.175","0.13774193548387098","0.7847826086956522","0.3288135593220339","0.34559322033898304","0.505"
"4","0.6583529411764706","0.743764705882353","0.01","0.7981176470588235","0.01","0.01","1.01","0.01","0.01","0.01","0.01","0.175","0.13774193548387098","0.7847826086956522","0.3288135593220339","0.34559322033898304","0.505"
"8","0.5535294117647059","0.7398823529411765","0.7631764705882352","0.6078823529411764","0.01","0.01","1.01","0.01","0.01","0.01","0.01","0.175","0.13774193548387098","0.7847826086956522","0.3288135593220339","0.34559322033898304","0.505"
"3","0.06435294117647058","0.7554117647058823","0.8408235294117647","0.794235294117647","0.01","0.01","0.01","0.01","0.01","1.01","0.01","0.175","0.13774193548387098","0.7847826086956522","0.3288135593220339","0.34559322033898304","0.505"
"6","0.5341176470588236","0.39435294117647063","0.5496470588235294","0.8214117647058823","0.01","0.01","0.01","0.01","0.01","1.01","0.01","0.175","0.13774193548387098","0.7847826086956522","0.3288135593220339","0.34559322033898304","0.505"
"0","0.47200000000000003","0.9650588235294117","0.9728235294117646","0.918470588235294","0.01","0.01","0.01","1.01","0.01","0.01","0.01","0.175","0.13774193548387098","0.7847826086956522","0.3288135593220339","0.34559322033898304","0.505"
"9","0.16141176470588237","0.3594117647058824","0.868","0.9689411764705882","0.01","1.01","0.01","0.01","0.01","0.01","0.01","0.175","0.13774193548387098","0.7847826086956522","0.3288135593220339","0.34559322033898304","0.505"
"8","0.21964705882352942","0.274","0.5845882352941177","0.029411764705882353","0.01","0.01","0.01","0.01","0.01","0.01","1.01","0.175","0.13774193548387098","0.7847826086956522","0.3288135593220339","0.34559322033898304","0.505"
"8","0.7554117647058823","0.464235294117647","0.4331764705882353","0.3011764705882353","1.01","0.01","0.01","0.01","0.01","0.01","0.01","0.175","0.13774193548387098","0.7847826086956522","0.3288135593220339","0.34559322033898304","0.505"
"9","0.941764705882353","0.6001176470588235","0.6467058823529412","0.9534117647058823","0.01","0.01","0.01","0.01","0.01","0.01","1.01","0.175","0.13774193548387098","0.7847826086956522","0.3288135593220339","0.3623728813559322","0.505"
"6","0.7670588235294117","0.7709411764705882","0.7709411764705882","0.2856470588235294","0.01","1.01","0.01","0.01","0.01","0.01","0.01","0.175","0.13774193548387098","0.7847826086956522","0.3288135593220339","0.3623728813559322","0.505"
"8","0.8641176470588235","0.8369411764705883","0.6816470588235295","0.05270588235294118","0.01","0.01","1.01","0.01","0.01","0.01","0.01","0.175","0.13774193548387098","0.7847826086956522","0.3288135593220339","0.3623728813559322","0.505"
"2","0.6583529411764706","0.9767058823529412","0.7398823529411765","0.09541176470588235","0.01","0.01","0.01","0.01","0.01","0.01","1.01","0.175","0.13774193548387098","0.7847826086956522","0.3288135593220339","0.3623728813559322","0.505"
"0","0.9961176470588236","0.9650588235294117","0.3322352941176471","0.09541176470588235","0.01","1.01","0.01","0.01","0.01","0.01","0.01","0.175","0.13774193548387098","0.7847826086956522","0.3288135593220339","0.3623728813559322","0.505"
"6","0.044941176470588234","0.4331764705882353","0.3089411764705882","0.7088235294117647","1.01","0.01","0.01","0.01","0.01","0.01","0.01","0.175","0.13774193548387098","0.7847826086956522","0.3288135593220339","0.3623728813559322","0.505"
"2","0.08764705882352941","0.4137647058823529","0.6932941176470588","0.041058823529411766","1.01","0.01","0.01","0.01","0.01","0.01","0.01","0.175","0.13774193548387098","0.7847826086956522","0.3288135593220339","0.3623728813559322","0.505"
"0","0.076","0.7243529411764705","0.05658823529411765","0.9262352941176472","0.01","0.01","0.01","1.01","0.01","0.01","0.01","0.175","0.13774193548387098","0.7847826086956522","0.3288135593220339","0.3623728813559322","0.505"
"4","0.8408235294117647","0.1264705882352941","0.3827058823529412","0.7748235294117647","0.01","0.01","1.01","0.01","0.01","0.01","0.01","0.175","0.13774193548387098","0.7847826086956522","0.3288135593220339","0.3623728813559322","0.505"
"9","0.802","0.06823529411764706","0.604","0.35552941176470587","1.01","0.01","0.01","0.01","0.01","0.01","0.01","0.175","0.13774193548387098","0.7847826086956522","0.3288135593220339","0.3623728813559322","0.505"
"5","0.9844705882352941","0.7243529411764705","0.9223529411764705","0.25458823529411767","0.01","0.01","1.01","0.01","0.01","0.01","0.01","0.175","0.13774193548387098","0.7847826086956522","0.3288135593220339","0.3623728813559322","0.505"
"7","0.7282352941176471","0.18858823529411764","0.7787058823529412","0.6583529411764706","0.01","0.01","0.01","0.01","0.01","0.01","1.01","0.175","0.13774193548387098","0.7847826086956522","0.3288135593220339","0.3791525423728814","0.505"
"7","0.2235294117647059","0.5263529411764706","0.08764705882352941","0.9961176470588236","0.01","0.01","1.01","0.01","0.01","0.01","0.01","0.175","0.13774193548387098","0.7847826086956522","0.3288135593220339","0.3791525423728814","0.505"
"3","0.3865882352941176","0.6389411764705882","0.3710588235294118","0.6738823529411764","1.01","0.01","0.01","0.01","0.01","0.01","0.01","0.175","0.13774193548387098","0.7847826086956522","0.3288135593220339","0.3791525423728814","0.505"
"7","0.03329411764705882","0.17305882352941176","0.7049411764705882","0.794235294117647","0.01","0.01","1.01","0.01","0.01","0.01","0.01","0.175","0.13774193548387098","0.7847826086956522","0.3288135593220339","0.3791525423728814","0.505"
"0","0.7476470588235294","0.6583529411764706","0.7631764705882352","0.21188235294117647","1.01","0.01","0.01","0.01","0.01","0.01","0.01","0.175","0.13774193548387098","0.7847826086956522","0.3288135593220339","0.3791525423728814","0.505"
"0","0.24294117647058824","0.17694117647058824","0.45647058823529413","0.25458823529411767","0.01","0.01","0.01","0.01","0.01","1.01","0.01","0.175","0.13774193548387098","0.7847826086956522","0.3288135593220339","0.3791525423728814","0.505"
"8","0.5768235294117646","0.4370588235294118","0.3205882352941177","0.4914117647058823","0.01","1.01","0.01","0.01","0.01","0.01","0.01","0.175","0.13774193548387098","0.7847826086956522","0.3288135593220339","0.3791525423728814","0.505"
"6","0.6117647058823529","0.3011764705882353","0.28952941176470587","0.9922352941176471","0.01","0.01","0.01","1.01","0.01","0.01","0.01","0.175","0.13774193548387098","0.7847826086956522","0.3288135593220339","0.3791525423728814","0.505"
"7","0.6932941176470588","0.4370588235294118","0.3710588235294118","0.09152941176470587","0.01","0.01","0.01","0.01","0.01","0.01","1.01","0.175","0.13774193548387098","0.7847826086956522","0.3288135593220339","0.3791525423728814","0.505"
"3","0.8524705882352941","0.794235294117647","0.5923529411764706","0.11094117647058822","0.01","0.01","0.01","1.01","0.01","0.01","0.01","0.175","0.13774193548387098","0.7847826086956522","0.3288135593220339","0.3791525423728814","0.505"
"7","0.3283529411764706","0.1963529411764706","0.9495294117647058","0.25458823529411767","0.01","0.01","0.01","0.01","0.01","0.01","1.01","0.175","0.13774193548387098","0.7847826086956522","0.3288135593220339","0.39593220338983054","0.505"
"8","0.029411764705882353","0.18082352941176472","0.8524705882352941","0.09152941176470587","0.01","0.01","0.01","0.01","0.01","1.01","0.01","0.175","0.13774193548387098","0.7847826086956522","0.3288135593220339","0.39593220338983054","0.505"
"4","0.0371764705882353","0.6661176470588235","0.20411764705882354","0.9805882352941176","0.01","0.01","0.01","0.01","0.01","1.01","0.01","0.175","0.13774193548387098","0.7847826086956522","0.3288135593220339","0.39593220338983054","0.505"
"3","0.6816470588235295","0.6117647058823529","0.5108235294117647","0.8408235294117647","1.01","0.01","0.01","0.01","0.01","0.01","0.01","0.175","0.13774193548387098","0.7847826086956522","0.3288135593220339","0.39593220338983054","0.505"
"6","0.5651764705882353","0.02164705882352941","0.3516470588235294","0.2701176470588236","0.01","0.01","0.01","0.01","0.01","1.01","0.01","0.175","0.13774193548387098","0.7847826086956522","0.3288135593220339","0.39593220338983054","0.505"
"2","0.48364705882352943","0.24682352941176472","0.7670588235294117","0.941764705882353","0.01","1.01","0.01","0.01","0.01","0.01","0.01","0.175","0.13774193548387098","0.7847826086956522","0.3288135593220339","0.39593220338983054","0.505"
"7","0.03329411764705882","0.14200000000000002","0.918470588235294","0.8835294117647059","0.01","0.01","0.01","0.01","0.01","0.01","1.01","0.175","0.13774193548387098","0.7847826086956522","0.3288135593220339","0.39593220338983054","0.505"
"1","0.12258823529411764","0.4487058823529412","0.30505882352941177","0.8447058823529412","0.01","1.01","0.01","0.01","0.01","0.01","0.01","0.175","0.13774193548387098","0.7847826086956522","0.3288135593220339","0.39593220338983054","0.505"
"5","0.9844705882352941","0.13811764705882354","0.041058823529411766","0.25458823529411767","0.01","1.01","0.01","0.01","0.01","0.01","0.01","0.175","0.13774193548387098","0.7847826086956522","0.3288135593220339","0.39593220338983054","0.505"
"5","0.6855294117647059","0.45647058823529413","0.7127058823529412","0.8447058823529412","0.01","0.01","0.01","1.01","0.01","0.01","0.01","0.175","0.13774193548387098","0.7847826086956522","0.3288135593220339","0.39593220338983054","0.505"
"0","0.4098823529411765","0.36717647058823527","0.3594117647058824","0.6272941176470588","0.01","0.01","0.01","0.01","1.01","0.01","0.01","0.175","0.13774193548387098","0.7847826086956522","0.3288135593220339","0.39593220338983054","0.505"
"7","0.7321176470588235","0.3361176470588235","0.7282352941176471","0.45647058823529413","1.01","0.01","0.01","0.01","0.01","0.01","0.01","0.175","0.13774193548387098","0.7847826086956522","0.3288135593220339","0.39593220338983054","0.505"
"8","0.6505882352941177","0.8330588235294119","0.8874117647058823","0.7554117647058823","0.01","0.01","0.01","0.01","0.01","0.01","1.01","0.175","0.13774193548387098","0.7847826086956522","0.3288135593220339","0.4127118644067797","0.505"
"1","0.5341176470588236","0.5845882352941177","0.6001176470588235","0.11094117647058822","0.01","0.01","1.01","0.01","0.01","0.01","0.01","0.175","0.13774193548387098","0.7847826086956522","0.3288135593220339","0.4127118644067797","0.505"
"7","0.01","0.1303529411764706","0.23129411764705884","0.05270588235294118","0.01","0.01","0.01","0.01","1.01","0.01","0.01","0.175","0.13774193548387098","0.7847826086956522","0.3288135593220339","0.4127118644067797","0.505"
"8","0.08764705882352941","0.5923529411764706","0.6428235294117647","0.6311764705882353","0.01","0.01","1.01","0.01","0.01","0.01","0.01","0.175","0.13774193548387098","0.7847826086956522","0.3288135593220339","0.4127118644067797","0.505"
"3","0.7592941176470588","0.3710588235294118","0.6311764705882353","0.07988235294117646","1.01","0.01","0.01","0.01","0.01","0.01","0.01","0.175","0.13774193548387098","0.7847826086956522","0.3288135593220339","0.4127118644067797","0.505"
"7","0.5690588235294117","0.6117647058823529","0.4681176470588236","0.30505882352941177","0.01","0.01","0.01","1.01","0.01","0.01","0.01","0.175","0.13774193548387098","0.7847826086956522","0.3288135593220339","0.4127118644067797","0.505"
"5","0.26235294117647057","0.4021176470588235","0.860235294117647","0.860235294117647","0.01","1.01","0.01","0.01","0.01","0.01","0.01","0.175","0.13774193548387098","0.7847826086956522","0.3288135593220339","0.4127118644067797","0.505"
"9","0.868","0.9107058823529411","0.16529411764705884","1.0","0.01","0.01","0.01","0.01","0.01","0.01","1.01","0.175","0.13774193548387098","0.7847826086956522","0.3288135593220339","0.4127118644067797","0.505"
"2","0.3244705882352941","0.6195294117647059","0.5030588235294118","0.7127058823529412","0.01","0.01","0.01","0.01","1.01","0.01","0.01","0.175","0.13774193548387098","0.7847826086956522","0.3288135593220339","0.4127118644067797","0.505"
"1","0.5845882352941177","0.49917647058823533","0.9728235294117646","1.0","0.01","0.01","0.01","0.01","1.01","0.01","0.01","0.175","0.13774193548387098","0.7847826086956522","0.3288135593220339","0.4127118644067797","0.505"
"8","0.7165882352941176","0.5108235294117647","0.11870588235294117","0.3749411764705883","0.01","0.01","0.01","0.01","0.01","0.01","1.01","0.175","0.13774193548387098","0.7847826086956522","0.3288135593220339","0.4294915254237288","0.505"
"7","0.6932941176470588","0.6699999999999999","0.1575294117647059","0.5962352941176471","0.01","0.01","0.01","1.01","0.01","0.01","0.01","0.175","0.13774193548387098","0.7847826086956522","0.3288135593220339","0.4294915254237288","0.505"
"5","0.604","0.8175294117647058","0.3788235294117647","0.3283529411764706","0.01","0.01","1.01","0.01","0.01","0.01","0.01","0.175","0.13774193548387098","0.7847826086956522","0.3288135593220339","0.4294915254237288","0.505"
"5","0.8835294117647059","0.12258823529411764","0.42152941176470593","0.662235294117647","1.01","0.01","0.01","0.01","0.01","0.01","0.01","0.175","0.13774193548387098","0.7847826086956522","0.3288135593220339","0.4294915254237288","0.505"
"4","0.20023529411764707","0.5807058823529412","0.2934117647058823","0.3128235294117647","0.01","0.01","0.01","0.01","0.01","1.01","0.01","0.175","0.13774193548387098","0.7847826086956522","0.3288135593220339","0.4294915254237288","0.505"
"2","0.3205882352941177","0.5418823529411765","0.4331764705882353","0.8485882352941176","0.01","0.01","0.01","1.01","0.01","0.01","0.01","0.175","0.13774193548387098","0.7847826086956522","0.3288135593220339","0.4294915254237288","0.505"
"3","0.22741176470588237","0.7049411764705882","0.347764705882353","0.6738823529411764","0.01","0.01","0.01","0.01","1.01","0.01","0.01","0.175","0.13774193548387098","0.7847826086956522","0.3288135593220339","0.4294915254237288","0.505"
"3","0.7010588235294117","0.3827058823529412","0.39435294117647063","0.6428235294117647","1.01","0.01","0.01","0.01","0.01","0.01","0.01","0.175","0.13774193548387098","0.7847826086956522","0.3288135593220339","0.4294915254237288","0.505"
"6","0.22741176470588237","0.8912941176470588","0.9495294117647058","0.18082352941176472","0.01","0.01","0.01","0.01","0.01","1.01","0.01","0.175","0.13774193548387098","0.7847826086956522","0.3288135593220339","0.4294915254237288","0.505"
"5","0.21188235294117647","0.4331764705882353","0.09152941176470587","0.3710588235294118","0.01","1.01","0.01","0.01","0.01","0.01","0.01","0.175","0.13774193548387098","0.7847826086956522","0.3288135593220339","0.4294915254237288","0.505"
"2","0.8058823529411765","0.6428235294117647","0.347764705882353","0.8563529411764705","1.01","0.01","0.01","0.01","0.01","0.01","0.01","0.175","0.13774193548387098","0.7847826086956522","0.3288135593220339","0.4294915254237288","0.505"
"2","0.03329411764705882","0.7709411764705882","0.5341176470588236","0.02164705882352941","1.01","0.01","0.01","0.01","0.01","0.01","0.01","0.175","0.13774193548387098","0.7847826086956522","0.3288135593220339","0.4294915254237288","0.505"
"7","0.12258823529411764","0.7165882352941176","0.3089411764705882","0.6699999999999999","0.01","0.01","0.01","0.01","1.01","0.01","0.01","0.175","0.13774193548387098","0.7847826086956522","0.3288135593220339","0.4294915254237288","0.505"
"7","0.7631764705882352","0.7864705882352941","0.8990588235294118","0.48364705882352943","0.01","1.01","0.01","0.01","0.01","0.01","0.01","0.175","0.13774193548387098","0.7847826086956522","0.3288135593220339","0.446271186440678","0.505"
"9","0.31670588235294117","0.3904705882352941","0.7864705882352941","0.4137647058823529","0.01","0.01","0.01","0.01","1.01","0.01","0.01","0.175","0.13774193548387098","0.7847826086956522","0.3288135593220339","0.446271186440678","0.505"
"9","0.25070588235294117","0.11870588235294117","0.7321176470588235","0.48364705882352943","0.01","1.01","0.01","0.01","0.01","0.01","0.01","0.175","0.13774193548387098","0.7847826086956522","0.3288135593220339","0.446271186440678","0.505"
"7","0.1963529411764706","0.06823529411764706","0.1148235294117647","0.8951764705882354","0.01","0.01","0.01","0.01","0.01","1.01","0.01","0.175","0.13774193548387098","0.7847826086956522","0.3288135593220339","0.446271186440678","0.505"
"0","0.9883529411764707","0.27788235294117647","0.5651764705882353","0.8796470588235294","1.01","0.01","0.01","0.01","0.01","0.01","0.01","0.175","0.13774193548387098","0.7847826086956522","0.3288135593220339","0.446271186440678","0.505"
"9","0.01","0.7476470588235294","0.09152941176470587","0.406","0.01","0.01","0.01","0.01","0.01","0.01","1.01","0.175","0.13774193548387098","0.7847826086956522","0.3288135593220339","0.446271186440678","0.505"
"4","0.3865882352941176","0.7825882352941177","0.14200000000000002","0.18858823529411764","0.01","0.01","1.01","0.01","0.01","0.01","0.01","0.175","0.13774193548387098","0.7847826086956522","0.3288135593220339","0.446271186440678","0.505"
"6","0.3361176470588235","0.27788235294117647","0.5962352941176471","0.3749411764705883","1.01","0.01","0.01","0.01","0.01","0.01","0.01","0.175","0.13774193548387098","0.7847826086956522","0.3288135593220339","0.446271186440678","0.505"
"7","0.07211764705882352","0.7825882352941177","0.1963529411764706","0.4331764705882353","1.01","0.01","0.01","0.01","0.01","0.01","0.01","0.175","0.13774193548387098","0.7847826086956522","0.3288135593220339","0.446271186440678","0.505"
"9","0.6661176470588235","0.5496470588235294","0.10317647058823529","0.06435294117647058","0.01","0.01","1.01","0.01","0.01","0.01","0.01","0.175","0.13774193548387098","0.7847826086956522","0.3288135593220339","0.446271186440678","0.505"
"6","0.3128235294117647","0.8058823529411765","0.3361176470588235","0.2701176470588236","0.01","1.01","0.01","0.01","0.01","0.01","0.01","0.175","0.13774193548387098","0.7847826086956522","0.3288135593220339","0.446271186440678","0.505"
"0","0.33999999999999997","0.45647058823529413","0.01776470588235294","0.26623529411764707","0.01","0.01","0.01","0.01","0.01","0.01","1.01","0.175","0.13774193548387098","0.7847826086956522","0.3288135593220339","0.446271186440678","0.505"
"8","0.9728235294117646","0.01","0.8485882352941176","0.7864705882352941","0.01","1.01","0.01","0.01","0.01","0.01","0.01","0.175","0.13774193548387098","0.7847826086956522","0.3288135593220339","0.446271186440678","0.505"
"8","0.7748235294117647","0.5496470588235294","0.2584705882352941","0.3982352941176471","0.01","0.01","0.01","0.01","0.01","1.01","0.01","0.175","0.13774193548387098","0.7847826086956522","0.3288135593220339","0.46305084745762715","0.505"
"1","0.7321176470588235","0.4875294117647059","0.9805882352941176","0.20800000000000002","0.01","0.01","0.01","1.01","0.01","0.01","0.01","0.175","0.13774193548387098","0.7847826086956522","0.3288135593220339","0.46305084745762715","0.505"
"2","0.1303529411764706","0.49529411764705883","0.5185882352941176","0.5962352941176471","0.01","0.01","0.01","1.01","0.01","0.01","0.01","0.175","0.13774193548387098","0.7847826086956522","0.3288135593220339","0.46305084745762715","0.505"
"6","0.7787058823529412","0.4331764705882353","0.9572941176470589","0.05270588235294118","0.01","0.01","0.01","0.01","1.01","0.01","0.01","0.175","0.13774193548387098","0.7847826086956522","0.3288135593220339","0.46305084745762715","0.505"
"9","0.2390588235294118","0.5069411764705882","0.3632941176470588","0.6505882352941177","1.01","0.01","0.01","0.01","0.01","0.01","0.01","0.175","0.13774193548387098","0.7847826086956522","0.3288135593220339","0.46305084745762715","0.505"
"8","0.28952941176470587","0.8330588235294119","0.6272941176470588","0.8524705882352941","0.01","0.01","0.01","1.01","0.01","0.01","0.01","0.175","0.13774193548387098","0.7847826086956522","0.3288135593220339","0.46305084745762715","0.505"
"4","0.464235294117647","0.10705882352941176","0.4797647058823529","0.794235294117647","0.01","1.01","0.01","0.01","0.01","0.01","0.01","0.175","0.13774193548387098","0.7847826086956522","0.3288135593220339","0.46305084745762715","0.505"
"0","0.5612941176470588","0.7825882352941177","0.9107058823529411","0.2934117647058823","0.01","0.01","0.01","1.01","0.01","0.01","0.01","0.175","0.13774193548387098","0.7847826086956522","0.3288135593220339","0.46305084745762715","0.505"
"3","0.7476470588235294","0.7670588235294117","0.7864705882352941","0.09541176470588235","0.01","0.01","1.01","0.01","0.01","0.01","0.01","0.175","0.13774193548387098","0.7847826086956522","0.3288135593220339","0.46305084745762715","0.505"
"9","0.6234117647058823","0.47200000000000003","0.8912941176470588","0.8214117647058823","0.01","0.01","0.01","1.01","0.01","0.01","0.01","0.175","0.13774193548387098","0.7847826086956522","0.3288135593220339","0.46305084745762715","0.505"
"4","0.2584705882352941","0.7748235294117647","0.8058823529411765","0.8524705882352941","0.01","0.01","0.01","0.01","1.01","0.01","0.01","0.175","0.13774193548387098","0.7847826086956522","0.3288135593220339","0.4798305084745763","0.505"
"1","0.01388235294117647","0.04882352941176471","0.9107058823529411","0.8058823529411765","1.01","0.01","0.01","0.01","0.01","0.01","0.01","0.175","0.13774193548387098","0.7847826086956522","0.3288135593220339","0.4798305084745763","0.505"
"5","0.7864705882352941","0.22741176470588237","0.8796470588235294","0.7709411764705882","0.01","0.01","0.01","0.01","1.01","0.01","0.01","0.175","0.13774193548387098","0.7847826086956522","0.3288135593220339","0.4798305084745763","0.505"
"1","0.9301176470588236","0.934","0.4525882352941177","0.3011764705882353","0.01","0.01","0.01","1.01","0.01","0.01","0.01","0.175","0.13774193548387098","0.7847826086956522","0.3288135593220339","0.4798305084745763","0.505"
"7","0.3244705882352941","0.7476470588235294","0.3244705882352941","0.802","0.01","0.01","0.01","1.01","0.01","0.01","0.01","0.175","0.13774193548387098","0.7847826086956522","0.3288135593220339","0.4798305084745763","0.505"
"3","0.7243529411764705","0.7243529411764705","0.5535294117647059","0.6699999999999999","0.01","1.01","0.01","0.01","0.01","0.01","0.01","0.175","0.13774193548387098","0.7847826086956522","0.3288135593220339","0.4798305084745763","0.505"
"7","0.8369411764705883","0.7903529411764706","0.6583529411764706","0.4098823529411765","0.01","0.01","0.01","0.01","0.01","1.01","0.01","0.175","0.13774193548387098","0.7847826086956522","0.3288135593220339","0.4798305084745763","0.505"
"1","0.9301176470588236","0.7670588235294117","0.07211764705882352","0.7825882352941177","0.01","0.01","1.01","0.01","0.01","0.01","0.01","0.175","0.13774193548387098","0.7847826086956522","0.3288135593220339","0.4798305084745763","0.505"
"3","0.2351764705882353","0.23129411764705884","0.802","0.05270588235294118","1.01","0.01","0.01","0.01","0.01","0.01","0.01","0.175","0.13774193548387098","0.7847826086956522","0.3288135593220339","0.4798305084745763","0.505"
"9","0.8330588235294119","0.13423529411764706","0.7670588235294117","0.2856470588235294","0.01","0.01","0.01","0.01","0.01","0.01","1.01","0.175","0.13774193548387098","0.7847826086956522","0.3288135593220339","0.4798305084745763","0.505"
"1","0.6234117647058823","0.3011764705882353","0.7165882352941176","0.1575294117647059","0.01","0.01","0.01","1.01","0.01","0.01","0.01","0.175","0.13774193548387098","0.7847826086956522","0.3288135593220339","0.4798305084745763","0.505"
"3","0.0371764705882353","0.15364705882352944","1.0","0.03329411764705882","0.01","0.01","0.01","0.01","0.01","0.01","1.01","0.175","0.13774193548387098","0.7847826086956522","0.3288135593220339","0.4798305084745763","0.505"
"9","0.918470588235294","0.7398823529411765","0.03329411764705882","0.4758823529411765","1.01","0.01","0.01","0.01","0.01","0.01","0.01","0.175","0.13774193548387098","0.7847826086956522","0.3288135593220339","0.4966101694915255","0.505"
"2","0.8291764705882353","0.5845882352941177","0.8058823529411765","0.9223529411764705","0.01","1.01","0.01","0.01","0.01","0.01","0.01","0.175","0.13774193548387098","0.7847826086956522","0.3288135593220339","0.4966101694915255","0.505"
"7","0.9805882352941176","0.5069411764705882","0.01","0.3865882352941176","0.01","0.01","0.01","0.01","0.01","1.01","0.01","0.175","0.13774193548387098","0.7847826086956522","0.3288135593220339","0.4966101694915255","0.505"
"6","0.19247058823529414","0.2934117647058823","0.1148235294117647","0.3710588235294118","1.01","0.01","0.01","0.01","0.01","0.01","0.01","0.175","0.13774193548387098","0.7847826086956522","0.3288135593220339","0.4966101694915255","0.505"
"6","0.6583529411764706","0.5185882352941176","0.05270588235294118","0.6117647058823529","0.01","0.01","0.01","0.01","1.01","0.01","0.01","0.175","0.13774193548387098","0.7847826086956522","0.3288135593220339","0.4966101694915255","0.505"
"1","0.8136470588235294","0.8563529411764705","0.25458823529411767","0.6699999999999999","0.01","0.01","0.01","0.01","0.01","0.01","1.01","0.175","0.13774193548387098","0.7847826086956522","0.3288135593220339","0.4966101694915255","0.505"
"8","0.9805882352941176","0.49917647058823533","0.7825882352941177","0.5962352941176471","0.01","0.01","0.01","0.01","1.01","0.01","0.01","0.175","0.13774193548387098","0.7847826086956522","0.3288135593220339","0.4966101694915255","0.505"
"5","0.21964705882352942","0.3438823529411765","0.21964705882352942","0.7515294117647059","0.01","0.01","0.01","0.01","0.01","0.01","1.01","0.175","0.13774193548387098","0.7847826086956522","0.3288135593220339","0.4966101694915255","0.505"
"3","0.4525882352941177","0.6156470588235294","0.6078823529411764","0.1264705882352941","1.01","0.01","0.01","0.01","0.01","0.01","0.01","0.175","0.13774193548387098","0.7847826086956522","0.3288135593220339","0.4966101694915255","0.505"
"7","0.7321176470588235","0.7825882352941177","0.21188235294117647","0.6699999999999999","1.01","0.01","0.01","0.01","0.01","0.01","0.01","0.175","0.13774193548387098","0.7847826086956522","0.3288135593220339","0.4966101694915255","0.505"
"6","0.01","0.9611764705882353","0.7864705882352941","0.9922352941176471","1.01","0.01","0.01","0.01","0.01","0.01","0.01","0.175","0.13774193548387098","0.7847826086956522","0.3288135593220339","0.4966101694915255","0.505"
"5","0.21576470588235297","0.42152941176470593","0.27788235294117647","0.08376470588235294","0.01","0.01","0.01","0.01","1.01","0.01","0.01","0.175","0.13774193548387098","0.7847826086956522","0.3288135593220339","0.4966101694915255","0.505"
"0","0.07211764705882352","0.4370588235294118","0.42152941176470593","0.4331764705882353","0.01","1.01","0.01","0.01","0.01","0.01","0.01","0.175","0.13774193548387098","0.7847826086956522","0.3288135593220339","0.5133898305084745","0.505"
"1","0.6661176470588235","0.6583529411764706","0.5962352941176471","0.20800000000000002","0.01","1.01","0.01","0.01","0.01","0.01","0.01","0.175","0.13774193548387098","0.7847826086956522","0.3288135593220339","0.5133898305084745","0.505"
"3","0.4681176470588236","0.9572941176470589","0.3128235294117647","0.35552941176470587","0.01","0.01","1.01","0.01","0.01","0.01","0.01","0.175","0.13774193548387098","0.7847826086956522","0.3288135593220339","0.5133898305084745","0.505"
"0","0.3710588235294118","0.8097647058823529","0.3128235294117647","0.041058823529411766","0.01","0.01","0.01","0.01","0.01","1.01","0.01","0.175","0.13774193548387098","0.7847826086956522","0.3288135593220339","0.5133898305084745","0.505"
"1","0.6117647058823529","0.3089411764705882","0.3865882352941176","0.26235294117647057","0.01","1.01","0.01","0.01","0.01","0.01","0.01","0.175","0.13774193548387098","0.7847826086956522","0.3288135593220339","0.5133898305084745","0.505"
"8","0.19247058823529414","0.7825882352941177","0.4370588235294118","0.8874117647058823","0.01","0.01","0.01","0.01","1.01","0.01","0.01","0.175","0.13774193548387098","0.7847826086956522","0.3288135593220339","0.5133898305084745","0.505"
"8","0.7515294117647059","0.21188235294117647","0.5612941176470588","0.35552941176470587","0.01","0.01","0.01","0.01","0.01","1.01","0.01","0.175","0.13774193548387098","0.7847826086956522","0.3288135593220339","0.5133898305084745","0.505"
"3","0.07211764705882352","0.5069411764705882","0.35552941176470587","0.9301176470588236","0.01","0.01","0.01","0.01","0.01","1.01","0.01","0.175","0.13774193548387098","0.7847826086956522","0.3288135593220339","0.5133898305084745","0.505"
"0","0.26623529411764707","0.5147058823529411","0.6156470588235294","0.6389411764705882","1.01","0.01","0.01","0.01","0.01","0.01","0.01","0.175","0.13774193548387098","0.7847826086956522","0.3288135593220339","0.5133898305084745","0.505"
"9","0.8058823529411765","0.662235294117647","0.17305882352941176","0.35552941176470587","0.01","0.01","0.01","0.01","1.01","0.01","0.01","0.175","0.13774193548387098","0.7847826086956522","0.3288135593220339","0.5133898305084745","0.505"
"7","0.36717647058823527","0.7554117647058823","0.406","1.0","0.01","0.01","0.01","1.01","0.01","0.01","0.01","0.175","0.13774193548387098","0.7847826086956522","0.3288135593220339","0.5301694915254238","0.505"
"8","0.6971764705882353","0.5341176470588236","0.8058823529411765","0.14976470588235294","1.01","0.01","0.01","0.01","0.01","0.01","0.01","0.175","0.13774193548387098","0.7847826086956522","0.3288135593220339","0.5301694915254238","0.505"
"3","0.31670588235294117","0.6855294117647059","0.7321176470588235","0.7049411764705882","0.01","1.01","0.01","0.01","0.01","0.01","0.01","0.175","0.13774193548387098","0.7847826086956522","0.3288135593220339","0.5301694915254238","0.505"
"2","0.44482352941176473","0.01776470588235294","0.10705882352941176","0.9145882352941176","0.01","0.01","1.01","0.01","0.01","0.01","0.01","0.175","0.13774193548387098","0.7847826086956522","0.3288135593220339","0.5301694915254238","0.505"
"7","0.4409411764705882","0.6234117647058823","0.13423529411764706","0.4758823529411765","0.01","0.01","0.01","0.01","0.01","1.01","0.01","0.175","0.13774193548387098","0.7847826086956522","0.3288135593220339","0.5301694915254238","0.505"
"1","0.4331764705882353","0.7476470588235294","0.3322352941176471","0.4137647058823529","0.01","1.01","0.01","0.01","0.01","0.01","0.01","0.175","0.13774193548387098","0.7847826086956522","0.3288135593220339","0.5301694915254238","0.505"
"2","0.8447058823529412","0.7631764705882352","0.941764705882353","0.6195294117647059","0.01","0.01","0.01","0.01","1.01","0.01","0.01","0.175","0.13774193548387098","0.7847826086956522","0.3288135593220339","0.5301694915254238","0.505"
"2","0.2235294117647059","0.3438823529411765","0.18082352941176472","0.04882352941176471","0.01","1.01","0.01","0.01","0.01","0.01","0.01","0.175","0.13774193548387098","0.7847826086956522","0.3288135593220339","0.5301694915254238","0.505"
"3","0.13423529411764706","0.060470588235294116","0.5418823529411765","0.6971764705882353","0.01","0.01","0.01","0.01","0.01","0.01","1.01","0.175","0.13774193548387098","0.7847826086956522","0.3288135593220339","0.5301694915254238","0.505"
"6","0.14200000000000002","0.41764705882352937","0.48364705882352943","0.5923529411764706","0.01","1.01","0.01","0.01","0.01","0.01","0.01","0.175","0.13774193548387098","0.7847826086956522","0.3288135593220339","0.5301694915254238","0.505"
"8","0.4409411764705882","0.8641176470588235","0.4758823529411765","0.6234117647058823","0.01","0.01","0.01","0.01","0.01","0.01","1.01","0.175","0.13774193548387098","0.7847826086956522","0.3288135593220339","0.5301694915254238","0.505"
"9","0.802","0.3632941176470588","0.2701176470588236","0.5535294117647059","1.01","0.01","0.01","0.01","0.01","0.01","0.01","0.175","0.13774193548387098","0.7847826086956522","0.3288135593220339","0.5469491525423729","0.505"
"5","0.1148235294117647","0.31670588235294117","0.8718823529411764","0.6855294117647059","0.01","1.01","0.01","0.01","0.01","0.01","0.01","0.175","0.13774193548387098","0.7847826086956522","0.3288135593220339","0.5469491525423729","0.505"
"5","0.9922352941176471","0.1847058823529412","0.5884705882352942","0.17305882352941176","0.01","0.01","0.01","0.01","1.01","0.01","0.01","0.175","0.13774193548387098","0.7847826086956522","0.3288135593220339","0.5469491525423729","0.505"
"9","0.05270588235294118","0.6467058823529412","0.5147058823529411","0.4875294117647059","0.01","0.01","0.01","0.01","0.01","0.01","1.01","0.175","0.13774193548387098","0.7847826086956522","0.3288135593220339","0.5469491525423729","0.505"
"3","0.17694117647058824","0.03329411764705882","0.3011764705882353","0.8097647058823529","0.01","0.01","1.01","0.01","0.01","0.01","0.01","0.175","0.13774193548387098","0.7847826086956522","0.3288135593220339","0.5469491525423729","0.505"
"7","0.5768235294117646","0.08376470588235294","0.5418823529411765","0.30505882352941177","0.01","1.01","0.01","0.01","0.01","0.01","0.01","0.175","0.13774193548387098","0.7847826086956522","0.3288135593220339","0.5469491525423729","0.505"
"6","0.406","0.4098823529411765","0.538","0.4098823529411765","1.01","0.01","0.01","0.01","0.01","0.01","0.01","0.175","0.13774193548387098","0.7847826086956522","0.3288135593220339","0.5469491525423729","0.505"
"4","0.8757647058823529","0.860235294117647","0.025529411764705884","0.6467058823529412","0.01","0.01","0.01","0.01","0.01","0.01","1.01","0.175","0.13774193548387098","0.7847826086956522","0.3288135593220339","0.5469491525423729","0.505"
"5","0.8408235294117647","0.6971764705882353","0.802","0.24682352941176472","0.01","0.01","0.01","0.01","0.01","0.01","1.01","0.175","0.13774193548387098","0.7847826086956522","0.3288135593220339","0.5469491525423729","0.505"
"1","0.2856470588235294","0.9767058823529412","0.05270588235294118","0.8058823529411765","0.01","0.01","1.01","0.01","0.01","0.01","0.01","0.175","0.13774193548387098","0.7847826086956522","0.3288135593220339","0.5469491525423729","0.505"
"6","0.8408235294117647","0.5496470588235294","0.2972941176470589","0.6389411764705882","0.01","0.01","1.01","0.01","0.01","0.01","0.01","0.175","0.13774193548387098","0.7847826086956522","0.3288135593220339","0.5469491525423729","0.505"
"8","0.03329411764705882","0.39435294117647063","0.33999999999999997","0.18082352941176472","0.01","1.01","0.01","0.01","0.01","0.01","0.01","0.175","0.13774193548387098","0.7847826086956522","0.3288135593220339","0.563728813559322","0.505"
"7","0.7709411764705882","0.6699999999999999","0.2351764705882353","0.934","0.01","0.01","1.01","0.01","0.01","0.01","0.01","0.175","0.13774193548387098","0.7847826086956522","0.3288135593220339","0.563728813559322","0.505"
"1","0.274","0.8990588235294118","0.3788235294117647","0.8291764705882353","0.01","0.01","0.01","0.01","0.01","0.01","1.01","0.175","0.13774193548387098","0.7847826086956522","0.3288135593220339","0.563728813559322","0.505"
"5","0.8796470588235294","0.7864705882352941","0.6583529411764706","0.21188235294117647","0.01","0.01","1.01","0.01","0.01","0.01","0.01","0.175","0.13774193548387098","0.7847826086956522","0.3288135593220339","0.563728813559322","0.505"
"9","0.8408235294117647","0.24682352941176472","0.3788235294117647","0.3361176470588235","0.01","1.01","0.01","0.01","0.01","0.01","0.01","0.175","0.13774193548387098","0.7847826086956522","0.3288135593220339","0.563728813559322","0.505"
"8","0.3632941176470588","0.5690588235294117","0.860235294117647","0.13423529411764706","0.01","0.01","0.01","0.01","0.01","0.01","1.01","0.175","0.13774193548387098","0.7847826086956522","0.3288135593220339","0.563728813559322","0.505"
"7","0.04882352941176471","0.06823529411764706","0.9611764705882353","0.41764705882352937","0.01","0.01","1.01","0.01","0.01","0.01","0.01","0.175","0.13774193548387098","0.7847826086956522","0.3288135593220339","0.563728813559322","0.505"
"5","0.21188235294117647","0.6117647058823529","0.6738823529411764","0.19247058823529414","1.01","0.01","0.01","0.01","0.01","0.01","0.01","0.175","0.13774193548387098","0.7847826086956522","0.3288135593220339","0.563728813559322","0.505"
"5","0.3322352941176471","0.02164705882352941","0.8291764705882353","0.4603529411764706","0.01","0.01","0.01","0.01","0.01","0.01","1.01","0.175","0.13774193548387098","0.7847826086956522","0.3288135593220339","0.563728813559322","0.505"
"9","0.44482352941176473","0.4603529411764706","0.10317647058823529","0.20800000000000002","0.01","1.01","0.01","0.01","0.01","0.01","0.01","0.175","0.13774193548387098","0.7847826086956522","0.3288135593220339","0.563728813559322","0.505"
"1","0.9844705882352941","0.3516470588235294","0.9456470588235294","0.736","0.01","0.01","1.01","0.01","0.01","0.01","0.01","0.175","0.13774193548387098","0.7847826086956522","0.3288135593220339","0.5805084745762712","0.505"
"7","0.25458823529411767","0.7787058823529412","0.5418823529411765","0.8874117647058823","0.01","0.01","1.01","0.01","0.01","0.01","0.01","0.175","0.13774193548387098","0.7847826086956522","0.3288135593220339","0.5805084745762712","0.505"
"8","0.8796470588235294","0.09541176470588235","0.274","0.1458823529411765","0.01","0.01","0.01","0.01","0.01","1.01","0.01","0.175","0.13774193548387098","0.7847826086956522","0.3288135593220339","0.5805084745762712","0.505"
"7","0.26623529411764707","0.7592941176470588","0.274","0.8252941176470587","0.01","0.01","0.01","1.01","0.01","0.01","0.01","0.175","0.13774193548387098","0.7847826086956522","0.3288135593220339","0.5805084745762712","0.505"
"4","0.07988235294117646","0.24682352941176472","0.3865882352941176","0.20411764705882354","0.01","1.01","0.01","0.01","0.01","0.01","0.01","0.175","0.13774193548387098","0.7847826086956522","0.3288135593220339","0.5805084745762712","0.505"
"5","0.19247058823529414","0.7670588235294117","0.8757647058823529","0.9378823529411765","0.01","0.01","0.01","0.01","0.01","1.01","0.01","0.175","0.13774193548387098","0.7847826086956522","0.3288135593220339","0.5805084745762712","0.505"
"7","0.406","0.8058823529411765","0.4292941176470588","0.5457647058823529","0.01","0.01","0.01","0.01","0.01","0.01","1.01","0.175","0.13774193548387098","0.7847826086956522","0.3288135593220339","0.5805084745762712","0.505"
"5","0.04882352941176471","0.28952941176470587","0.9107058823529411","0.24294117647058824","1.01","0.01","0.01","0.01","0.01","0.01","0.01","0.175","0.13774193548387098","0.7847826086956522","0.3288135593220339","0.5805084745762712","0.505"
"9","0.4409411764705882","0.9495294117647058","0.6816470588235295","0.21188235294117647","0.01","1.01","0.01","0.01","0.01","0.01","0.01","0.175","0.13774193548387098","0.7847826086956522","0.3288135593220339","0.5805084745762712","0.505"
"8","0.9145882352941176","0.21576470588235297","0.7981176470588235","0.10705882352941176","0.01","0.01","0.01","1.01","0.01","0.01","0.01","0.175","0.13774193548387098","0.7847826086956522","0.3288135593220339","0.5805084745762712","0.505"
"9","0.6234117647058823","0.5302352941176471","0.5030588235294118","0.16917647058823532","0.01","0.01","0.01","0.01","0.01","1.01","0.01","0.175","0.13774193548387098","0.7847826086956522","0.3288135593220339","0.5972881355932204","0.505"
"0","0.8563529411764705","0.09541176470588235","0.05270588235294118","0.736","1.01","0.01","0.01","0.01","0.01","0.01","0.01","0.175","0.13774193548387098","0.7847826086956522","0.3288135593220339","0.5972881355932204","0.505"
"7","0.8252941176470587","0.13811764705882354","0.7981176470588235","0.6001176470588235","0.01","0.01","0.01","0.01","0.01","1.01","0.01","0.175","0.13774193548387098","0.7847826086956522","0.3288135593220339","0.5972881355932204","0.505"
"0","0.17305882352941176","0.33999999999999997","0.7787058823529412","0.7670588235294117","0.01","0.01","0.01","1.01","0.01","0.01","0.01","0.175","0.13774193548387098","0.7847826086956522","0.3288135593220339","0.5972881355932204","0.505"
"0","0.2934117647058823","0.6505882352941177","0.10705882352941176","0.9689411764705882","0.01","1.01","0.01","0.01","0.01","0.01","0.01","0.175","0.13774193548387098","0.7847826086956522","0.3288135593220339","0.5972881355932204","0.505"
"6","0.14976470588235294","0.5496470588235294","0.45647058823529413","0.3089411764705882","0.01","0.01","0.01","0.01","1.01","0.01","0.01","0.175","0.13774193548387098","0.7847826086956522","0.3288135593220339","0.5972881355932204","0.505"
"6","0.9728235294117646","0.4292941176470588","0.9767058823529412","0.5729411764705882","0.01","0.01","0.01","0.01","0.01","1.01","0.01","0.175","0.13774193548387098","0.7847826086956522","0.3288135593220339","0.5972881355932204","0.505"
"5","0.25070588235294117","0.5185882352941176","0.26623529411764707","0.6078823529411764","0.01","0.01","0.01","0.01","1.01","0.01","0.01","0.175","0.13774193548387098","0.7847826086956522","0.3288135593220339","0.5972881355932204","0.505"
"8","0.3244705882352941","1.0","0.1847058823529412","0.35552941176470587","0.01","0.01","0.01","1.01","0.01","0.01","0.01","0.175","0.13774193548387098","0.7847826086956522","0.3288135593220339","0.5972881355932204","0.505"
"3","0.13423529411764706","0.6389411764705882","0.7709411764705882","0.4098823529411765","0.01","0.01","0.01","0.01","0.01","0.01","1.01","0.175","0.13774193548387098","0.7847826086956522","0.3288135593220339","0.5972881355932204","0.505"
"8","0.3438823529411765","0.6350588235294118","0.6001176470588235","0.6389411764705882","0.01","0.01","1.01","0.01","0.01","0.01","0.01","0.175","0.13774193548387098","0.7847826086956522","0.3288135593220339","0.5972881355932204","0.505"
"5","0.25458823529411767","0.6117647058823529","0.7088235294117647","0.28952941176470587","0.01","0.01","0.01","0.01","0.01","1.01","0.01","0.175","0.13774193548387098","0.7847826086956522","0.3288135593220339","0.5972881355932204","0.505"
"6","0.19247058823529414","0.347764705882353","0.5690588235294117","0.8912941176470588","0.01","0.01","1.01","0.01","0.01","0.01","0.01","0.175","0.13774193548387098","0.7847826086956522","0.3288135593220339","0.6140677966101695","0.505"
"8","0.4292941176470588","0.9029411764705882","0.8912941176470588","0.15364705882352944","0.01","0.01","0.01","0.01","0.01","0.01","1.01","0.175","0.13774193548387098","0.7847826086956522","0.3288135593220339","0.6140677966101695","0.505"
"8","0.3594117647058824","0.4370588235294118","0.20023529411764707","0.347764705882353","0.01","0.01","1.01","0.01","0.01","0.01","0.01","0.175","0.13774193548387098","0.7847826086956522","0.3288135593220339","0.6140677966101695","0.505"
"3","0.044941176470588234","0.076","0.6001176470588235","0.17305882352941176","0.01","1.01","0.01","0.01","0.01","0.01","0.01","0.175","0.13774193548387098","0.7847826086956522","0.3288135593220339","0.6140677966101695","0.505"
"9","0.09152941176470587","0.8835294117647059","0.8291764705882353","0.45647058823529413","0.01","0.01","0.01","0.01","0.01","0.01","1.01","0.175","0.13774193548387098","0.7847826086956522","0.3288135593220339","0.6140677966101695","0.505"
"2","0.7204705882352941","0.03329411764705882","0.7127058823529412","0.28952941176470587","0.01","0.01","1.01","0.01","0.01","0.01","0.01","0.175","0.13774193548387098","0.7847826086956522","0.3288135593220339","0.6140677966101695","0.505"
"9","0.9883529411764707","0.8447058823529412","0.7787058823529412","0.8369411764705883","1.01","0.01","0.01","0.01","0.01","0.01","0.01","0.175","0.13774193548387098","0.7847826086956522","0.3288135593220339","0.6140677966101695","0.505"
"4","0.49917647058823533","0.4254117647058824","0.7554117647058823","0.8214117647058823","0.01","0.01","1.01","0.01","0.01","0.01","0.01","0.175","0.13774193548387098","0.7847826086956522","0.3288135593220339","0.6140677966101695","0.505"
"1","0.274","0.044941176470588234","0.7127058823529412","0.5768235294117646","0.01","0.01","0.01","1.01","0.01","0.01","0.01","0.175","0.13774193548387098","0.7847826086956522","0.3288135593220339","0.6140677966101695","0.505"
"2","0.6661176470588235","0.16529411764705884","0.9029411764705882","0.14200000000000002","0.01","0.01","0.01","0.01","0.01","1.01","0.01","0.175","0.13774193548387098","0.7847826086956522","0.3288135593220339","0.6140677966101695","0.505"
"9","0.09541176470588235","0.9262352941176472","0.6699999999999999","0.8563529411764705","1.01","0.01","0.01","0.01","0.01","0.01","0.01","0.175","0.13774193548387098","0.7847826086956522","0.3288135593220339","0.6140677966101695","0.505"
"7","0.02164705882352941","0.01","0.9767058823529412","0.49917647058823533","1.01","0.01","0.01","0.01","0.01","0.01","0.01","0.175","0.13774193548387098","0.7847826086956522","0.3288135593220339","0.6140677966101695","0.505"
"7","0.6311764705882353","0.9301176470588236","0.1847058823529412","0.21964705882352942","0.01","1.01","0.01","0.01","0.01","0.01","0.01","0.175","0.13774193548387098","0.7847826086956522","0.3288135593220339","0.6308474576271187","0.505"
"8","0.25070588235294117","0.8951764705882354","0.5224705882352941","0.1575294117647059","1.01","0.01","0.01","0.01","0.01","0.01","0.01","0.175","0.13774193548387098","0.7847826086956522","0.3288135593220339","0.6308474576271187","0.505"
"7","0.2856470588235294","0.9145882352941176","0.3865882352941176","0.10317647058823529","0.01","0.01","0.01","0.01","0.01","1.01","0.01","0.175","0.13774193548387098","0.7847826086956522","0.3288135593220339","0.6308474576271187","0.505"
"5","0.22741176470588237","0.794235294117647","0.3089411764705882","0.3244705882352941","0.01","0.01","1.01","0.01","0.01","0.01","0.01","0.175","0.13774193548387098","0.7847826086956522","0.3288135593220339","0.6308474576271187","0.505"
"1","0.8291764705882353","0.25458823529411767","0.8408235294117647","0.20411764705882354","0.01","0.01","0.01","1.01","0.01","0.01","0.01","0.175","0.13774193548387098","0.7847826086956522","0.3288135593220339","0.6308474576271187","0.505"
"7","0.5690588235294117","0.7592941176470588","0.9572941176470589","0.20023529411764707","0.01","0.01","0.01","0.01","0.01","1.01","0.01","0.175","0.13774193548387098","0.7847826086956522","0.3288135593220339","0.6308474576271187","0.505"
"6","0.24682352941176472","0.44482352941176473","0.7515294117647059","0.9029411764705882","0.01","0.01","0.01","0.01","0.01","0.01","1.01","0.175","0.13774193548387098","0.7847826086956522","0.3288135593220339","0.6308474576271187","0.505"
"2","0.7515294117647059","0.4487058823529412","0.5845882352941177","0.4254117647058824","0.01","0.01","0.01","0.01","0.01","1.01","0.01","0.175","0.13774193548387098","0.7847826086956522","0.3288135593220339","0.6308474576271187","0.505"
"7","0.6234117647058823","0.5263529411764706","0.6311764705882353","0.6156470588235294","0.01","0.01","0.01","1.01","0.01","0.01","0.01","0.175","0.13774193548387098","0.7847826086956522","0.3288135593220339","0.6308474576271187","0.505"
"4","0.49529411764705883","0.736","0.3865882352941176","0.7127058823529412","0.01","1.01","0.01","0.01","0.01","0.01","0.01","0.175","0.13774193548387098","0.7847826086956522","0.3288135593220339","0.6308474576271187","0.505"
"5","0.9107058823529411","0.8252941176470587","0.1963529411764706","0.17694117647058824","0.01","0.01","1.01","0.01","0.01","0.01","0.01","0.175","0.13774193548387098","0.7847826086956522","0.3288135593220339","0.6476271186440677","0.505"
"7","0.3283529411764706","0.041058823529411766","0.7476470588235294","0.794235294117647","0.01","0.01","0.01","0.01","0.01","0.01","1.01","0.175","0.13774193548387098","0.7847826086956522","0.3288135593220339","0.6476271186440677","0.505"
"5","0.3244705882352941","0.5069411764705882","0.5030588235294118","0.2856470588235294","0.01","0.01","1.01","0.01","0.01","0.01","0.01","0.175","0.13774193548387098","0.7847826086956522","0.3288135593220339","0.6476271186440677","0.505"
"3","0.42152941176470593","0.9262352941176472","0.6971764705882353","0.45647058823529413","0.01","0.01","0.01","0.01","0.01","0.01","1.01","0.175","0.13774193548387098","0.7847826086956522","0.3288135593220339","0.6476271186440677","0.505"
"1","0.09541176470588235","0.5962352941176471","0.06435294117647058","0.18858823529411764","0.01","0.01","0.01","0.01","1.01","0.01","0.01","0.175","0.13774193548387098","0.7847826086956522","0.3288135593220339","0.664406779661017","0.505"
"8","0.6311764705882353","0.9883529411764707","0.20800000000000002","0.5535294117647059","1.01","0.01","0.01","0.01","0.01","0.01","0.01","0.175","0.13774193548387098","0.7847826086956522","0.3288135593220339","0.664406779661017","0.505"
"0","0.3244705882352941","0.9572941176470589","0.26623529411764707","0.9728235294117646","0.01","0.01","0.01","0.01","1.01","0.01","0.01","0.175","0.13774193548387098","0.7847826086956522","0.3288135593220339","0.664406779661017","0.505"
"8","0.6117647058823529","0.6738823529411764","0.42152941176470593","0.3283529411764706","0.01","0.01","1.01","0.01","0.01","0.01","0.01","0.175","0.13774193548387098","0.7847826086956522","0.3288135593220339","0.664406779661017","0.505"
"8","0.20800000000000002","0.3904705882352941","0.9029411764705882","0.934","0.01","0.01","0.01","1.01","0.01","0.01","0.01","0.175","0.13774193548387098","0.7847826086956522","0.3288135593220339","0.664406779661017","0.505"
"5","0.743764705882353","0.7010588235294117","0.1963529411764706","0.11094117647058822","0.01","1.01","0.01","0.01","0.01","0.01","0.01","0.175","0.13774193548387098","0.7847826086956522","0.3288135593220339","0.664406779661017","0.505"
"5","0.7243529411764705","0.01388235294117647","0.8835294117647059","0.8252941176470587","0.01","0.01","0.01","1.01","0.01","0.01","0.01","0.175","0.13774193548387098","0.7847826086956522","0.3288135593220339","0.664406779661017","0.505"
"5","0.1963529411764706","0.6234117647058823","0.743764705882353","0.3205882352941177","0.01","0.01","0.01","0.01","0.01","0.01","1.01","0.175","0.13774193548387098","0.7847826086956522","0.3288135593220339","0.6811864406779661","0.505"
"5","0.3438823529411765","0.9805882352941176","0.9961176470588236","0.5845882352941177","0.01","0.01","0.01","0.01","0.01","1.01","0.01","0.175","0.13774193548387098","0.7847826086956522","0.3288135593220339","0.6811864406779661","0.505"
"6","0.8796470588235294","0.01388235294117647","0.8485882352941176","0.5612941176470588","0.01","0.01","1.01","0.01","0.01","0.01","0.01","0.175","0.13774193548387098","0.7847826086956522","0.3288135593220339","0.6811864406779661","0.505"
"0","0.2235294117647059","0.6350588235294118","0.5612941176470588","0.662235294117647","0.01","0.01","0.01","0.01","0.01","1.01","0.01","0.175","0.13774193548387098","0.7847826086956522","0.3288135593220339","0.6811864406779661","0.505"
"1","0.9029411764705882","0.3205882352941177","0.868","0.9844705882352941","1.01","0.01","0.01","0.01","0.01","0.01","0.01","0.175","0.13774193548387098","0.7847826086956522","0.3288135593220339","0.6811864406779661","0.505"
"0","0.7864705882352941","0.9301176470588236","0.5185882352941176","0.918470588235294","0.01","0.01","1.01","0.01","0.01","0.01","0.01","0.175","0.13774193548387098","0.7847826086956522","0.3288135593220339","0.6979661016949152","0.505"
"3","0.464235294117647","0.8874117647058823","0.1458823529411765","0.49529411764705883","0.01","1.01","0.01","0.01","0.01","0.01","0.01","0.175","0.13774193548387098","0.7847826086956522","0.3288135593220339","0.6979661016949152","0.505"
"9","0.918470588235294","0.604","0.604","0.01776470588235294","1.01","0.01","0.01","0.01","0.01","0.01","0.01","0.175","0.13774193548387098","0.7847826086956522","0.3288135593220339","0.6979661016949152","0.505"
"7","0.8990588235294118","0.01776470588235294","0.5884705882352942","0.5884705882352942","0.01","0.01","0.01","0.01","0.01","0.01","1.01","0.175","0.13774193548387098","0.7847826086956522","0.3288135593220339","0.6979661016949152","0.505"
"3","0.13423529411764706","0.2856470588235294","0.19247058823529414","0.3283529411764706","0.01","0.01","0.01","0.01","0.01","1.01","0.01","0.175","0.13774193548387098","0.7847826086956522","0.3288135593220339","0.6979661016949152","0.505"
"0","0.6428235294117647","0.0371764705882353","0.6971764705882353","0.347764705882353","0.01","0.01","0.01","0.01","1.01","0.01","0.01","0.175","0.13774193548387098","0.7847826086956522","0.3288135593220339","0.6979661016949152","0.505"
"3","0.7243529411764705","0.2351764705882353","0.41764705882352937","0.7592941176470588","0.01","0.01","0.01","1.01","0.01","0.01","0.01","0.175","0.13774193548387098","0.7847826086956522","0.3288135593220339","0.7147457627118644","0.505"
"8","0.8330588235294119","0.2701176470588236","0.4370588235294118","0.04882352941176471","0.01","0.01","0.01","0.01","1.01","0.01","0.01","0.175","0.13774193548387098","0.7847826086956522","0.3288135593220339","0.7147457627118644","0.505"
"4","0.9495294117647058","0.16141176470588237","0.9223529411764705","0.7204705882352941","0.01","0.01","0.01","1.01","0.01","0.01","0.01","0.175","0.13774193548387098","0.7847826086956522","0.3288135593220339","0.7147457627118644","0.505"
"7","0.918470588235294","0.07988235294117646","0.2934117647058823","0.7592941176470588","0.01","1.01","0.01","0.01","0.01","0.01","0.01","0.175","0.13774193548387098","0.7847826086956522","0.3288135593220339","0.7147457627118644","0.505"
"5","0.02164705882352941","0.14200000000000002","0.3710588235294118","0.49529411764705883","0.01","0.01","0.01","0.01","0.01","1.01","0.01","0.175","0.13774193548387098","0.7847826086956522","0.3288135593220339","0.7147457627118644","0.505"
"6","0.25458823529411767","0.19247058823529414","0.6001176470588235","0.4797647058823529","0.01","0.01","0.01","0.01","0.01","1.01","0.01","0.175","0.13774193548387098","0.7847826086956522","0.3288135593220339","0.7147457627118644","0.505"
"0","0.4370588235294118","0.27788235294117647","0.5923529411764706","0.3710588235294118","0.01","0.01","0.01","0.01","0.01","1.01","0.01","0.175","0.13774193548387098","0.7847826086956522","0.3288135593220339","0.7315254237288135","0.505"
"9","0.4370588235294118","0.21964705882352942","0.4797647058823529","0.06435294117647058","1.01","0.01","0.01","0.01","0.01","0.01","0.01","0.175","0.13774193548387098","0.7847826086956522","0.3288135593220339","0.7315254237288135","0.505"
"9","0.3361176470588235","0.5651764705882353","0.7864705882352941","0.5651764705882353","1.01","0.01","0.01","0.01","0.01","0.01","0.01","0.175","0.13774193548387098","0.7847826086956522","0.3288135593220339","0.7315254237288135","0.505"
"5","0.2390588235294118","0.044941176470588234","0.5884705882352942","0.406","0.01","0.01","0.01","0.01","0.01","1.01","0.01","0.175","0.13774193548387098","0.7847826086956522","0.3288135593220339","0.7315254237288135","0.505"
"7","0.41764705882352937","0.3982352941176471","0.09541176470588235","0.7670588235294117","0.01","0.01","0.01","0.01","0.01","0.01","1.01","0.175","0.13774193548387098","0.7847826086956522","0.3288135593220339","0.7315254237288135","0.505"
"6","0.6234117647058823","0.15364705882352944","0.03329411764705882","0.1458823529411765","1.01","0.01","0.01","0.01","0.01","0.01","0.01","0.175","0.13774193548387098","0.7847826086956522","0.3288135593220339","0.7315254237288135","0.505"
"5","0.6311764705882353","0.4254117647058824","0.21576470588235297","0.30505882352941177","0.01","0.01","1.01","0.01","0.01","0.01","0.01","0.175","0.13774193548387098","0.7847826086956522","0.3288135593220339","0.7483050847457627","0.505"
"7","0.6195294117647059","0.8136470588235294","0.3594117647058824","0.08764705882352941","0.01","0.01","0.01","1.01","0.01","0.01","0.01","0.175","0.13774193548387098","0.7847826086956522","0.3288135593220339","0.7483050847457627","0.505"
"3","0.24294117647058824","0.36717647058823527","0.5069411764705882","0.7903529411764706","0.01","1.01","0.01","0.01","0.01","0.01","0.01","0.175","0.13774193548387098","0.7847826086956522","0.3288135593220339","0.7483050847457627","0.505"
"2","0.8990588235294118","0.7049411764705882","0.9534117647058823","0.9495294117647058","0.01","0.01","0.01","1.01","0.01","0.01","0.01","0.175","0.13774193548387098","0.7847826086956522","0.3288135593220339","0.7483050847457627","0.505"
"4","0.1148235294117647","0.45647058823529413","0.8408235294117647","0.6117647058823529","0.01","0.01","1.01","0.01","0.01","0.01","0.01","0.175","0.13774193548387098","0.7847826086956522","0.3288135593220339","0.7483050847457627","0.505"
"1","0.2351764705882353","0.7592941176470588","0.9145882352941176","0.918470588235294","0.01","0.01","0.01","0.01","0.01","0.01","1.01","0.175","0.13774193548387098","0.7847826086956522","0.3288135593220339","0.7483050847457627","0.505"
"5","0.025529411764705884","0.9767058823529412","0.02164705882352941","0.3982352941176471","0.01","0.01","0.01","0.01","0.01","0.01","1.01","0.175","0.13774193548387098","0.7847826086956522","0.3288135593220339","0.7650847457627118","0.505"
"1","0.05658823529411765","0.6855294117647059","0.17305882352941176","0.860235294117647","1.01","0.01","0.01","0.01","0.01","0.01","0.01","0.175","0.13774193548387098","0.7847826086956522","0.3288135593220339","0.7650847457627118","0.505"
"9","0.6583529411764706","0.3710588235294118","0.49917647058823533","0.08764705882352941","0.01","1.01","0.01","0.01","0.01","0.01","0.01","0.175","0.13774193548387098","0.7847826086956522","0.3288135593220339","0.7650847457627118","0.505"
"1","0.2934117647058823","0.6855294117647059","0.4254117647058824","0.4603529411764706","0.01","0.01","1.01","0.01","0.01","0.01","0.01","0.175","0.13774193548387098","0.7847826086956522","0.3288135593220339","0.7650847457627118","0.505"
"8","0.45647058823529413","0.01776470588235294","0.8874117647058823","0.1847058823529412","0.01","0.01","0.01","0.01","0.01","1.01","0.01","0.175","0.13774193548387098","0.7847826086956522","0.3288135593220339","0.7650847457627118","0.505"
"1","0.868","0.13811764705882354","0.16917647058823532","0.1458823529411765","0.01","0.01","1.01","0.01","0.01","0.01","0.01","0.175","0.13774193548387098","0.7847826086956522","0.3288135593220339","0.7818644067796611","0.505"
"6","0.8990588235294118","0.025529411764705884","0.28952941176470587","0.7748235294117647","0.01","0.01","1.01","0.01","0.01","0.01","0.01","0.175","0.13774193548387098","0.7847826086956522","0.3288135593220339","0.7818644067796611","0.505"
"1","0.18858823529411764","0.6777647058823529","0.01","0.10705882352941176","0.01","0.01","0.01","0.01","0.01","0.01","1.01","0.175","0.13774193548387098","0.7847826086956522","0.3288135593220339","0.7818644067796611","0.505"
"9","0.8835294117647059","0.6505882352941177","0.8175294117647058","0.20023529411764707","0.01","1.01","0.01","0.01","0.01","0.01","0.01","0.175","0.13774193548387098","0.7847826086956522","0.3288135593220339","0.7818644067796611","0.505"
"3","0.7670588235294117","0.45647058823529413","0.4137647058823529","0.9262352941176472","0.01","0.01","1.01","0.01","0.01","0.01","0.01","0.175","0.13774193548387098","0.7847826086956522","0.3288135593220339","0.7818644067796611","0.505"
"2","0.802","0.8757647058823529","0.1303529411764706","0.4758823529411765","0.01","0.01","0.01","1.01","0.01","0.01","0.01","0.175","0.13774193548387098","0.7847826086956522","0.3288135593220339","0.7818644067796611","0.505"
"4","0.5845882352941177","0.49917647058823533","0.5302352941176471","0.9378823529411765","0.01","0.01","0.01","0.01","1.01","0.01","0.01","0.175","0.13774193548387098","0.7847826086956522","0.3288135593220339","0.7986440677966101","0.505"
"3","0.4098823529411765","0.7049411764705882","0.2972941176470589","0.1264705882352941","0.01","0.01","0.01","1.01","0.01","0.01","0.01","0.175","0.13774193548387098","0.7847826086956522","0.3288135593220339","0.7986440677966101","0.505"
"1","0.9223529411764705","0.07988235294117646","0.4603529411764706","0.7049411764705882","1.01","0.01","0.01","0.01","0.01","0.01","0.01","0.175","0.13774193548387098","0.7847826086956522","0.3288135593220339","0.7986440677966101","0.505"
"5","0.8330588235294119","0.9805882352941176","0.934","0.7631764705882352","0.01","0.01","1.01","0.01","0.01","0.01","0.01","0.175","0.13774193548387098","0.7847826086956522","0.3288135593220339","0.7986440677966101","0.505"
"8","0.3904705882352941","0.6350588235294118","0.860235294117647","0.7748235294117647","0.01","0.01","0.01","0.01","0.01","1.01","0.01","0.175","0.13774193548387098","0.7847826086956522","0.3288135593220339","0.7986440677966101","0.505"
"8","0.7787058823529412","0.8447058823529412","0.6855294117647059","0.0371764705882353","0.01","0.01","0.01","0.01","0.01","0.01","1.01","0.175","0.13774193548387098","0.7847826086956522","0.3288135593220339","0.7986440677966101","0.505"
"6","0.7981176470588235","0.3632941176470588","0.47200000000000003","0.918470588235294","0.01","0.01","0.01","1.01","0.01","0.01","0.01","0.175","0.13774193548387098","0.7847826086956522","0.3288135593220339","0.8154237288135594","0.505"
"4","0.1458823529411765","0.464235294117647","0.05658823529411765","0.1458823529411765","0.01","0.01","1.01","0.01","0.01","0.01","0.01","0.175","0.13774193548387098","0.7847826086956522","0.3288135593220339","0.8154237288135594","0.505"
"4","0.4409411764705882","0.6350588235294118","0.7398823529411765","0.5612941176470588","0.01","0.01","0.01","0.01","1.01","0.01","0.01","0.175","0.13774193548387098","0.7847826086956522","0.3288135593220339","0.8154237288135594","0.505"
"7","0.3361176470588235","0.8874117647058823","0.10317647058823529","0.5030588235294118","0.01","0.01","0.01","0.01","0.01","1.01","0.01","0.175","0.13774193548387098","0.7847826086956522","0.3288135593220339","0.8154237288135594","0.505"
"4","0.09541176470588235","0.7204705882352941","0.11870588235294117","0.9068235294117647","1.01","0.01","0.01","0.01","0.01","0.01","0.01","0.175","0.13774193548387098","0.7847826086956522","0.3288135593220339","0.8154237288135594","0.505"
"3","0.9456470588235294","0.3865882352941176","0.6661176470588235","0.6078823529411764","0.01","0.01","0.01","0.01","0.01","1.01","0.01","0.175","0.13774193548387098","0.7847826086956522","0.3288135593220339","0.8154237288135594","0.505"
"4","0.6428235294117647","0.5030588235294118","0.281764705882353","0.3749411764705883","0.01","0.01","0.01","0.01","1.01","0.01","0.01","0.175","0.13774193548387098","0.7847826086956522","0.3288135593220339","0.8322033898305085","0.505"
"8","0.45647058823529413","0.5807058823529412","0.025529411764705884","0.604","0.01","0.01","0.01","0.01","0.01","1.01","0.01","0.175","0.13774193548387098","0.7847826086956522","0.3288135593220339","0.8322033898305085","0.505"
"5","0.6894117647058824","0.6350588235294118","0.7787058823529412","0.3322352941176471","0.01","0.01","0.01","0.01","0.01","1.01","0.01","0.175","0.13774193548387098","0.7847826086956522","0.3288135593220339","0.8322033898305085","0.505"
"8","0.17305882352941176","0.6195294117647059","0.4021176470588235","0.9107058823529411","0.01","0.01","0.01","0.01","1.01","0.01","0.01","0.175","0.13774193548387098","0.7847826086956522","0.3288135593220339","0.8322033898305085","0.505"
